-10 13 39 12 21 9 19 15 5 2 5 5 23 11 16 16 39 4 10 8 47 7 38 
0 25 17 26 29 
0 28 30 12 13 13 32 16 38 30 9 
0 8 1 9 17 22 38 12 41 23 41 10 42 6 39 17 19 24 31 19 19 16 17 26 15 4 32 
0 6 25 5 33 17 9 11 41 30 29 29 27 16 17 
0 14 22 8 30 22 32 12 25 28 1 
0 17 34 30 49 16 35 27 7 7 17 19 35 18 21 24 20 15 37 26 10 10 47 21 26 22 6 
0 25 41 24 19 16 42 22 11 11 3 28 23 30 17 27 18 9 37 26 33 13 30 23 22 18 37 
0 19 39 21 21 9 9 
0 10 30 24 28 20 29 27 47 30 25 14 10 
0 29 47 19 41 13 31 12 31 30 34 25 20 
0 20 25 28 21 17 38 26 47 14 50 24 22 29 25 19 36 21 4 16 22 22 5 
0 22 27 24 41 25 25 27 4 13 15 26 42 
0 22 46 
0 29 9 16 19 22 49 15 16 
0 17 44 16 11 27 25 21 17 24 37 18 46 29 47 25 25 23 8 20 6 22 1 30 37 28 45 
0 22 5 23 49 26 21 27 35 25 12 28 37 18 37 20 49 24 20 30 10 
0 25 35 
0 26 14 
0 30 39 34 8 
0 33 50 35 42 25 24 23 15 36 11 27 39 26 14 28 46 
0 25 33 33 21 38 27 36 41 26 38 
0 31 21 24 6 38 32 23 16 
0 31 5 28 37 36 38 32 10 27 30 34 21 
0 37 43 31 24 25 4 34 33 36 5 29 22 27 31 35 33 28 42 
0 26 29 34 26 36 45 29 31 38 28 27 6 28 23 
0 33 25 30 13 29 37 34 7 
0 30 37 36 5 31 9 32 36 37 18 29 49 33 48 35 47 
0 37 21 38 11 35 26 29 4 31 29 33 23 32 28 
0 32 19 34 4 37 24 30 8 38 21 31 2 
0 32 27 38 4 37 8 34 20 31 17 39 8 36 18 33 27 
0 36 43 43 3 35 8 50 36 37 16 33 11 47 24 34 9 42 13 54 22 48 49 39 3 
0 33 31 49 32 39 16 50 46 54 13 37 20 52 35 
0 45 43 46 45 43 41 51 28 52 20 35 14 54 33 50 22 39 3 38 5 
0 49 2 
0 46 15 49 42 41 31 53 17 50 50 47 37 37 8 38 41 40 13 36 15 
0 46 19 41 22 37 19 
0 48 19 45 29 
0 41 26 54 13 45 45 39 22 50 20 53 1 43 25 40 30 52 34 48 44 44 21 42 11 
0 50 41 46 23 51 7 49 31 
0 59 2 52 40 56 10 42 22 70 33 45 35 50 41 66 3 48 34 65 35 58 25 41 43 43 8 68 28 49 26 
0 45 36 61 36 50 43 59 5 
0 48 47 
0 52 21 48 36 65 37 55 9 67 25 45 1 51 29 63 15 58 6 66 48 47 20 
0 48 16 65 31 47 19 56 43 71 5 70 33 58 2 50 4 60 26 61 42 49 21 69 18 55 46 53 23 66 10 
0 61 2 62 30 47 27 55 33 56 24 65 33 54 48 
0 50 20 61 48 51 37 64 8 56 19 60 26 59 37 47 42 54 32 69 9 53 43 70 44 71 50 62 44 65 33 63 48 57 7 
0 69 38 61 30 66 32 53 20 49 24 58 50 57 39 56 42 71 8 48 31 54 7 
0 60 16 56 35 66 16 69 39 57 3 59 13 70 46 53 41 
0 52 31 63 49 68 1 50 23 56 17 55 32 66 12 51 30 61 27 
0 56 41 64 43 55 15 
0 66 5 
0 65 4 56 25 
0 56 47 67 45 63 31 64 20 55 44 68 34 70 49 61 22 58 24 66 40 
0 70 46 64 43 65 6 61 9 62 18 58 39 71 32 
0 60 27 76 47 56 6 
0 60 46 58 22 
0 80 23 
0 64 45 61 13 
0 62 20 61 6 78 31 72 19 63 50 60 39 69 6 68 9 66 38 79 8 
0 62 38 64 9 76 46 65 28 73 24 
0 77 31 69 37 81 26 75 1 80 4 78 36 71 37 67 30 73 5 70 45 
0 81 35 78 2 71 33 69 36 70 4 80 42 72 50 66 18 
0 76 46 74 2 67 10 70 15 81 23 64 22 79 25 68 44 
0 77 11 71 19 80 25 69 26 74 42 
0 70 27 77 23 68 18 80 36 75 3 66 22 74 30 78 32 71 17 81 15 
0 75 13 73 17 77 31 70 32 81 29 
0 79 37 77 14 71 31 69 6 70 10 80 11 72 21 75 26 
0 78 7 
0 78 50 76 28 71 12 80 25 
0 78 32 79 31 77 21 75 33 72 7 73 7 
0 77 39 79 32 75 47 
0 81 24 93 14 83 30 94 33 73 28 77 50 89 35 
0 74 8 84 19 75 38 86 39 82 10 77 32 89 45 94 45 79 12 76 50 90 1 
0 85 3 77 48 87 34 
0 76 23 95 39 88 50 93 26 86 8 78 25 87 38 82 9 94 31 
0 81 7 90 25 87 4 86 12 82 47 79 27 
0 81 4 86 31 82 3 87 36 90 41 84 50 95 6 88 22 89 48 78 47 93 4 92 36 
0 91 34 88 31 83 9 93 8 81 35 79 32 90 3 89 16 94 33 92 31 87 45 80 42 82 9 86 17 
0 89 20 94 17 
0 93 11 85 3 87 37 95 8 94 17 83 16 91 42 92 35 88 31 89 50 84 19 81 44 86 23 
0 92 33 85 20 84 38 89 25 82 12 88 38 83 18 87 33 90 14 86 1 91 22 93 38 94 33 
0 83 13 87 46 
0 87 15 91 45 96 4 
0 86 35 
0 86 37 
0 98 14 96 14 89 36 
0 91 46 
0 97 31 92 43 
0 97 45 
0 93 39 
0 95 42 94 50 
0 95 48 
0 95 12 98 16 94 25 
0 98 20 
0 96 48 97 43 
0 97 37 
0 99 26 
0 99 19 
2
