-10 6 33 2 38 4 5 8 39 
0 9 30 7 28 8 33 5 4 14 16 6 21 
0 11 42 6 6 14 35 7 25 
0 14 12 4 17 6 41 11 47 15 26 
0 12 8 7 31 5 48 9 8 6 36 13 42 
0 10 26 7 46 
0 13 22 14 37 15 9 9 34 7 49 12 38 
0 14 24 10 47 8 32 13 14 12 40 
0 10 35 9 32 11 44 
0 11 37 18 31 19 39 10 8 12 38 23 16 22 17 13 48 
0 24 25 14 49 11 11 18 16 16 46 17 39 
0 20 42 14 7 15 29 
0 20 21 19 36 24 23 14 1 21 25 17 30 23 19 22 8 
0 21 49 24 5 20 32 
0 22 49 
0 19 4 22 28 20 49 16 21 23 24 18 45 24 20 17 8 21 35 
0 27 34 
0 27 5 25 13 26 44 28 9 20 34 
0 21 24 25 45 20 30 
0 29 45 
0 22 10 28 11 
0 22 14 28 33 27 22 25 48 
0 28 6 
0 28 36 
0 25 9 27 50 
0 36 48 32 47 30 40 31 25 34 45 37 19 26 23 33 10 27 2 
0 31 20 36 33 30 16 
0 36 3 
0 36 49 35 38 38 19 30 10 34 9 31 41 32 14 33 44 
0 32 11 31 48 35 3 
0 42 44 45 10 44 36 38 28 39 49 32 39 41 49 34 28 37 41 
0 43 46 40 26 38 40 
0 44 18 38 12 34 29 33 13 41 1 
0 40 16 36 21 39 6 48 41 44 24 34 16 45 5 47 24 
0 35 1 45 9 46 37 40 5 43 13 48 23 41 45 42 18 47 6 
0 40 12 45 29 43 25 37 24 38 48 
0 37 36 38 47 
0 38 32 46 37 43 30 41 12 48 14 39 31 47 44 44 39 42 37 40 16 
0 46 45 44 41 39 46 43 24 45 5 42 40 40 3 48 18 41 44 
0 47 24 
0 43 40 
0 49 35 
0 49 11 
0 47 44 
0 47 18 
0 47 31 
0 49 32 
0 49 2 
0 49 4 
7
