-10 14 27 15 7 9 17 12 27 5 3 11 27 13 44 7 14 8 6 16 11 10 20 1 13 4 1 3 12 2 33 6 2 
0 12 48 22 29 9 33 17 12 36 3 7 42 2 47 34 39 19 24 30 46 14 18 13 27 29 45 4 19 32 38 3 46 20 43 
0 25 45 11 30 
0 13 26 14 35 34 16 26 1 5 20 4 18 22 45 
0 13 14 6 6 30 46 
0 19 15 27 16 21 47 26 16 32 1 18 29 35 43 38 6 33 42 24 21 6 41 23 1 10 6 30 8 8 22 37 7 12 46 20 11 16 30 15 29 
0 22 36 37 35 34 49 18 3 29 25 27 33 32 27 35 19 23 17 14 40 12 31 24 12 17 32 
0 28 47 11 7 37 10 15 23 33 20 17 47 26 23 31 7 22 34 23 45 27 16 20 25 13 12 14 44 10 5 16 38 34 44 18 20 29 39 
0 30 24 24 18 36 3 38 14 12 1 10 14 31 28 28 21 34 29 11 8 33 47 22 30 20 34 19 42 9 46 
0 12 20 
0 36 49 30 48 25 29 38 32 27 20 20 17 26 9 
0 22 29 17 43 35 41 33 4 32 36 34 21 26 20 29 6 27 36 
0 21 15 35 40 38 17 36 27 30 7 13 32 16 15 17 8 24 26 22 41 34 30 37 9 19 28 28 33 23 8 27 6 33 16 
0 31 49 15 32 22 36 33 9 29 10 14 49 17 12 18 32 28 49 27 43 
0 38 37 23 12 
0 36 28 16 14 38 33 37 11 29 19 33 11 17 40 18 39 30 40 25 30 
0 33 45 35 3 24 9 34 2 37 15 26 27 22 40 18 7 32 44 31 17 21 1 27 13 30 41 
0 25 17 29 16 66 9 53 20 46 4 41 6 67 15 36 48 44 45 18 50 60 22 58 39 43 13 
0 27 9 54 15 30 39 44 25 19 39 69 20 24 46 43 24 51 24 33 50 62 38 70 17 47 37 63 11 60 27 59 8 37 39 23 2 36 11 64 50 68 4 50 50 26 38 
0 20 48 43 22 48 16 35 5 33 34 28 22 69 5 36 15 57 1 37 34 50 39 52 25 68 35 63 41 24 19 45 8 22 9 
0 28 30 33 13 24 10 49 5 46 29 32 32 62 13 26 31 70 7 
0 43 1 
0 38 21 54 44 42 7 64 26 28 36 32 39 45 7 59 27 67 49 
0 51 42 52 24 56 1 35 33 30 33 34 50 69 10 33 10 54 49 37 32 68 9 29 26 64 2 50 41 27 42 67 36 48 25 31 35 46 37 49 14 38 26 60 13 43 39 65 43 42 13 28 21 24 40 47 49 32 30 40 18 39 14 70 46 
0 28 28 55 45 47 9 70 38 43 2 51 42 27 46 59 29 38 17 68 38 34 12 62 45 49 28 58 37 60 10 33 1 35 34 32 45 45 41 31 46 65 32 50 5 61 43 53 14 64 29 67 10 66 16 42 33 46 41 
0 47 41 35 20 37 11 54 23 44 49 69 47 42 41 30 21 50 45 41 27 43 12 48 47 26 38 61 29 40 17 46 12 49 24 60 45 65 41 34 42 56 18 51 48 57 15 39 48 53 50 68 16 66 12 
0 60 6 28 27 54 35 
0 52 42 44 19 34 10 68 23 67 29 50 5 55 37 30 44 61 24 28 35 53 30 38 37 36 28 57 7 63 34 70 13 40 29 41 18 65 16 62 1 48 49 58 40 47 22 29 3 37 33 56 48 31 20 43 2 46 3 32 28 45 42 64 27 
0 41 24 54 18 68 35 34 6 59 5 70 38 45 45 31 43 69 18 66 14 53 13 50 1 
0 45 28 53 24 54 28 52 25 40 28 68 38 
0 60 27 32 18 43 42 65 11 58 8 40 17 67 1 42 45 56 19 48 23 50 41 54 3 59 39 47 40 62 30 63 14 46 44 61 34 57 50 53 2 
0 57 32 70 20 38 15 68 32 67 21 42 1 63 10 
0 43 11 45 20 42 14 41 26 57 31 70 50 69 29 50 12 63 3 60 1 62 27 54 20 67 8 65 12 33 4 53 7 55 39 68 23 35 1 37 39 49 48 34 24 44 49 52 14 38 21 48 14 39 30 64 15 
0 66 5 43 32 54 14 37 22 49 9 44 13 57 40 38 10 41 41 39 14 
0 65 23 36 50 64 7 40 46 42 21 61 42 49 24 62 47 57 22 67 39 52 17 51 44 48 29 53 32 47 4 63 20 38 30 70 14 
0 47 30 
0 66 40 62 35 47 27 49 26 39 40 69 24 68 32 53 36 55 24 65 46 70 16 43 34 64 18 42 39 63 16 57 1 58 48 45 44 37 4 44 30 61 39 60 13 40 46 50 23 
0 61 26 63 18 49 21 64 10 62 1 60 1 47 16 56 3 67 47 65 25 38 10 44 19 59 33 55 38 57 6 68 43 54 17 48 18 39 6 40 2 53 17 50 45 42 44 43 48 69 4 45 47 52 29 51 46 
0 39 7 51 4 41 29 62 27 54 1 66 29 64 15 50 44 40 24 42 11 70 30 43 7 44 15 53 29 68 33 49 28 60 13 69 6 67 40 58 35 59 21 61 29 63 30 45 7 46 49 
0 68 14 76 16 89 29 63 3 40 19 78 48 53 30 54 29 88 12 51 3 61 2 55 22 71 30 47 38 
0 72 24 
0 89 34 77 45 54 13 90 21 74 33 61 29 53 9 50 50 51 3 52 13 75 34 83 14 60 30 78 5 46 6 45 40 84 50 43 6 91 24 81 32 85 18 
0 59 26 68 23 50 47 80 49 47 18 
0 69 38 51 34 90 28 86 50 52 34 77 21 50 1 59 30 84 39 91 30 83 25 61 16 63 23 87 5 82 4 89 11 58 33 88 6 
0 90 25 66 7 53 46 86 42 65 44 71 25 70 24 87 50 54 12 81 43 76 26 
0 86 27 57 8 90 32 78 34 72 41 70 46 48 39 88 16 73 13 51 24 60 29 63 45 68 22 
0 80 49 65 18 67 45 86 44 54 25 58 28 61 32 60 42 47 6 74 4 69 22 78 22 76 7 72 44 87 35 66 42 51 24 88 9 90 35 56 16 83 21 
0 70 49 89 37 50 18 91 17 75 11 57 47 64 18 65 16 55 14 84 7 90 21 86 3 59 25 73 34 67 41 63 10 56 5 79 31 
0 82 29 51 9 49 29 90 34 77 34 71 9 74 4 64 29 83 19 58 14 69 15 68 26 81 46 80 44 73 37 86 12 87 26 76 24 
0 79 7 59 40 50 20 88 41 54 43 71 8 80 50 90 13 56 28 75 9 76 37 63 9 62 5 60 28 
0 66 35 55 34 81 15 79 9 54 22 72 49 91 31 85 47 62 21 65 32 57 17 61 1 88 45 87 25 70 2 53 39 89 29 82 47 67 38 58 2 90 36 
0 86 17 61 13 90 33 73 6 56 6 91 11 83 40 53 35 67 30 77 40 70 16 
0 76 7 69 35 83 33 54 30 71 12 82 49 56 43 65 50 60 33 55 2 90 3 53 10 58 18 66 37 73 5 61 49 78 28 86 42 62 12 72 39 
0 70 48 69 22 62 6 77 26 66 3 91 49 55 9 79 36 56 33 90 14 81 6 63 48 67 14 88 30 64 2 71 43 58 8 54 15 76 43 78 26 57 27 
0 76 30 69 33 88 36 56 22 75 2 81 3 87 47 85 20 91 39 74 10 71 20 90 3 
0 67 30 87 48 82 30 68 17 74 26 73 6 75 34 64 30 88 27 61 18 85 44 70 12 60 42 91 11 65 39 81 25 57 42 86 35 78 38 71 13 
0 90 46 64 22 79 35 73 2 86 24 76 45 84 30 61 8 74 46 78 29 57 39 58 46 80 33 70 13 68 8 77 5 69 15 85 8 87 44 71 20 
0 70 41 
0 82 41 87 20 64 45 68 12 62 23 89 6 70 12 
0 60 44 64 27 73 15 89 23 68 44 83 33 91 26 78 33 74 11 72 45 84 19 75 49 87 46 69 12 
0 88 21 79 7 67 22 70 18 91 20 71 22 81 46 
0 78 24 84 17 81 1 65 44 89 4 86 49 79 10 67 10 62 12 72 23 76 18 73 25 74 27 69 41 85 44 77 15 88 14 
0 65 12 71 40 73 2 74 24 87 50 68 20 89 9 66 22 78 22 70 34 63 29 84 27 67 44 80 46 83 45 64 28 76 37 90 36 
0 81 5 87 39 65 44 83 20 67 41 86 50 75 30 77 24 64 22 78 18 71 9 76 13 85 24 80 31 79 19 68 14 91 22 
0 78 22 88 1 72 19 76 44 68 45 70 23 83 10 67 43 79 10 91 39 80 37 
0 84 11 66 42 87 46 73 38 77 19 78 7 90 43 67 4 76 11 74 25 70 8 91 2 89 22 88 48 85 39 83 41 82 25 69 43 80 50 81 17 
0 80 18 79 10 81 36 78 30 84 19 77 36 88 35 82 41 68 28 83 36 76 22 87 17 75 6 69 11 73 40 89 11 85 14 71 36 
0 71 16 83 19 87 19 88 49 70 45 74 21 75 28 77 9 78 40 68 2 86 20 82 12 
0 90 33 84 42 83 6 88 35 79 47 91 21 76 35 82 41 73 36 77 46 71 4 89 40 74 4 85 25 70 28 87 8 75 4 69 7 81 16 72 15 
0 71 3 
0 75 44 73 6 78 40 72 38 79 8 
0 73 43 
0 111 29 103 18 110 19 
0 110 36 81 48 87 33 98 39 85 21 92 31 111 14 102 7 82 19 83 4 91 46 108 40 97 50 93 32 80 6 103 16 
0 87 23 93 21 101 43 81 9 100 32 
0 100 2 90 3 83 33 77 9 106 25 112 31 
0 87 12 79 36 
0 84 32 110 44 80 18 88 21 86 18 109 13 100 6 108 22 96 22 
0 99 48 82 43 109 46 111 42 97 20 104 17 101 29 98 48 110 46 79 8 100 13 91 4 85 18 106 20 
0 95 7 84 17 88 8 80 21 97 24 89 37 105 40 96 19 81 50 86 27 98 47 102 50 99 40 103 19 111 28 104 4 112 28 
0 93 44 94 32 85 33 112 40 
0 83 11 97 9 108 2 92 37 102 46 93 28 106 6 82 10 86 25 112 28 91 26 87 48 84 39 
0 105 8 
0 84 18 
0 91 26 86 45 92 45 105 45 107 31 112 49 100 20 101 5 103 29 
0 102 26 112 44 93 3 109 1 96 18 86 48 87 40 103 12 105 3 104 21 108 13 91 16 106 13 95 39 
0 93 32 89 14 94 26 107 19 
0 89 8 92 50 108 22 91 33 104 46 93 8 90 23 106 41 109 36 98 49 101 34 99 47 96 48 94 25 100 11 111 8 95 28 102 26 112 34 
0 110 13 94 2 109 27 104 35 111 38 98 22 106 30 90 44 
0 90 21 
0 94 46 93 24 91 46 105 49 97 34 103 44 109 36 102 19 107 35 
0 94 34 92 12 106 8 104 27 100 40 105 12 93 45 109 6 99 14 97 18 95 2 110 34 96 35 112 8 103 35 101 11 
0 128 22 98 6 120 27 113 5 103 44 130 45 131 11 125 21 114 41 122 19 124 7 
0 111 50 98 42 139 3 133 9 134 40 126 31 127 28 109 4 96 16 132 38 105 3 103 24 135 22 102 9 120 49 
0 121 9 117 24 113 1 104 39 122 45 108 22 103 46 131 48 97 5 109 48 106 1 107 14 119 43 111 46 96 24 124 47 98 43 126 24 105 13 137 23 118 1 101 26 128 13 140 26 110 10 99 5 100 30 
0 132 13 122 12 127 12 124 18 107 38 114 7 134 44 140 24 104 28 103 43 137 13 98 1 112 30 115 50 129 20 139 47 
0 100 35 116 3 140 28 128 49 138 44 117 38 104 2 
0 101 14 106 41 102 50 103 39 128 8 114 27 113 23 117 36 121 16 138 16 100 48 137 10 124 21 122 16 109 28 132 37 140 47 134 14 133 12 112 17 
0 135 35 133 32 132 12 103 11 139 11 105 48 131 36 114 19 113 4 
0 104 49 113 7 129 29 121 30 119 13 122 27 110 6 140 32 139 45 106 11 118 45 109 41 130 14 120 5 103 10 112 18 124 30 102 8 
0 110 40 140 42 133 6 122 17 115 2 132 1 127 12 128 8 102 47 111 12 101 41 112 5 109 18 
0 116 7 138 15 123 41 113 21 135 21 131 25 129 30 140 31 124 9 127 44 112 34 125 38 105 48 122 41 
0 120 10 132 26 129 26 116 49 122 21 119 14 115 34 123 42 125 47 131 22 112 2 136 18 110 11 138 18 140 45 133 2 108 3 114 12 
0 125 14 140 9 128 48 108 34 134 29 116 45 129 13 114 20 132 11 124 43 115 48 139 34 133 42 135 20 122 39 130 46 120 50 127 44 109 3 119 25 137 12 123 38 105 42 117 9 106 6 113 24 138 45 
0 125 50 124 49 114 13 132 2 127 21 138 50 115 32 107 28 121 19 135 37 131 42 126 7 
0 132 26 109 23 136 12 108 18 110 6 117 6 113 48 111 8 
0 121 36 118 33 132 21 123 48 116 40 140 1 125 44 114 17 122 27 139 19 124 18 
0 135 25 127 39 138 9 128 36 109 3 112 16 132 4 117 47 139 13 120 2 125 34 115 16 116 35 134 50 108 25 133 10 118 45 119 49 136 18 121 2 113 1 
0 140 14 126 2 123 31 130 14 
0 121 15 119 15 111 6 140 2 116 19 135 16 137 45 110 22 115 20 120 35 118 40 113 28 117 30 131 22 122 9 125 33 132 23 114 50 138 4 128 16 136 8 130 26 123 1 129 18 
0 126 24 114 11 135 31 116 6 118 4 136 17 132 38 137 27 131 36 138 48 127 19 117 46 140 35 112 8 121 9 119 16 122 12 120 38 133 26 125 49 129 47 130 6 115 49 
0 120 32 139 2 
0 129 26 137 34 138 17 127 19 130 10 139 21 116 2 135 23 140 23 125 34 113 26 117 3 120 46 115 45 
0 128 22 157 28 117 33 119 48 130 30 145 41 121 15 161 26 
0 161 49 121 29 125 35 116 27 152 34 122 3 139 1 117 1 132 30 145 13 140 19 151 39 
0 158 5 131 21 159 47 124 2 147 33 119 16 148 25 130 32 161 33 137 49 128 10 142 17 118 13 135 29 140 4 
0 142 24 149 23 125 30 121 28 161 17 147 41 133 20 126 44 123 47 134 50 129 34 127 21 145 10 148 2 160 38 153 9 140 33 143 43 137 10 141 22 
0 125 41 156 11 155 20 153 45 121 17 149 45 128 1 133 44 141 15 129 42 135 25 143 8 120 1 
0 120 3 126 36 148 36 153 44 139 25 130 39 161 12 132 27 158 8 124 33 155 17 125 49 119 40 151 34 123 10 145 45 157 21 154 26 121 5 144 38 146 42 
0 143 47 128 48 130 30 129 48 137 41 122 28 127 22 142 43 141 31 133 47 158 18 156 12 155 40 134 3 152 26 160 37 126 38 
0 142 28 137 13 158 45 149 40 156 19 122 34 143 6 134 18 147 20 131 31 123 12 121 37 144 26 148 21 145 28 152 31 155 42 151 38 132 7 129 27 
0 134 46 141 45 145 17 148 15 159 15 144 14 131 45 137 1 136 14 132 15 151 34 128 37 156 43 161 23 133 18 127 22 147 33 160 39 129 8 152 45 
0 128 11 146 48 139 11 152 41 125 17 130 2 161 35 157 7 127 33 
0 150 3 152 20 153 19 128 22 
0 125 18 160 39 129 28 149 27 
0 152 17 137 45 138 11 132 49 141 37 144 24 150 10 147 15 160 39 157 33 139 16 146 29 140 9 156 32 128 35 142 3 
0 138 17 161 37 128 46 152 4 137 8 151 48 129 43 140 10 
0 137 25 145 31 153 31 
0 147 14 158 31 153 27 131 33 133 32 160 12 156 46 140 4 148 47 
0 159 35 
0 144 37 134 36 132 11 135 7 131 32 141 37 159 14 151 4 138 12 156 23 153 36 158 42 145 27 140 41 
0 160 9 143 49 158 8 161 49 157 38 151 9 140 15 156 40 139 46 159 49 147 17 135 25 133 27 138 50 144 24 142 44 154 30 155 36 
0 160 33 137 12 149 7 148 38 140 12 156 19 145 11 
0 160 13 144 18 138 32 139 13 143 19 142 3 152 46 136 17 140 22 159 20 151 10 158 14 147 23 141 42 135 48 134 8 153 19 149 23 137 13 
0 144 42 160 28 150 42 151 29 139 49 161 1 154 14 137 16 138 16 136 36 
0 139 4 136 37 154 37 137 20 147 35 145 34 143 49 142 47 156 3 160 42 158 40 149 36 141 17 153 11 140 8 155 17 150 27 159 25 
0 154 21 155 20 146 37 151 49 149 26 153 4 148 7 144 33 159 20 138 36 145 30 150 26 140 4 157 26 160 15 141 35 139 43 161 3 
0 145 19 161 29 138 27 149 49 153 2 144 11 
0 160 36 149 36 142 43 147 5 151 33 150 13 148 30 146 23 145 6 153 32 152 42 154 41 155 26 159 8 156 3 
0 156 25 150 16 153 20 148 29 157 29 140 36 141 49 147 5 151 48 158 44 143 6 155 22 144 20 154 18 142 4 146 35 161 8 149 42 160 16 159 46 145 23 
0 146 43 143 32 142 19 141 47 160 6 
0 185 1 148 15 183 12 173 42 162 45 154 8 172 4 181 27 176 12 156 48 147 23 145 3 142 26 143 6 174 8 190 33 157 15 
0 174 47 165 50 182 31 146 23 153 50 173 20 188 18 
0 172 40 162 22 179 2 164 7 166 2 150 14 167 21 145 48 154 11 174 13 155 36 165 7 187 47 191 5 171 46 183 11 175 19 147 25 153 38 
0 170 7 
0 165 4 173 9 162 34 188 12 172 31 169 9 158 41 190 46 183 9 152 48 154 4 174 18 148 50 187 43 186 30 157 50 155 45 189 40 163 20 156 15 164 29 179 48 150 33 
0 162 28 156 11 180 25 170 27 160 19 185 20 183 33 188 38 175 19 173 5 
0 165 42 186 2 171 12 
0 177 44 156 35 159 2 154 7 175 23 158 11 153 27 
0 181 14 167 6 159 50 180 45 178 33 166 16 184 24 151 5 173 34 177 25 183 12 185 24 162 46 161 32 169 37 154 27 171 26 174 5 152 36 190 19 155 31 188 42 160 29 157 15 187 35 189 14 
0 191 12 160 18 167 33 183 22 155 15 164 25 163 43 
0 183 48 160 45 159 30 153 42 187 33 180 32 152 12 158 27 171 9 190 27 162 41 163 23 166 46 155 20 168 28 185 6 177 8 
0 189 11 188 5 183 38 
0 176 35 167 36 158 31 183 45 186 45 160 18 
0 164 39 
0 172 16 178 46 167 46 177 3 
0 181 9 162 20 184 46 158 20 164 26 173 46 182 26 187 39 171 31 174 35 170 13 179 43 169 48 166 39 186 46 175 14 163 44 
0 180 15 176 16 173 39 161 44 160 29 182 1 190 16 169 27 177 23 191 25 174 6 187 43 185 44 186 30 178 23 165 23 172 41 166 1 163 31 
0 161 9 173 11 179 23 167 10 188 30 191 12 172 39 181 32 182 6 175 26 185 43 171 36 190 9 183 26 166 41 176 8 168 43 164 14 186 5 180 46 163 22 178 39 187 30 189 26 169 49 159 23 
0 162 8 
0 166 39 180 48 171 45 165 6 185 27 191 22 176 15 187 42 181 42 189 50 184 9 169 23 168 32 173 22 177 5 
0 176 2 170 40 174 18 189 24 166 44 165 28 188 16 177 23 175 36 185 10 186 41 167 42 
0 215 47 185 43 170 35 195 2 222 11 178 38 188 50 202 40 199 19 
0 203 34 224 42 225 24 186 34 188 23 171 31 181 22 185 24 214 12 184 26 206 19 199 4 205 1 195 13 173 39 197 11 193 2 202 33 216 32 191 31 178 7 196 27 215 2 198 40 183 5 213 24 182 34 
0 173 37 208 35 170 2 168 28 205 16 191 39 194 30 224 43 185 18 
0 177 22 206 29 191 30 178 50 194 27 200 3 189 48 205 1 216 49 190 16 215 25 186 36 214 10 181 40 221 21 
0 192 3 187 45 215 46 218 7 186 23 221 50 223 39 
0 220 30 206 32 177 1 202 50 210 34 184 45 
0 211 3 200 11 209 33 220 10 184 30 182 23 169 31 225 17 179 37 176 19 185 29 177 37 189 23 190 36 203 33 183 6 172 41 213 48 201 13 170 10 212 26 219 47 198 4 214 35 192 39 175 30 
0 221 25 188 4 187 9 179 43 204 24 180 22 222 47 214 14 199 14 195 6 197 45 206 30 200 33 212 8 205 21 202 42 193 50 224 34 174 37 173 48 184 32 194 22 211 28 208 9 219 14 183 44 207 43 186 15 
0 179 39 184 38 217 23 215 32 183 47 185 26 216 36 188 45 177 1 190 38 198 40 178 43 180 37 204 2 221 43 202 41 208 36 200 18 187 46 194 12 171 47 205 20 193 10 175 5 201 39 196 25 173 47 224 41 225 13 172 40 218 23 211 44 210 41 220 1 
0 213 19 225 25 197 4 223 28 183 5 190 39 172 21 211 15 
0 180 1 174 39 199 42 183 17 189 13 211 33 193 46 209 33 221 44 178 30 203 44 213 12 
0 203 4 179 41 216 20 209 21 193 4 207 39 218 34 204 40 208 35 223 11 212 49 210 44 195 48 188 16 178 9 192 30 215 1 219 27 
0 203 14 223 31 180 30 183 47 204 12 217 34 181 39 192 12 195 25 193 15 201 50 205 12 177 23 176 18 207 21 221 4 191 28 198 44 218 16 214 22 200 2 224 5 219 39 179 16 
0 206 8 220 29 188 9 181 29 178 11 219 38 202 6 183 48 182 9 207 13 212 36 
0 224 42 222 26 195 46 202 21 180 15 208 12 218 12 183 29 207 36 216 50 200 26 220 2 179 30 
0 211 18 179 48 202 5 205 5 199 18 204 26 189 41 214 29 
0 188 21 192 15 225 13 206 4 211 5 217 46 184 13 204 45 218 25 183 27 197 6 223 37 190 28 203 42 182 19 
0 215 10 192 26 206 20 186 32 223 15 209 6 213 49 195 16 216 34 196 45 182 37 190 39 221 25 201 12 183 29 191 8 218 6 217 1 204 13 189 16 202 7 211 2 219 1 212 27 222 30 224 45 199 6 214 5 180 46 184 35 203 26 198 8 
0 204 9 214 6 216 2 207 13 196 28 205 30 220 11 223 20 217 21 209 31 213 47 211 32 188 1 189 16 212 47 193 11 203 25 191 34 201 35 199 7 184 50 219 33 208 10 194 35 186 43 202 8 215 29 225 50 200 25 221 29 190 32 210 23 
0 208 9 212 4 217 45 191 9 210 49 202 48 190 45 209 3 182 10 203 44 197 25 214 15 224 18 193 35 206 40 184 16 225 46 220 3 201 49 186 20 223 25 187 31 207 8 218 3 216 22 204 36 222 48 196 45 219 12 211 16 199 44 188 12 
0 187 37 184 14 204 4 195 18 208 22 183 34 212 33 207 50 210 17 214 36 192 45 213 50 
0 188 11 209 32 221 8 212 41 200 31 191 47 190 18 201 43 210 9 202 2 218 50 205 29 216 34 223 16 203 35 185 46 213 47 199 37 198 4 192 16 196 17 211 43 208 47 215 22 
0 185 6 209 43 224 35 206 45 194 28 
0 190 26 215 1 208 44 212 9 214 45 225 33 197 18 202 10 222 31 198 11 204 5 218 36 206 44 205 25 196 48 219 41 224 50 203 13 194 10 192 36 220 17 189 45 
0 211 50 187 28 197 21 210 13 188 45 224 1 200 40 214 1 194 29 201 47 219 46 218 30 217 19 220 26 204 18 216 24 203 26 192 30 213 33 196 12 189 48 209 41 207 1 
0 210 8 203 29 202 13 215 35 199 21 225 36 207 44 220 12 195 23 197 25 223 9 222 46 209 28 206 28 188 10 190 36 189 42 208 38 219 18 214 21 218 41 213 43 196 49 193 24 216 13 211 16 200 17 198 37 212 37 221 12 204 1 191 50 194 24 
0 219 42 204 6 192 30 201 40 207 30 203 14 202 22 191 27 218 45 215 10 209 33 193 46 212 46 225 9 189 7 194 12 206 6 200 29 196 44 224 3 221 38 
0 207 40 212 47 193 7 198 17 197 14 220 36 192 1 219 13 206 39 211 12 201 1 191 47 223 36 204 26 200 9 208 30 
0 220 15 217 4 225 24 206 45 205 45 216 26 218 33 192 42 214 41 223 13 200 40 210 11 221 36 191 27 215 45 201 29 204 45 203 36 212 35 193 40 194 10 222 28 199 2 209 10 224 8 
0 225 35 198 17 204 34 192 9 202 44 203 1 220 48 212 36 217 27 219 12 222 5 205 24 221 33 197 21 214 9 201 22 215 43 216 19 193 1 194 19 211 23 218 32 195 39 207 22 208 48 206 48 209 20 
0 200 13 214 28 245 45 243 1 
0 202 40 201 18 203 9 247 47 212 3 218 29 241 35 205 31 227 39 231 43 215 7 244 33 229 34 216 46 
0 202 14 242 18 247 33 216 48 208 22 245 27 201 41 218 23 219 44 207 23 215 41 198 47 234 33 
0 214 19 235 48 239 7 222 30 207 28 218 5 244 41 
0 201 13 238 35 245 43 223 50 218 34 200 3 224 29 213 19 227 27 241 11 229 27 222 5 204 5 244 49 240 7 234 27 209 26 239 8 219 3 199 45 211 19 
0 238 31 
0 215 35 210 10 219 3 238 29 227 7 245 4 
0 209 6 201 40 211 11 247 10 210 30 202 7 231 13 215 1 228 8 245 27 212 3 246 47 204 19 236 12 220 45 208 46 217 13 216 24 
0 226 19 215 4 229 6 216 28 236 11 210 6 244 12 231 28 205 8 212 2 223 17 203 28 
0 235 2 205 41 231 24 241 6 240 49 225 8 208 41 
0 219 4 220 19 204 10 212 4 215 20 217 9 225 41 243 12 237 39 222 33 232 33 
0 229 14 220 1 214 37 216 38 213 46 239 42 228 50 240 46 222 4 243 42 
0 241 33 245 31 223 41 233 43 206 26 231 8 238 9 226 36 239 45 210 39 247 33 212 34 242 13 209 9 228 16 221 18 236 8 225 48 216 43 229 19 240 8 
0 240 15 215 1 228 40 241 14 209 24 242 25 232 10 216 33 231 24 
0 242 16 227 43 224 39 221 35 247 14 241 13 214 11 239 16 215 8 240 8 223 40 229 47 210 42 
0 213 18 236 48 211 7 241 4 215 2 244 38 243 24 246 10 218 33 234 8 247 4 231 3 220 5 217 24 
0 211 30 223 13 212 10 236 39 
0 230 27 238 32 222 47 247 9 241 48 216 29 224 21 219 40 221 45 210 13 239 15 214 10 235 14 231 42 
0 242 18 230 21 219 50 236 30 234 49 233 9 226 9 229 36 221 29 224 29 220 7 225 36 247 3 214 6 215 24 218 5 217 42 211 31 212 13 237 42 
0 236 22 240 24 231 41 244 16 237 43 247 35 217 44 215 14 226 29 228 23 227 1 233 40 234 29 230 10 224 17 225 17 216 34 214 14 
0 221 7 247 4 220 20 214 47 222 12 235 39 240 47 233 8 246 9 241 5 217 15 226 31 238 29 239 6 243 49 225 1 223 24 244 36 232 28 218 21 219 48 
0 228 30 221 33 225 33 230 36 214 25 236 29 231 43 217 11 242 7 232 36 226 24 215 37 222 21 227 14 247 40 240 15 218 48 
0 228 28 220 49 226 3 237 1 229 22 
0 232 18 229 19 244 4 
0 235 24 229 48 246 26 240 41 236 22 219 40 228 21 
0 245 19 233 10 239 26 230 44 247 23 237 29 244 5 242 2 227 21 236 22 246 18 229 41 218 30 219 23 220 25 
0 238 3 235 28 239 4 227 49 230 17 243 20 232 32 
0 245 5 236 38 242 31 237 21 225 22 222 11 239 35 230 32 246 26 238 31 227 5 221 35 235 21 232 28 228 12 233 10 247 22 243 9 231 5 226 13 244 45 
0 243 10 238 9 226 10 239 23 230 8 232 40 223 1 233 3 221 25 224 24 244 28 242 42 246 14 229 1 236 45 231 25 245 5 225 2 240 19 
0 244 48 226 40 243 6 234 21 230 10 237 14 
0 232 30 237 46 
0 226 37 224 5 242 40 235 41 
0 229 11 240 9 236 15 246 30 227 26 247 48 231 14 232 6 225 34 234 39 242 49 230 9 238 40 233 8 235 7 239 39 245 31 237 44 
0 226 12 227 41 241 4 229 40 238 45 245 31 235 33 246 4 244 4 239 42 234 44 247 6 232 50 
0 258 30 266 10 237 40 257 39 248 48 
0 259 41 247 48 261 17 268 26 229 31 275 24 271 18 257 12 
0 263 39 240 42 258 8 256 16 239 39 238 3 253 40 272 28 270 46 254 6 274 27 251 47 
0 256 46 238 8 272 6 233 15 258 22 261 48 264 30 247 48 255 6 268 33 265 9 271 24 
0 253 3 267 49 232 38 239 25 272 30 240 28 268 17 236 25 250 30 269 14 273 42 257 50 252 15 249 49 233 34 263 46 242 7 245 38 259 17 255 7 237 12 244 4 260 12 241 9 238 32 235 29 258 24 248 2 
0 270 44 271 7 265 23 255 29 267 25 239 19 248 41 241 46 273 35 254 18 262 21 260 44 243 34 237 22 242 40 263 8 240 19 
0 267 48 263 28 233 34 269 37 253 15 268 16 259 10 239 25 238 32 237 45 243 21 
0 253 16 271 5 268 32 261 13 272 24 
0 273 7 247 9 260 39 241 18 237 7 254 42 258 1 264 46 243 35 265 21 271 34 249 12 261 50 275 18 268 2 235 21 266 39 262 16 274 12 263 34 236 37 239 21 269 24 240 21 272 10 267 28 244 24 245 4 
0 259 19 238 30 247 17 262 36 
0 248 33 244 23 239 36 260 30 265 31 249 5 242 15 254 50 238 49 272 41 273 19 266 24 262 14 255 41 267 42 268 27 250 12 256 42 269 11 246 42 241 21 275 19 274 47 271 15 247 28 237 34 
0 254 27 241 46 263 16 249 5 256 24 240 5 272 28 260 35 271 48 261 36 264 10 243 47 268 47 262 24 239 4 242 50 267 48 257 26 
0 260 8 270 39 255 8 254 36 273 22 258 14 261 25 257 27 249 46 242 7 243 3 275 37 263 16 245 9 268 41 267 40 246 25 
0 259 22 246 20 247 25 273 46 257 3 240 30 271 1 245 28 242 29 254 36 251 26 255 6 272 25 266 50 264 40 256 26 243 2 244 15 
0 272 15 
0 252 17 269 33 262 46 258 10 260 40 247 26 243 46 253 9 254 21 270 48 273 41 259 12 251 38 
0 274 11 268 33 275 30 259 7 243 19 265 6 253 39 269 2 256 29 270 21 254 5 263 21 244 49 248 32 271 40 264 31 252 20 267 26 257 30 
0 255 20 270 39 272 8 258 46 265 34 269 7 253 18 264 49 254 44 245 46 252 36 
0 262 42 256 27 251 41 265 19 268 14 248 44 270 2 257 43 271 43 
0 262 26 251 22 248 11 274 8 266 10 246 22 257 14 258 2 273 9 260 2 249 36 272 50 268 12 
0 270 22 262 42 260 41 267 45 255 25 251 23 263 3 269 37 256 33 254 22 273 41 249 1 265 49 247 11 
0 260 47 267 46 255 25 258 34 269 17 265 30 268 38 253 20 252 7 257 7 275 42 261 8 259 3 249 13 248 41 263 39 262 48 266 19 271 49 256 31 273 32 270 24 264 16 274 41 254 14 272 33 251 42 250 36 
0 270 5 297 21 298 21 249 46 290 5 295 11 306 34 266 41 256 49 301 35 303 10 
0 293 15 259 16 281 10 255 49 299 35 300 21 279 9 306 5 305 37 260 6 291 5 253 19 280 46 286 2 264 12 307 36 265 19 276 46 297 11 295 50 283 26 267 12 302 39 257 23 270 29 309 19 269 36 288 18 304 45 272 5 273 1 251 49 
0 285 37 
0 258 9 275 37 256 18 281 19 268 45 302 48 304 5 293 35 263 13 294 38 
0 263 41 258 34 301 20 289 17 285 49 292 36 302 20 275 26 290 2 269 36 293 39 273 17 256 26 272 13 
0 254 5 288 34 292 43 274 45 258 34 295 21 284 46 277 24 285 30 280 45 286 27 294 9 308 32 283 24 287 3 301 31 265 25 296 37 279 13 293 5 268 34 278 17 266 2 290 30 299 44 305 41 289 28 261 26 
0 265 16 264 50 307 34 273 20 282 1 298 25 267 7 304 39 268 21 274 17 266 50 291 6 261 5 279 16 259 10 288 25 285 27 295 30 272 33 301 29 
0 261 37 266 46 274 36 262 17 270 25 301 30 276 8 285 29 298 6 282 31 307 3 287 35 258 10 296 50 280 33 303 41 308 4 289 21 309 37 275 46 294 36 269 3 272 12 264 21 292 20 268 22 283 47 260 28 286 32 267 31 284 10 
0 274 47 308 32 294 4 286 10 272 19 279 16 296 24 301 21 280 28 295 31 305 33 289 24 266 23 259 8 263 38 282 23 306 15 261 27 304 27 269 1 270 28 309 21 
0 284 19 285 28 307 41 282 19 309 6 291 36 281 42 294 7 260 48 274 48 267 6 278 19 302 12 287 30 289 26 299 50 286 46 297 31 279 12 304 19 271 44 308 24 301 6 269 26 275 24 277 20 266 20 263 15 259 17 283 36 305 20 270 34 
0 300 8 264 26 294 33 284 33 309 14 260 41 
0 271 12 294 34 285 22 309 3 301 23 308 28 297 6 268 42 307 3 260 7 289 7 299 2 300 11 275 30 304 44 274 31 286 40 261 28 302 46 282 40 281 50 288 29 
0 307 32 305 30 300 22 266 44 295 46 287 41 271 28 296 30 304 20 270 47 281 21 285 12 268 7 274 20 303 5 267 18 280 18 301 18 261 32 292 24 286 14 269 38 283 36 262 5 282 23 264 19 276 24 309 3 
0 281 14 279 21 297 49 293 14 278 17 270 3 266 22 
0 277 49 280 45 308 46 288 25 
0 277 48 292 42 309 23 
0 289 45 283 13 302 19 
0 299 24 268 16 271 31 286 11 282 46 272 41 266 12 290 47 298 14 294 42 296 19 295 21 281 35 273 39 283 43 291 28 274 6 307 18 306 4 309 48 275 38 304 8 292 26 293 43 303 32 
0 306 29 309 10 297 28 281 13 300 17 303 38 268 14 275 27 301 39 274 24 271 23 285 30 278 12 291 25 273 31 284 12 270 35 307 7 294 6 272 29 298 27 299 48 290 29 302 4 280 38 279 15 289 47 267 38 286 31 288 27 293 31 
0 297 36 277 3 
0 286 11 271 3 269 10 275 7 303 14 285 35 307 47 273 25 280 34 284 29 292 17 301 24 305 47 283 38 290 2 287 43 281 8 299 44 278 18 
0 298 44 279 34 308 46 288 22 281 25 292 38 280 32 275 47 302 40 276 17 286 20 294 50 
0 298 49 296 49 302 6 278 32 287 9 272 26 279 1 280 14 304 17 294 26 293 50 305 21 309 40 
0 290 41 307 12 278 44 274 39 279 1 286 7 309 32 276 6 275 12 301 38 308 30 277 28 293 32 303 13 272 36 285 50 299 50 281 35 284 12 295 12 300 47 292 21 273 4 289 49 
0 281 44 296 14 276 45 297 38 303 48 294 38 
0 290 35 296 32 276 23 286 14 289 50 275 24 293 35 299 21 304 11 283 29 
0 283 8 308 16 305 5 284 44 298 34 280 28 292 42 307 12 300 3 278 20 286 44 276 31 281 16 302 3 297 38 293 32 279 4 290 27 289 1 291 3 304 22 301 13 306 44 277 23 
0 286 29 302 20 285 42 298 46 301 31 283 5 294 45 299 36 288 14 278 13 305 17 290 7 
0 332 43 299 11 315 4 288 45 319 14 307 1 322 25 277 45 295 18 284 3 
0 301 21 320 30 313 2 329 50 317 6 321 1 292 27 282 5 283 11 333 46 308 14 285 15 322 5 281 1 
0 284 21 295 33 279 48 321 10 318 7 288 39 294 29 325 5 285 12 333 24 297 36 323 32 293 5 287 50 328 6 298 34 310 45 301 26 289 15 
0 281 24 310 14 314 5 299 47 298 33 322 17 282 35 318 2 295 49 311 41 304 44 332 33 323 33 290 36 280 8 320 50 301 11 291 26 
0 283 8 321 1 294 27 333 29 325 49 289 7 334 10 299 35 319 29 
0 334 19 289 36 
0 287 35 309 29 329 36 317 27 316 29 302 23 315 30 
0 306 31 326 32 321 31 
0 300 1 290 43 291 26 
0 334 34 
0 332 44 334 21 328 47 319 36 320 1 288 6 287 15 292 26 310 19 289 25 297 7 326 27 331 7 324 42 322 38 291 4 333 27 
0 296 14 307 49 305 33 293 22 310 33 317 41 303 26 289 26 325 12 315 19 306 5 322 14 331 7 326 1 319 30 316 34 294 22 301 35 302 17 320 9 299 5 321 11 291 19 313 45 309 40 
0 319 47 304 49 301 22 323 40 291 34 325 37 334 49 317 40 332 11 
0 306 18 292 48 329 1 327 46 290 13 300 39 315 47 316 15 312 2 333 19 324 12 319 15 334 10 321 6 305 39 294 26 310 48 317 12 322 23 328 39 304 38 308 13 323 49 320 35 307 17 
0 323 8 296 26 301 6 309 9 321 5 313 44 328 42 310 18 291 17 317 37 303 50 318 7 307 42 293 12 298 37 334 25 300 8 305 32 304 10 
0 299 18 307 21 332 49 314 15 315 25 321 6 326 37 313 22 302 13 333 39 304 5 301 8 300 32 308 5 317 16 320 10 297 20 316 12 322 5 319 30 323 48 298 47 329 39 295 50 305 41 
0 327 8 303 37 305 4 324 25 309 47 313 5 312 18 299 49 332 48 
0 311 33 307 5 319 5 300 41 304 49 318 15 331 1 313 13 320 1 302 37 322 38 317 38 310 31 
0 310 37 318 12 307 24 334 43 306 15 333 11 311 25 320 5 330 21 322 12 328 28 316 5 302 40 309 40 304 26 312 46 313 9 319 11 326 38 325 50 327 7 301 34 
0 304 46 327 14 297 5 300 38 325 29 321 14 331 38 332 27 301 47 313 47 334 47 314 21 333 31 299 50 310 20 322 26 312 47 306 33 329 2 315 40 307 31 317 26 
0 325 16 299 37 
0 334 50 329 13 325 24 322 13 299 9 302 15 310 43 305 22 303 29 327 28 318 37 328 21 317 44 319 37 301 1 
0 319 2 304 38 324 46 323 22 334 21 315 37 325 50 332 21 
0 312 41 318 6 305 50 316 26 334 25 319 3 331 19 332 15 324 11 309 45 311 8 327 3 326 45 
0 318 28 304 44 319 1 329 26 325 45 331 34 317 15 313 37 305 33 324 26 332 35 312 37 326 7 327 48 301 36 306 11 323 24 320 40 310 44 330 5 311 44 333 24 314 31 
0 313 50 304 50 330 33 333 3 332 37 303 6 314 16 322 34 316 29 324 44 305 27 327 42 328 22 312 2 310 3 320 39 309 16 334 24 323 33 311 18 319 11 
0 306 36 308 32 317 39 309 38 322 7 
0 327 34 
0 320 7 330 19 314 2 313 47 326 26 308 2 325 40 306 5 332 48 327 1 312 33 309 17 318 43 307 20 311 5 331 2 310 5 317 14 
0 314 41 311 47 330 29 327 49 
0 320 41 328 37 315 32 308 49 334 48 322 4 310 24 326 38 311 27 314 15 316 47 319 26 324 11 312 15 329 41 313 16 318 6 332 37 325 9 317 39 309 35 
0 310 10 322 44 319 19 333 38 325 1 326 22 315 48 312 31 308 18 332 41 313 11 327 9 317 44 324 20 309 24 
0 318 33 328 19 333 29 311 45 309 9 
0 321 28 318 42 
0 319 10 328 7 320 27 350 43 341 7 337 23 344 22 349 1 346 21 331 14 
0 348 29 350 25 317 31 319 8 318 33 334 45 345 39 
0 339 33 350 47 333 46 335 1 346 31 338 10 340 6 317 46 326 5 347 22 337 13 
0 324 46 325 30 343 36 340 27 349 24 
0 328 21 344 50 340 36 346 7 335 11 320 37 323 38 325 45 345 15 317 38 318 4 339 31 330 22 329 41 324 26 319 32 
0 325 15 324 21 343 45 350 11 326 24 320 12 347 36 349 19 337 35 334 36 331 39 
0 328 28 319 1 330 22 350 39 341 47 339 39 342 5 326 15 336 44 347 49 338 19 333 7 322 37 320 17 
0 343 19 339 36 335 15 346 26 329 5 327 20 333 11 337 43 
0 344 38 345 16 319 31 324 15 338 3 325 42 334 7 327 5 341 10 
0 329 27 340 7 325 29 337 24 331 45 320 10 336 6 
0 347 24 322 28 335 5 324 17 321 11 343 22 323 5 329 39 337 20 340 20 
0 342 11 333 33 322 25 331 41 340 33 326 35 330 15 329 6 
0 347 28 334 42 329 44 324 23 339 36 332 37 338 36 
0 344 41 336 35 332 18 330 26 345 45 
0 326 9 338 47 334 42 336 15 325 33 331 11 345 18 327 19 343 1 341 16 347 46 330 26 349 26 350 26 
0 326 42 350 9 327 27 343 20 337 16 349 6 342 42 329 8 346 42 335 38 328 2 
0 347 2 331 28 336 37 349 21 339 39 346 15 
0 339 3 341 16 340 24 333 5 347 14 330 10 343 40 342 26 350 42 336 7 338 50 331 40 344 41 332 43 349 11 
0 347 19 334 49 
0 333 48 347 40 330 16 346 31 331 21 344 1 343 3 350 29 341 21 337 25 340 24 345 35 332 28 
0 340 10 344 3 334 44 336 22 331 10 339 31 
0 345 4 348 3 340 32 350 5 333 46 344 30 341 39 343 33 342 40 339 33 337 44 349 16 
0 345 19 338 17 333 3 336 20 346 17 340 33 343 24 335 25 344 44 349 16 
0 349 9 339 13 340 31 346 19 341 36 342 10 336 24 343 2 338 40 334 2 337 17 348 14 350 5 
0 336 17 
0 343 23 350 47 341 34 363 14 376 50 368 26 383 31 366 41 373 34 344 4 360 41 349 8 382 20 381 29 347 7 342 4 356 27 372 39 351 33 337 37 352 17 362 21 357 12 374 2 348 19 346 32 377 27 355 34 
0 368 9 342 27 354 33 358 14 351 49 356 5 348 37 350 27 339 21 341 49 346 19 343 19 344 18 353 1 369 42 347 49 361 4 381 43 383 48 382 2 366 41 377 6 355 50 379 7 364 49 380 50 352 38 360 39 349 9 365 42 337 2 340 40 
0 361 19 349 48 346 1 350 33 369 44 339 31 366 21 364 41 383 20 371 4 357 5 380 46 343 50 354 50 358 21 
0 367 35 379 12 373 18 343 28 361 36 363 46 368 18 365 36 
0 355 46 348 16 376 46 381 13 360 49 378 44 364 17 359 36 340 5 375 49 345 38 351 39 353 38 357 30 350 35 347 35 346 27 342 40 352 35 363 42 358 7 382 40 377 38 373 17 379 4 343 26 366 37 362 23 
0 375 12 349 44 344 13 365 13 377 44 357 20 382 12 378 6 379 15 368 28 381 37 380 5 370 25 343 36 361 38 353 23 369 27 341 37 359 40 
0 346 45 353 9 372 43 374 15 
0 346 37 364 30 357 50 354 9 382 12 361 23 383 5 375 28 373 13 363 43 351 18 359 5 355 31 353 41 345 25 
0 359 11 364 27 367 42 362 17 354 6 368 18 372 48 379 43 
0 382 1 372 42 351 19 366 14 367 41 358 47 364 18 365 28 350 19 347 20 373 43 352 31 383 7 349 19 356 22 
0 350 20 355 1 375 44 363 27 372 42 357 1 369 8 378 30 382 6 371 31 374 33 364 45 353 16 359 33 362 22 381 26 373 21 360 49 367 28 377 7 356 28 348 28 370 49 
0 348 42 369 4 355 2 350 7 361 12 351 37 379 24 365 17 366 30 352 30 367 7 373 2 359 34 368 12 353 28 358 21 354 45 360 17 382 27 347 15 357 19 377 6 363 38 349 34 375 48 376 42 381 47 372 16 356 1 362 48 383 27 364 30 
0 369 26 380 33 349 50 363 7 367 17 352 34 
0 383 33 366 48 355 7 352 37 381 37 351 39 382 21 358 10 380 2 365 28 354 49 350 26 
0 363 42 375 43 380 32 373 18 350 39 369 7 370 11 374 34 351 16 359 17 352 1 364 39 355 12 
0 357 30 372 28 362 20 378 40 359 24 374 34 380 43 368 34 353 37 373 3 367 15 383 44 354 5 
0 385 18 390 1 404 49 391 8 358 26 374 25 399 46 378 33 403 18 395 46 375 13 384 32 394 17 361 24 367 7 389 13 383 13 379 44 356 13 371 13 380 16 373 24 357 19 372 3 362 13 397 15 407 30 
0 361 17 362 7 399 49 372 48 366 6 373 36 387 30 363 17 358 24 360 45 396 36 393 23 367 41 
0 392 14 397 42 370 27 363 50 398 44 357 28 405 16 404 14 389 25 375 47 399 10 402 23 374 17 388 14 368 40 394 33 358 10 408 42 365 10 396 40 393 22 
0 385 46 389 23 369 34 396 45 378 20 397 24 374 9 371 37 394 49 
0 408 28 398 33 392 47 405 10 357 3 361 42 384 28 403 48 410 35 
0 374 4 405 1 390 23 365 35 393 20 387 50 397 22 389 39 388 12 369 20 358 18 
0 387 11 394 18 380 39 384 18 
0 367 26 392 38 400 35 369 21 366 11 386 48 396 25 405 49 370 15 385 32 401 23 364 45 393 22 380 14 361 9 391 18 402 41 410 46 388 48 372 38 407 50 376 33 404 22 378 50 403 22 
0 393 21 405 15 383 19 362 41 396 42 382 5 409 43 373 35 386 25 361 50 368 14 389 45 374 1 394 43 
0 370 4 404 33 378 38 363 24 390 8 375 7 377 50 367 1 371 33 403 11 382 6 396 28 
0 384 30 369 2 362 44 
0 397 27 390 36 405 47 363 39 379 24 377 30 393 32 
0 405 25 403 16 369 32 398 41 399 20 397 27 385 25 395 20 392 24 386 27 390 31 379 16 393 26 384 10 382 38 387 4 373 32 407 18 380 18 394 16 375 5 401 45 400 47 
0 400 40 370 17 408 2 410 25 393 50 391 36 403 25 375 33 394 25 372 30 385 42 389 34 379 31 380 19 382 17 
0 379 33 405 16 396 31 371 18 372 43 385 40 399 24 382 10 388 21 381 40 373 30 386 10 402 6 369 22 410 45 394 36 400 5 392 37 401 35 409 36 391 8 374 14 384 2 408 3 
0 367 28 376 38 407 6 392 40 399 45 387 32 371 25 388 35 398 5 375 25 372 40 379 3 
0 409 8 370 17 408 38 401 18 395 18 387 45 373 33 384 14 391 24 382 3 392 35 386 34 371 10 404 6 406 36 393 1 368 5 377 40 396 50 400 39 399 20 403 40 375 16 385 5 410 38 369 26 383 30 
0 374 36 401 30 381 17 394 10 
0 374 9 409 42 377 38 380 21 388 14 400 42 405 22 383 22 390 17 407 24 403 28 402 35 376 48 372 11 370 49 371 43 373 37 382 27 379 22 410 8 375 23 386 24 401 23 395 8 
0 393 49 408 22 407 45 404 5 401 50 394 7 377 48 376 28 390 18 380 13 405 6 386 26 371 45 410 4 373 29 387 41 
0 402 47 391 41 394 12 400 10 374 27 393 24 396 13 380 24 387 38 381 11 383 12 372 35 386 13 373 39 409 43 
0 390 6 408 5 403 3 404 18 386 37 396 23 392 5 385 41 375 25 395 23 409 19 407 26 405 13 378 43 398 41 374 45 382 9 389 36 410 9 384 49 
0 395 3 409 37 382 19 396 36 391 24 408 24 377 5 375 39 406 10 403 3 400 17 383 12 388 2 386 1 410 7 
0 404 6 399 42 410 28 384 5 397 10 408 16 375 22 389 2 400 23 396 37 406 33 409 2 388 44 401 46 394 2 392 32 
0 405 11 403 17 377 10 410 38 392 21 408 6 379 31 382 25 390 11 387 33 383 30 388 19 402 4 398 33 394 30 409 35 397 50 389 45 380 11 385 41 386 46 
0 407 5 395 11 406 9 387 1 404 33 403 10 396 14 393 33 401 20 409 17 386 5 380 26 390 20 405 9 408 4 383 42 381 11 400 26 392 17 391 36 
0 378 23 397 38 404 43 386 9 403 36 391 22 401 35 392 40 381 21 390 39 393 5 405 31 402 29 384 24 380 50 394 41 410 4 389 28 400 48 399 48 383 41 
0 394 19 399 32 395 29 386 17 392 43 391 39 403 9 401 20 410 43 382 2 389 50 393 42 385 35 407 48 397 17 404 45 396 33 409 27 405 27 387 3 388 21 383 41 400 24 379 7 408 47 381 46 
0 385 21 410 24 399 34 388 19 401 21 387 27 394 35 389 12 
0 389 17 407 2 388 47 398 23 409 25 
0 383 9 385 15 402 14 382 12 389 49 
0 397 4 409 21 407 4 387 27 389 49 400 10 385 27 391 13 401 3 406 22 410 4 388 41 399 5 403 12 
0 404 4 392 4 408 23 406 34 389 9 396 38 391 4 393 27 407 17 395 31 397 48 384 14 386 14 409 31 390 42 
0 387 25 388 4 405 24 400 5 406 28 426 22 
0 424 1 404 2 414 5 418 2 400 43 394 29 392 39 402 16 396 37 
0 418 42 419 7 
0 402 11 420 39 410 2 388 31 
0 420 34 421 30 404 6 405 30 
0 422 21 426 44 423 26 
0 408 38 395 49 412 15 
0 405 18 
0 408 23 418 49 424 37 400 33 420 44 417 17 422 33 416 45 395 48 396 3 404 9 394 9 413 48 423 16 411 38 401 31 
0 396 24 424 31 421 47 412 25 420 3 410 16 406 50 407 2 
0 413 19 419 1 417 3 397 33 396 17 423 20 398 38 418 12 402 30 395 5 401 50 416 15 404 14 426 6 
0 397 26 423 19 408 30 421 10 424 27 410 21 399 12 401 18 398 35 396 40 419 49 
0 414 16 408 34 425 16 407 42 409 18 415 3 
0 423 13 
0 407 39 410 19 417 40 426 14 405 9 411 16 401 14 421 29 
0 410 14 420 3 403 2 402 21 400 40 419 18 418 22 
0 421 50 405 39 417 10 426 17 402 17 408 19 424 48 418 35 416 22 406 17 403 18 415 12 423 27 404 3 413 27 411 35 
0 426 16 416 6 414 19 403 26 418 41 
0 425 17 422 10 
0 424 21 412 11 
0 410 38 405 26 426 44 422 39 406 6 424 4 
0 426 18 408 24 413 16 409 32 412 50 411 50 415 26 417 43 420 3 406 43 419 34 416 22 422 12 425 45 423 43 
0 417 2 418 42 425 24 
0 425 13 416 45 426 44 424 24 
0 416 24 420 16 
0 419 30 410 12 420 42 424 39 414 2 417 36 412 36 421 22 418 36 426 36 422 11 423 31 
0 411 29 418 22 425 16 424 19 420 43 426 30 419 11 
0 421 30 445 47 418 35 429 31 
0 424 8 418 27 428 49 439 36 
0 414 3 440 35 444 30 430 25 436 7 442 11 441 40 428 20 416 4 422 50 
0 444 3 415 38 436 36 
0 444 15 420 9 438 48 433 25 431 40 428 10 421 10 417 40 441 24 419 9 445 5 
0 418 9 427 48 441 25 439 36 442 45 424 44 445 17 443 28 
0 424 10 435 46 432 41 418 24 442 33 437 16 431 39 425 11 419 38 433 26 429 44 427 18 436 37 434 45 420 8 430 38 422 40 444 30 
0 439 3 424 38 431 27 438 39 423 7 
0 429 50 446 5 445 42 440 14 
0 421 26 428 32 436 15 444 19 445 47 426 13 425 9 443 27 430 19 441 17 
0 444 36 438 21 434 2 446 27 427 11 423 41 
0 426 2 423 26 436 39 433 28 427 47 430 6 424 20 429 27 437 17 440 12 443 44 445 7 428 16 447 34 441 1 438 1 431 43 
0 435 26 441 46 
0 442 27 427 46 428 49 447 13 438 3 439 18 446 15 441 13 437 13 436 1 425 11 440 23 443 31 432 28 
0 440 34 438 34 439 44 427 25 441 5 446 7 436 27 445 33 444 35 442 41 429 37 
0 427 36 429 47 434 50 430 48 432 21 433 29 428 25 440 42 438 2 431 9 444 38 441 13 443 13 436 28 442 35 445 34 447 17 437 37 
0 435 36 456 9 444 29 443 42 462 7 
0 453 43 464 50 462 45 460 42 447 6 435 9 452 14 
0 450 2 448 46 443 7 435 6 451 48 437 22 
0 451 14 439 30 462 10 448 37 461 35 455 9 
0 461 10 
0 450 11 
0 440 8 465 20 450 8 460 29 454 48 459 34 447 17 464 8 455 32 435 26 463 17 444 1 436 14 439 24 434 46 456 36 
0 443 17 455 48 462 44 
0 445 15 455 17 463 19 436 30 448 12 465 7 451 24 439 36 461 44 446 28 450 39 443 42 441 37 437 49 444 49 438 8 449 50 447 38 
0 461 6 437 37 
0 460 16 447 11 462 22 451 13 448 28 450 17 438 26 463 46 454 4 449 5 458 41 459 25 456 24 465 24 
0 442 1 449 22 461 10 459 24 464 6 443 33 466 50 445 40 452 20 451 19 444 2 440 15 439 2 454 45 
0 443 6 454 18 466 15 445 49 456 24 459 31 457 7 455 1 449 45 464 5 448 8 453 3 441 11 460 28 451 36 462 5 458 40 442 43 
0 453 41 460 42 450 43 463 3 458 21 455 5 454 48 452 3 447 45 442 17 
0 444 47 447 21 462 10 450 40 442 30 459 42 453 22 464 38 458 31 461 47 445 10 455 6 460 8 443 23 
0 451 45 448 4 455 16 463 12 449 6 457 45 459 31 450 32 462 50 454 23 445 23 461 28 
0 453 31 465 5 460 29 456 35 450 44 447 10 
0 448 34 465 40 
0 454 28 460 12 465 23 448 43 447 1 457 19 451 32 463 33 446 11 455 15 452 41 458 5 
0 448 49 463 44 456 20 464 49 461 7 455 39 459 29 453 28 460 37 465 8 462 7 
0 460 26 462 24 454 46 464 40 466 46 448 50 450 44 451 34 
0 482 10 487 28 464 15 486 5 480 16 479 24 461 1 451 16 481 44 471 35 
0 451 47 456 16 481 21 453 21 488 16 480 22 455 27 485 34 462 17 486 1 484 6 475 27 470 1 458 38 478 4 473 39 457 21 464 37 487 50 472 33 
0 466 2 474 40 452 46 469 36 488 48 
0 463 37 458 23 456 31 457 42 466 15 462 2 465 17 477 9 453 17 452 16 473 34 476 30 472 6 460 6 479 39 482 50 464 8 475 50 488 47 481 44 459 11 
0 458 18 
0 468 23 480 20 470 27 485 11 459 28 471 38 473 36 462 35 465 15 486 1 456 48 469 23 
0 462 9 460 13 483 2 482 44 464 20 488 48 459 39 481 12 469 4 486 25 487 34 472 34 478 49 
0 486 48 476 23 468 18 484 14 479 27 474 2 457 44 473 23 463 31 460 46 461 27 470 43 477 28 458 46 
0 465 42 485 22 481 20 461 24 476 8 463 18 464 42 469 34 480 41 462 19 486 12 458 39 477 43 472 7 487 45 
0 484 20 474 16 486 25 461 23 460 29 467 11 488 9 476 13 477 38 471 11 
0 464 7 476 28 482 11 472 44 475 9 480 27 487 20 
0 472 7 474 12 483 17 473 28 462 40 461 12 476 19 482 26 468 9 475 36 471 2 467 10 
0 464 46 468 48 463 47 461 29 462 45 481 16 482 14 472 22 486 47 477 22 473 21 485 5 465 29 476 34 480 31 470 50 
0 479 46 467 8 480 28 469 19 463 5 465 4 484 43 476 10 470 29 471 40 486 30 487 14 466 31 477 25 485 38 472 46 464 1 
0 484 26 476 13 466 14 471 14 481 7 463 41 464 15 480 34 483 34 
0 483 21 469 16 473 14 481 43 480 43 476 29 464 28 470 46 485 48 
0 480 8 479 1 472 16 469 17 486 41 482 48 483 49 487 41 484 23 485 23 466 44 465 41 475 34 474 43 470 9 
0 470 2 481 37 469 2 474 30 476 48 486 10 485 3 482 20 467 25 479 47 483 20 487 2 477 11 468 50 472 26 478 24 475 35 488 37 480 49 466 39 473 5 471 14 
0 487 24 483 4 488 38 475 25 482 4 468 18 480 44 478 17 474 2 472 18 477 35 481 32 467 42 
0 475 32 471 11 
0 477 35 493 4 
0 478 21 480 6 494 13 491 41 487 15 
0 474 41 495 12 490 18 483 49 
0 475 36 493 19 476 8 484 40 492 38 498 34 486 50 482 41 491 38 
0 489 3 479 43 490 18 480 42 488 50 
0 493 23 498 31 
0 483 22 494 12 477 9 
0 496 50 494 24 490 29 486 25 
0 479 45 486 10 495 11 483 42 498 9 488 16 493 41 
0 480 2 494 11 496 12 493 31 478 14 
0 479 39 489 29 483 26 486 14 480 48 
0 486 33 497 38 485 17 492 41 498 9 
0 485 19 488 26 
0 485 37 490 38 493 8 494 27 
0 497 14 491 28 
0 484 43 494 15 488 46 497 14 
0 490 22 491 12 495 45 496 12 487 12 497 16 498 29 493 16 
0 494 49 491 11 
0 488 39 492 49 487 10 493 7 495 7 491 27 
0 490 24 496 11 
0 489 26 497 44 494 25 492 22 490 42 493 28 
0 493 3 
0 496 49 
0 493 47 
0 494 10 
0 494 2 
0 498 24 
0 497 17 
0 498 20 
0 498 13 
0 499 19 
7
