-10 26 21 13 7 16 30 11 23 5 21 6 29 17 8 1 50 9 17 22 3 23 42 12 33 25 4 21 30 15 31 24 44 20 3 19 14 14 12 7 45 
0 30 26 36 11 38 15 44 8 26 23 29 45 14 8 23 16 34 46 35 45 21 46 
0 28 14 14 17 24 8 45 4 37 40 41 20 13 21 33 46 4 16 36 3 20 16 26 45 6 15 15 26 42 27 27 8 
0 13 15 44 22 35 25 18 45 6 40 11 20 22 21 26 41 20 35 24 5 29 25 39 19 46 45 17 4 4 3 43 19 16 42 10 12 36 41 
0 41 46 24 39 22 27 23 13 30 34 21 4 43 13 5 33 45 36 26 1 25 32 44 48 16 49 46 34 27 41 18 31 
0 31 23 39 1 
0 26 34 23 18 17 10 14 27 9 5 28 3 43 43 22 49 15 29 37 40 41 4 34 48 16 2 38 1 27 33 42 37 36 6 44 17 
0 39 21 33 14 17 47 11 11 10 15 
0 9 7 41 35 36 16 32 11 30 46 15 10 18 48 31 28 46 46 40 38 42 17 17 48 28 3 26 24 19 44 44 30 11 45 10 9 24 24 
0 37 22 18 19 14 13 39 7 40 7 27 22 15 24 12 42 16 44 45 46 44 16 21 19 19 35 24 48 30 49 34 12 42 42 
0 19 15 
0 13 41 15 1 45 27 25 6 34 41 28 40 
0 16 35 34 32 25 45 27 19 42 5 22 36 38 23 30 3 37 32 20 29 36 14 15 44 45 6 31 42 39 10 33 13 28 19 14 45 19 46 29 41 
0 33 37 23 44 34 42 41 28 14 49 30 31 45 50 37 4 19 40 29 31 
0 27 18 32 39 36 45 16 45 19 11 31 44 34 36 41 25 17 6 22 12 42 12 43 42 46 19 20 41 35 48 45 26 30 21 38 29 26 6 
0 36 19 
0 36 6 31 4 22 47 46 14 43 24 37 24 45 4 40 36 42 37 25 4 17 10 41 17 
0 41 35 40 13 31 36 24 20 37 37 35 21 19 47 34 10 28 39 18 39 44 13 36 42 22 39 33 3 45 29 23 7 32 35 43 21 25 3 30 48 
0 19 37 25 14 26 37 23 1 31 9 40 30 29 41 41 38 24 2 22 3 34 8 43 17 30 33 
0 35 21 46 39 34 1 21 23 26 4 45 7 25 41 43 32 32 10 31 29 29 19 
0 29 9 22 1 46 10 37 21 38 38 21 2 30 3 25 6 39 23 35 15 36 5 42 39 34 23 24 50 27 39 32 9 
0 46 13 40 42 27 16 29 19 42 42 36 42 43 26 44 6 28 48 25 39 23 39 33 49 
0 29 11 35 32 27 40 23 40 24 31 46 21 28 48 32 34 33 47 
0 45 46 41 17 39 48 35 1 30 7 46 50 37 50 28 48 24 37 25 49 42 36 32 1 33 29 29 46 26 30 31 49 43 20 34 32 27 17 
0 42 39 32 7 
0 31 4 
0 44 40 28 42 
0 45 11 
0 69 14 63 41 67 27 62 5 64 28 61 4 57 45 
0 74 42 33 10 42 24 40 35 58 15 
0 44 8 66 48 60 1 31 4 64 5 38 25 67 44 56 13 41 22 59 4 
0 41 13 60 19 53 29 68 8 56 23 70 46 74 32 62 50 50 48 46 17 44 44 43 48 35 14 49 8 69 28 67 20 54 28 72 25 47 22 37 22 73 46 64 5 51 37 58 34 48 47 36 1 57 13 
0 35 19 41 15 38 18 34 38 47 19 68 2 39 19 63 40 33 1 
0 66 43 65 6 51 36 58 50 44 32 39 12 46 34 73 46 70 28 60 11 
0 72 32 49 34 36 33 50 24 39 43 67 29 48 40 68 41 64 33 65 49 74 42 66 49 44 7 35 19 46 30 60 15 47 41 43 27 70 40 63 30 57 24 51 49 73 14 38 16 
0 47 23 42 38 63 16 53 42 43 30 58 39 69 37 73 13 65 29 72 47 50 30 62 7 46 40 55 13 48 45 68 17 40 3 64 4 57 49 52 46 39 9 59 35 60 3 61 30 
0 38 25 54 34 48 4 58 1 71 34 66 20 40 22 63 41 39 27 69 32 45 46 68 39 46 45 50 42 37 12 57 39 47 36 59 24 64 16 60 22 74 7 73 34 65 46 42 13 55 37 
0 38 12 49 41 
0 61 48 44 24 
0 71 24 42 28 57 33 44 44 45 11 67 23 49 30 64 34 61 10 51 5 47 33 43 40 50 23 65 19 48 10 58 21 53 47 63 38 68 50 62 31 52 49 55 27 73 24 70 4 41 35 46 7 40 19 69 10 
0 48 36 67 38 57 36 51 14 72 26 58 46 
0 71 21 56 3 67 2 61 11 53 29 49 14 
0 47 8 70 40 71 41 45 48 73 16 44 44 69 3 55 36 57 38 43 36 72 22 46 50 63 29 61 2 56 2 53 47 51 13 68 45 58 27 62 28 50 36 
0 64 6 52 14 70 33 63 24 45 5 68 30 51 44 60 8 48 28 53 6 57 7 54 27 69 1 56 29 67 14 50 31 46 10 66 12 44 35 73 8 65 13 74 30 71 13 72 28 
0 74 37 45 32 61 39 69 11 56 1 67 41 53 48 47 49 60 39 50 14 46 21 64 43 70 33 73 33 
0 48 21 71 31 62 28 52 30 53 44 58 17 73 18 60 19 69 25 47 45 
0 48 2 66 20 70 30 68 19 56 45 51 7 58 30 64 37 67 32 57 21 54 5 62 23 59 32 69 1 65 2 72 29 71 43 60 32 49 19 74 15 73 39 55 7 53 39 50 4 
0 56 12 55 34 58 35 
0 73 45 109 24 53 43 59 47 111 9 55 49 99 29 102 26 
0 86 37 105 21 107 48 101 11 92 31 90 33 100 38 103 13 52 44 104 33 84 35 64 34 56 11 97 28 70 16 106 23 61 24 50 36 80 42 73 9 65 47 67 42 93 23 88 34 68 10 
0 51 33 63 35 106 23 111 44 84 3 94 33 97 46 79 21 77 13 76 42 59 33 70 38 
0 102 42 61 8 69 5 56 4 100 50 64 26 85 7 91 4 84 20 108 27 75 38 54 9 103 1 87 31 82 39 93 31 77 6 88 1 60 16 110 48 68 3 58 15 53 31 80 21 76 16 
0 95 24 109 19 63 42 107 23 58 4 83 31 108 28 60 37 70 14 57 41 84 30 61 39 77 1 53 20 99 14 86 35 97 25 104 28 78 30 92 17 106 42 69 46 73 16 62 9 81 2 66 48 56 25 88 17 87 12 65 37 96 33 89 5 93 38 94 49 101 35 
0 76 32 
0 82 8 93 18 
0 89 9 82 29 61 22 111 4 71 26 86 46 78 21 80 17 72 12 97 8 92 34 98 17 101 46 93 14 108 11 58 23 96 33 65 32 64 18 87 4 67 36 59 35 68 37 81 25 103 38 99 9 79 29 84 33 
0 110 16 76 43 109 7 104 48 89 24 102 8 94 4 99 10 62 42 93 13 
0 59 24 84 34 
0 109 40 66 14 69 49 82 33 89 14 79 29 91 5 75 9 68 45 78 14 110 39 105 36 101 6 106 27 108 26 65 9 96 1 67 2 90 39 103 12 93 27 88 48 98 24 107 25 92 8 
0 103 29 104 20 60 38 71 43 88 19 108 35 80 45 106 49 70 35 69 50 84 5 
0 110 29 99 16 85 16 109 6 95 3 66 26 97 22 74 40 104 11 69 4 108 15 73 46 
0 103 15 93 6 81 33 64 48 98 18 63 2 104 8 69 45 105 35 78 28 95 34 99 4 100 35 110 35 79 17 75 18 67 6 
0 72 2 95 50 103 38 99 29 89 16 91 11 83 3 109 34 
0 79 32 111 36 106 9 74 17 70 44 66 1 108 33 64 37 105 50 95 10 71 49 103 11 78 30 94 17 65 10 86 9 90 47 101 16 
0 79 4 104 24 101 34 70 6 98 27 65 27 103 34 93 16 80 30 91 48 96 24 81 7 102 42 100 1 90 7 111 10 66 49 67 41 85 8 94 22 82 42 110 1 69 9 108 7 74 19 87 11 75 17 
0 71 28 88 36 106 48 78 48 68 22 66 43 99 28 94 13 103 11 84 45 107 29 97 2 95 46 93 29 86 46 98 45 70 19 75 50 111 49 92 39 82 5 87 25 108 47 
0 86 41 88 20 107 23 71 21 69 4 87 42 109 26 92 12 73 28 77 14 80 4 111 21 99 17 84 19 
0 110 33 93 14 101 38 89 29 82 7 70 28 106 46 84 19 72 26 99 40 98 34 83 13 90 23 77 19 104 7 
0 83 14 78 13 106 42 71 19 95 11 92 5 82 38 107 28 102 46 104 29 111 5 94 5 110 27 81 39 89 32 90 46 76 37 91 13 105 50 
0 90 13 99 16 106 3 98 45 80 43 76 35 91 39 
0 107 32 83 16 92 11 95 39 80 41 90 38 71 20 111 48 79 1 78 34 87 16 94 24 88 11 72 33 106 26 85 40 109 50 97 16 75 31 82 10 100 27 99 40 74 40 96 25 103 26 73 1 86 36 
0 98 35 97 23 85 6 101 45 
0 80 21 85 22 79 19 91 31 101 23 84 19 103 44 73 6 86 34 99 24 76 6 96 15 107 3 87 35 77 26 78 48 74 42 95 27 75 23 104 6 94 23 108 25 100 30 98 21 109 12 102 6 88 42 93 39 89 49 82 7 92 2 110 29 
0 96 3 98 17 75 8 
0 87 19 76 12 107 46 106 2 84 14 83 14 89 3 79 32 91 44 90 21 98 38 88 49 104 3 82 26 97 32 94 11 
0 136 46 147 43 120 5 138 41 99 7 122 47 84 25 89 35 81 27 152 43 135 50 98 36 76 13 86 36 130 48 153 21 140 23 106 27 133 21 121 5 
0 83 32 130 34 85 24 112 49 144 25 101 17 80 13 102 42 95 46 90 10 133 22 117 39 142 29 89 35 78 4 149 16 140 24 97 24 139 37 
0 153 42 136 36 124 28 93 22 80 13 107 10 150 24 110 3 127 50 132 48 92 7 122 42 112 4 141 27 125 29 117 33 140 2 105 44 102 32 148 26 145 21 108 36 
0 83 37 90 27 93 18 119 31 102 48 114 4 127 25 86 39 88 1 118 29 150 26 99 28 103 47 97 47 125 6 123 27 96 33 106 34 124 14 
0 110 1 149 18 116 36 123 36 121 48 141 34 106 37 81 1 122 32 89 17 96 32 152 10 84 50 98 30 90 49 119 2 104 23 143 27 93 9 85 47 142 23 130 29 126 44 103 44 140 10 138 41 134 22 105 29 129 8 135 17 127 38 95 33 108 16 131 9 109 13 133 27 
0 86 50 144 49 99 31 87 9 92 14 136 50 108 44 97 34 102 17 107 18 82 21 153 34 123 14 133 21 145 43 149 11 150 42 141 2 146 43 98 30 140 43 84 27 91 45 121 44 138 23 137 36 117 28 95 19 83 2 120 13 128 32 103 26 148 29 116 2 101 24 93 10 96 15 106 13 
0 100 23 119 14 
0 120 29 114 5 130 6 88 29 125 33 126 41 144 32 153 18 107 16 145 35 119 44 122 17 121 32 101 7 110 9 92 29 
0 128 10 89 50 125 26 149 7 97 43 96 49 87 47 107 20 103 34 120 7 142 9 144 17 84 39 143 6 151 19 126 38 124 29 121 39 135 4 127 6 93 38 134 3 116 6 99 41 100 48 136 16 104 30 86 10 110 23 139 48 112 5 91 26 132 49 109 18 152 48 138 20 90 10 133 32 111 24 117 10 
0 130 44 105 21 136 43 143 44 153 25 134 9 97 43 127 12 93 40 116 49 145 47 85 1 102 17 88 28 122 34 124 48 115 41 149 24 131 23 117 10 129 2 103 13 144 39 106 46 108 9 104 30 113 14 142 19 112 22 114 43 94 10 91 32 98 50 146 20 110 45 151 45 132 43 
0 146 24 141 39 152 18 113 10 86 3 106 1 135 12 103 48 110 13 142 34 133 37 153 29 124 37 
0 117 25 118 15 145 33 110 47 150 48 109 45 134 20 140 31 130 36 112 30 114 26 87 49 148 31 137 18 98 19 
0 122 48 119 23 101 40 134 15 91 1 147 27 89 14 94 29 130 5 138 38 99 27 103 25 114 44 124 7 121 3 98 43 127 48 100 10 
0 153 45 149 10 144 29 93 19 136 16 104 44 126 1 139 37 92 47 138 3 100 9 121 39 106 24 
0 149 40 108 50 98 7 103 39 139 38 136 29 135 31 121 40 105 13 127 11 100 2 120 42 106 44 95 41 93 23 116 3 91 50 117 44 132 37 99 26 113 45 151 8 102 15 142 38 144 4 128 11 143 22 134 11 96 22 92 37 119 8 107 47 140 27 130 32 137 29 111 6 97 11 
0 129 45 97 43 131 1 112 16 119 22 126 44 102 10 139 23 94 47 137 22 153 13 122 28 134 49 92 31 146 11 
0 122 5 115 46 101 6 136 27 148 45 
0 95 30 133 25 109 21 98 35 147 39 150 27 105 26 148 32 141 39 134 46 106 12 99 6 122 17 121 39 117 5 146 16 128 44 115 2 97 13 116 11 130 11 102 8 118 9 135 50 120 50 151 17 126 20 138 28 132 45 96 15 127 37 152 42 100 49 144 4 149 26 
0 119 4 148 40 118 39 99 39 147 6 130 50 112 25 143 10 107 23 94 40 146 39 116 11 133 27 141 27 105 23 103 38 117 6 150 10 97 42 110 20 114 35 98 20 138 30 95 13 126 5 129 14 106 33 120 22 
0 104 27 113 32 129 31 145 44 151 33 140 45 149 21 134 35 96 16 120 6 118 4 119 46 139 15 123 13 109 26 143 35 135 24 130 2 121 6 99 34 142 18 124 21 
0 111 7 109 38 106 26 131 46 146 32 130 42 119 11 96 43 
0 119 36 137 3 131 22 152 40 107 13 133 11 130 19 147 39 98 34 124 17 120 46 126 45 153 38 97 36 129 14 142 40 112 50 105 3 104 1 106 15 136 20 111 26 139 42 103 1 134 10 135 40 117 23 114 15 144 18 125 48 121 32 151 48 101 7 109 21 141 44 122 33 113 11 
0 113 38 146 43 99 4 111 49 109 7 142 31 140 20 128 10 136 32 150 13 100 44 132 37 133 31 117 33 101 33 153 31 149 45 110 47 115 25 130 22 122 10 104 43 125 49 118 43 127 17 
0 101 1 127 15 117 49 99 10 104 2 107 42 142 3 146 39 119 45 143 37 145 21 108 37 150 11 125 16 121 41 103 46 100 4 105 32 126 3 148 43 136 48 134 4 116 10 149 11 139 29 110 1 131 49 140 40 128 50 130 48 129 32 112 6 
0 101 11 131 29 128 37 103 5 130 30 123 32 139 41 152 9 107 20 120 19 149 42 136 11 145 37 118 45 142 20 124 42 147 19 137 39 114 18 122 10 110 1 132 44 117 32 121 31 148 49 104 19 144 10 126 31 102 49 134 42 146 40 100 24 150 37 143 6 106 27 138 40 125 41 108 18 111 15 
0 108 24 151 43 127 14 132 35 142 21 105 6 141 20 110 47 147 19 104 22 125 16 111 25 114 34 129 20 143 16 148 7 153 22 101 7 120 10 140 30 130 44 117 33 122 44 152 8 131 31 112 22 136 14 134 17 113 19 138 6 124 11 146 7 150 24 116 11 102 36 109 22 144 49 139 10 103 39 107 29 
0 123 20 104 17 116 34 111 49 147 44 109 45 134 19 126 28 149 5 135 33 112 33 106 43 137 23 145 26 150 13 122 20 
0 123 2 111 47 151 22 130 19 132 40 124 6 144 42 128 19 115 34 140 32 146 8 134 36 113 42 138 25 137 23 118 33 
0 131 4 116 47 127 39 141 11 147 24 105 49 146 29 137 45 108 16 145 40 125 35 138 46 132 10 114 30 104 16 152 42 139 2 133 9 106 30 136 14 153 45 107 13 122 43 134 33 109 45 123 6 118 4 144 7 110 4 143 50 140 23 
0 119 7 125 23 139 16 131 34 142 24 146 31 136 37 116 29 152 13 123 20 117 41 138 31 147 9 149 28 144 40 108 17 128 16 134 20 148 18 
0 131 48 144 31 145 36 140 42 139 12 126 23 153 28 
0 122 29 126 4 112 37 107 27 152 28 136 21 124 33 147 8 127 32 150 6 153 33 119 34 123 8 149 29 117 9 132 19 137 27 145 12 115 25 134 34 138 23 113 28 131 23 118 18 129 26 142 23 144 22 133 33 111 27 148 35 116 47 128 42 
0 136 20 127 29 137 16 113 22 144 44 142 15 112 41 134 3 109 12 148 29 151 39 146 8 118 33 119 43 125 17 108 41 152 27 123 42 121 32 131 19 126 30 138 45 141 24 147 18 132 8 
0 152 23 112 6 121 25 114 27 110 12 117 12 144 39 125 1 145 13 120 8 147 4 133 27 142 14 129 32 134 14 153 13 150 49 118 37 124 39 115 35 146 45 138 35 140 13 132 23 141 24 113 9 139 34 109 40 136 7 111 36 123 18 148 31 126 34 122 39 131 28 116 17 119 29 137 46 149 32 
0 121 29 134 37 124 30 137 50 153 43 132 13 152 9 130 1 127 18 118 35 119 5 141 13 129 18 125 27 111 30 
0 151 48 112 18 145 4 149 49 150 13 121 6 119 23 153 22 144 4 120 7 137 49 148 39 118 18 115 20 129 19 128 47 122 13 111 26 
0 126 36 152 24 118 27 125 34 113 39 145 8 133 30 130 10 117 2 132 31 144 44 142 32 149 13 151 48 135 12 131 10 150 21 115 24 119 47 140 27 
0 165 22 137 38 136 49 171 4 168 12 152 39 149 47 163 20 114 10 170 38 157 28 121 33 153 16 141 42 160 26 140 41 158 1 133 11 118 23 127 20 
0 148 17 151 42 170 37 124 3 175 2 159 14 156 7 120 45 167 22 
0 126 25 120 44 142 2 132 40 118 20 175 36 128 27 160 35 168 42 170 31 137 41 140 32 139 20 167 24 154 34 155 20 131 14 138 36 153 27 172 39 123 26 134 33 
0 146 24 121 25 117 46 160 23 144 10 122 48 156 20 147 15 151 16 164 48 116 45 161 30 140 18 124 3 155 39 134 39 133 34 127 45 143 13 138 7 163 30 173 28 172 21 
0 123 15 129 18 157 5 125 42 161 3 145 30 152 41 154 21 174 23 136 17 
0 130 16 166 14 132 26 173 42 133 15 155 13 129 48 
0 133 12 145 47 146 11 132 32 171 2 138 15 122 11 119 31 149 46 151 31 155 28 
0 152 42 158 42 150 37 160 32 164 19 134 50 155 3 124 17 167 1 162 24 
0 167 20 142 50 133 18 129 7 144 21 150 2 128 24 
0 159 8 175 38 
0 137 37 174 30 160 40 175 30 125 46 150 22 164 10 148 49 176 5 126 19 
0 133 31 164 47 162 23 138 14 
0 150 1 144 26 128 7 129 9 175 46 160 32 133 30 136 12 127 1 130 47 177 10 176 2 146 36 174 1 
0 134 44 148 41 140 32 137 18 173 31 145 29 142 12 153 30 129 38 132 24 151 36 170 37 154 13 177 11 
0 150 7 162 17 140 16 152 43 153 14 143 48 176 16 144 39 133 17 163 46 142 41 127 29 158 41 165 2 148 47 147 40 146 26 132 9 159 6 171 17 169 33 161 37 138 42 145 38 
0 150 30 132 24 171 2 160 36 136 36 131 20 156 10 174 17 
0 140 3 165 36 148 26 146 14 
0 143 3 162 42 141 27 167 28 171 2 154 31 139 40 135 27 138 7 
0 156 44 151 28 154 30 147 4 
0 151 46 170 37 146 44 133 18 175 43 147 8 
0 159 37 148 40 150 19 142 22 140 12 156 39 172 23 144 3 153 38 177 21 171 14 143 44 
0 163 36 150 33 162 26 146 20 174 34 161 27 176 17 169 21 155 35 158 41 145 13 141 38 140 5 154 12 151 28 170 43 134 1 138 44 166 22 172 34 135 17 165 42 
0 163 31 144 7 172 24 159 39 
0 173 1 140 43 174 15 170 35 158 48 145 38 137 2 175 33 
0 161 8 154 41 170 50 150 16 137 24 140 14 164 27 146 21 152 45 174 32 175 2 162 10 153 29 159 20 160 46 172 21 166 11 173 5 176 32 157 22 177 20 
0 171 36 153 25 169 32 145 14 140 39 142 23 156 38 149 31 172 12 158 39 157 43 138 5 160 25 161 48 146 43 167 50 151 18 155 38 
0 142 27 151 8 171 36 176 1 170 30 160 32 174 32 157 30 169 3 164 36 166 25 153 44 158 31 156 39 175 30 161 35 148 29 146 30 172 25 
0 161 24 
0 147 3 176 18 161 37 160 45 153 39 150 24 167 41 143 29 142 31 149 9 165 6 173 14 158 39 
0 172 42 171 11 162 42 154 15 159 45 155 48 164 3 166 8 146 40 150 44 170 26 144 10 156 16 147 25 174 18 151 49 
0 166 45 172 9 150 27 159 43 164 28 148 5 143 41 145 47 168 14 176 30 
0 150 11 146 47 156 30 173 6 172 36 177 39 159 35 170 32 157 9 154 32 147 28 160 12 152 15 176 23 161 12 164 20 
0 177 22 147 40 168 24 161 36 157 32 145 35 153 9 164 27 160 36 151 21 155 37 176 23 172 43 154 24 170 48 156 34 146 8 174 5 166 1 
0 146 21 
0 151 1 148 38 176 10 174 5 163 29 155 15 162 46 147 5 
0 167 7 162 39 171 23 155 47 154 31 174 22 170 47 151 40 176 13 159 44 169 33 165 20 172 36 166 13 156 8 150 17 
0 154 33 149 5 164 23 156 10 169 42 
0 166 37 155 48 172 37 169 33 153 5 165 36 171 33 150 33 170 29 158 38 163 33 157 40 160 43 162 18 175 23 161 22 152 40 168 30 167 16 
0 159 12 173 38 163 10 154 29 162 34 171 34 170 15 161 9 174 42 167 29 
0 155 37 159 36 163 17 162 11 
0 171 22 169 36 160 18 166 28 153 36 163 40 177 45 154 43 173 32 170 42 172 35 175 39 162 16 165 8 155 49 161 44 
0 173 44 170 31 159 22 161 4 169 29 156 27 165 21 172 33 174 33 162 12 167 8 171 22 158 16 154 11 176 48 168 50 160 26 163 27 164 41 175 44 177 16 
0 172 27 180 2 164 20 187 12 188 38 168 38 173 18 195 8 181 4 160 43 177 5 175 50 186 45 161 42 162 3 182 45 179 37 171 30 155 43 183 17 156 43 
0 192 25 198 5 166 11 181 12 
0 188 13 184 7 202 8 172 47 157 30 195 3 165 42 163 4 192 47 193 38 178 42 159 15 168 44 199 6 179 20 166 15 177 17 
0 182 15 175 1 196 32 191 42 165 19 186 11 200 27 190 24 180 3 169 36 158 43 168 22 178 33 183 12 202 41 197 10 192 3 189 38 194 47 173 20 162 44 184 39 195 40 181 4 
0 174 36 171 5 190 25 193 45 176 19 182 39 199 4 160 24 187 40 185 12 178 36 163 18 201 34 172 1 198 38 170 22 191 23 177 39 
0 185 44 195 49 171 46 197 37 188 17 177 17 200 41 176 46 174 17 182 33 196 14 184 34 201 23 186 31 179 4 
0 163 2 202 39 177 46 161 9 188 13 195 10 166 21 191 46 187 10 199 32 200 36 196 38 190 18 178 42 198 35 162 38 176 7 
0 165 18 188 47 191 29 202 6 164 48 
0 180 35 196 2 177 7 179 6 174 24 173 35 188 24 166 9 184 18 189 50 195 33 185 49 163 15 193 33 202 48 170 36 186 44 199 29 176 34 201 7 171 39 
0 176 38 175 40 168 19 187 35 173 38 197 17 191 36 
0 167 21 178 14 176 18 174 19 171 44 179 10 191 50 166 40 175 37 190 46 200 34 186 24 185 47 182 5 173 18 183 8 
0 179 37 167 12 177 15 172 3 170 37 171 22 192 31 
0 180 45 
0 179 44 195 46 170 47 192 5 183 27 194 8 199 50 187 43 176 28 189 22 177 19 172 39 186 48 191 46 202 39 175 22 198 7 168 12 174 24 173 43 190 41 193 3 180 3 197 26 
0 187 2 189 7 185 35 201 8 170 21 191 21 183 13 194 27 198 34 184 39 180 25 177 40 182 40 188 6 
0 198 34 192 42 191 9 173 18 200 22 195 36 177 45 188 43 202 20 182 36 185 37 190 1 179 31 172 45 
0 177 14 191 27 173 43 187 9 202 17 182 1 190 18 176 30 192 32 196 28 189 38 175 30 194 33 
0 184 27 187 12 176 21 194 50 192 26 191 26 177 30 189 18 183 17 181 42 182 20 172 33 
0 173 20 
0 202 2 196 50 199 30 193 3 187 37 183 40 188 26 184 45 197 40 180 12 
0 195 33 179 35 175 9 194 18 193 7 198 12 176 38 
0 186 19 179 5 178 41 193 38 192 37 200 48 189 36 198 9 190 44 195 24 187 30 
0 195 36 185 11 197 14 198 32 178 22 199 12 189 30 200 9 193 45 186 8 196 1 183 9 194 33 180 24 192 2 188 15 191 18 190 26 202 28 187 20 182 29 
0 198 32 180 10 185 34 187 9 181 19 178 19 188 23 195 13 186 20 184 34 182 7 189 34 201 12 196 46 200 28 190 13 183 38 202 22 
0 206 7 
0 194 11 207 6 195 23 192 10 203 22 193 17 214 9 191 14 213 9 190 11 212 15 204 2 180 23 183 8 196 27 216 34 222 11 210 46 198 11 
0 222 12 186 46 
0 183 6 212 49 219 38 187 48 202 23 189 16 221 10 191 34 211 32 208 41 194 33 222 6 193 33 188 10 198 33 185 5 205 27 
0 212 8 216 41 201 1 210 11 206 49 205 15 219 48 218 44 208 10 222 30 204 12 183 41 
0 212 4 191 14 217 3 192 25 208 19 204 33 215 12 205 17 195 27 194 13 216 40 211 34 187 3 197 20 222 29 210 12 
0 221 32 205 19 207 13 188 3 198 10 192 41 206 28 218 25 216 29 201 48 191 12 195 9 208 12 209 1 193 15 190 34 217 3 194 17 
0 204 28 192 11 219 42 194 37 205 47 212 5 215 34 209 43 211 6 206 23 199 37 187 22 202 10 190 12 197 17 218 13 200 21 
0 200 6 220 2 187 43 205 43 212 18 192 35 
0 198 9 219 34 195 45 214 12 
0 198 26 194 17 200 40 220 30 219 30 199 6 213 39 205 44 203 21 195 16 192 39 206 34 218 38 222 7 
0 209 16 192 38 197 3 220 36 198 24 190 46 213 4 
0 201 36 214 49 194 11 202 42 207 46 220 41 193 50 
0 219 7 196 46 209 12 192 21 220 7 
0 220 15 197 16 206 20 211 42 218 2 205 39 202 13 193 32 195 32 208 42 
0 212 37 196 40 213 23 218 26 208 11 217 37 202 35 206 28 209 17 197 41 207 11 199 43 211 25 200 38 219 50 203 39 198 42 216 42 204 6 194 34 
0 200 21 214 38 221 40 219 42 198 40 206 21 202 1 196 22 210 49 203 31 204 40 195 5 220 47 197 41 217 14 207 4 
0 207 45 199 41 200 2 215 32 202 39 220 43 203 49 216 41 206 15 208 39 205 32 196 22 219 9 
0 209 40 197 41 210 9 
0 221 49 200 42 210 27 214 48 
0 214 14 210 47 206 39 213 9 202 4 212 22 216 26 217 18 221 17 211 21 218 8 208 5 200 28 199 19 222 36 201 30 215 39 
0 217 8 220 40 207 8 206 32 218 49 214 47 201 40 222 36 219 29 213 36 216 44 204 8 221 20 211 1 205 13 203 48 
0 217 34 208 35 222 9 210 6 213 17 209 1 220 29 218 11 203 33 216 18 219 29 202 25 201 39 
0 215 37 217 42 206 49 213 15 209 45 205 45 221 39 203 36 216 12 208 21 202 29 220 30 207 11 219 31 218 39 204 6 214 36 212 15 211 49 
0 218 25 205 48 204 12 212 9 203 28 214 22 217 17 221 2 209 26 220 16 219 35 208 15 213 21 210 9 211 32 216 37 215 27 207 3 222 1 
0 226 11 213 19 229 30 232 2 236 24 215 28 228 42 206 27 205 34 234 5 263 9 259 10 244 13 240 27 254 40 218 20 239 8 265 11 266 29 242 3 248 23 208 18 247 33 249 45 241 4 214 50 252 23 251 23 230 47 250 41 238 43 261 17 217 26 260 18 221 35 246 50 
0 211 39 214 3 252 32 243 32 213 50 262 37 259 6 219 4 218 4 
0 222 24 242 26 228 30 208 48 244 48 216 46 255 12 235 34 212 24 258 36 248 32 245 7 241 46 256 24 237 24 246 20 263 44 229 9 231 30 243 38 259 12 221 1 249 24 219 27 210 2 225 9 206 37 209 35 215 37 238 36 264 4 265 16 211 47 253 15 226 21 
0 234 30 260 17 
0 239 1 263 22 266 10 262 22 213 44 229 41 228 28 210 14 217 32 214 25 237 41 233 38 226 7 248 25 
0 218 26 241 5 226 48 238 11 263 9 239 45 217 30 253 34 242 44 261 34 236 26 221 9 214 35 243 13 210 37 259 50 256 40 251 37 244 25 231 37 215 23 262 45 225 15 209 6 216 41 212 28 260 42 264 37 266 25 248 39 240 27 232 21 255 9 211 1 265 5 213 41 227 37 230 16 254 21 249 45 
0 246 33 250 18 237 34 222 12 227 44 244 7 238 45 
0 228 42 226 36 259 38 218 44 231 3 239 9 251 39 212 32 265 17 229 21 235 38 242 6 233 48 238 30 224 25 262 36 230 7 
0 234 6 225 17 248 12 227 20 251 1 257 41 244 40 226 46 262 43 219 34 221 15 261 34 237 36 250 44 264 32 215 50 238 5 243 5 223 33 231 19 260 5 224 45 254 17 258 21 216 44 247 49 228 32 214 50 253 33 263 40 265 31 255 45 235 2 218 39 212 13 213 46 249 27 239 28 232 23 259 21 241 34 217 37 229 8 220 26 
0 231 49 265 15 
0 264 49 220 26 266 18 245 50 263 26 218 35 243 40 222 39 235 29 251 33 236 48 234 20 248 18 216 23 246 24 228 28 250 37 229 33 217 22 262 48 233 5 260 19 242 7 239 6 254 27 225 11 224 7 221 24 265 46 223 22 256 45 240 29 247 6 259 25 257 2 238 46 231 27 226 49 249 47 
0 254 34 231 14 221 33 258 9 235 46 259 20 220 43 241 43 244 34 260 17 237 28 228 29 224 38 262 12 219 33 264 4 229 16 236 40 218 14 243 28 255 41 230 4 227 23 253 5 217 1 215 34 252 21 233 13 222 32 246 10 216 2 250 28 261 3 
0 260 43 251 14 216 41 233 13 238 19 258 46 239 2 229 9 263 26 246 29 250 2 
0 225 3 260 38 239 46 218 14 256 38 243 39 247 43 219 6 227 5 248 6 258 41 252 12 237 14 241 9 265 50 249 14 255 23 245 3 250 32 224 45 244 41 238 20 220 23 230 28 253 21 233 26 261 8 222 47 223 38 231 15 263 49 
0 224 23 233 29 229 39 232 42 238 29 254 5 243 44 235 11 227 8 242 17 265 37 247 49 
0 266 16 221 30 243 14 254 37 233 28 246 8 230 42 255 9 242 25 223 47 264 26 219 25 260 18 227 39 239 12 234 18 240 24 238 27 265 1 244 45 220 50 231 17 237 48 232 32 225 2 249 7 
0 251 30 231 26 220 43 232 25 233 10 230 38 261 3 247 35 252 35 245 1 246 17 241 1 250 25 244 40 226 3 234 41 262 41 222 39 229 23 266 10 239 7 
0 233 24 232 4 224 39 249 37 227 40 231 40 225 40 251 42 254 5 237 44 235 9 264 11 221 14 247 20 260 46 257 23 239 10 222 29 253 37 244 9 258 9 266 49 
0 237 9 257 19 255 25 254 14 
0 250 29 239 24 231 14 236 38 251 18 234 16 235 23 228 36 265 36 262 45 241 44 259 20 229 30 238 40 254 13 247 23 252 46 245 7 233 22 256 27 224 1 232 26 255 36 246 8 248 43 253 3 243 27 230 8 257 32 223 5 261 31 260 40 249 10 266 39 258 7 237 49 227 32 263 8 
0 239 49 270 13 257 11 281 21 
0 254 49 287 3 281 28 286 18 259 20 238 24 278 8 269 27 291 50 240 13 282 2 244 32 228 43 288 46 237 26 249 28 252 31 276 45 239 16 225 26 263 12 284 38 267 44 247 24 
0 285 38 266 42 256 29 260 36 268 17 236 39 
0 231 19 248 34 251 12 233 43 290 40 
0 240 27 237 12 254 1 287 44 285 2 273 50 245 46 
0 259 15 273 47 265 40 244 15 230 26 239 28 279 17 290 27 278 45 245 41 
0 260 35 243 23 271 44 259 17 283 33 
0 238 1 256 24 268 49 231 47 267 22 288 45 243 1 239 50 
0 288 19 257 1 274 37 277 46 266 27 258 38 270 16 
0 277 40 264 31 290 3 259 14 250 4 283 19 247 13 275 28 260 38 278 22 280 17 252 37 241 34 
0 291 2 245 36 290 20 257 33 246 46 279 29 287 10 250 20 285 41 270 48 277 32 237 23 262 9 253 10 268 15 241 28 249 36 263 40 240 12 244 33 264 2 234 16 284 47 238 47 
0 265 23 243 8 278 40 287 18 267 43 271 28 272 8 270 46 282 46 249 12 284 15 285 43 281 25 259 3 261 6 256 23 251 24 274 37 252 11 242 6 257 8 
0 272 24 252 4 262 37 248 33 277 50 249 11 247 43 266 45 
0 287 18 271 23 283 20 272 47 258 2 239 27 276 2 290 48 262 35 255 41 266 30 264 22 265 44 240 29 244 7 281 40 
0 248 7 243 31 238 44 265 42 246 46 
0 264 36 
0 254 17 244 20 269 35 275 27 286 42 266 50 258 4 245 3 262 34 289 6 280 19 256 35 281 24 249 1 288 18 241 38 272 34 271 39 291 2 259 5 243 2 
0 276 35 270 41 259 20 279 19 253 33 248 16 267 40 283 39 263 50 256 30 246 3 247 31 244 13 274 10 262 28 264 20 271 31 265 22 252 44 
0 283 17 277 43 249 2 273 5 242 32 259 34 246 48 279 17 290 27 260 27 258 38 270 49 255 3 251 7 262 3 264 6 287 32 248 29 250 10 
0 245 44 286 24 284 44 279 31 258 26 283 38 259 40 269 29 250 46 274 21 247 43 291 23 276 39 275 15 273 28 265 21 251 42 256 5 253 42 243 14 244 39 
0 248 2 282 20 285 7 257 2 271 42 259 45 284 45 279 49 249 44 253 1 262 24 
0 274 18 252 30 273 40 281 41 267 18 264 11 289 19 
0 286 11 258 19 290 3 267 17 253 37 279 13 268 39 264 37 269 23 250 47 283 9 280 5 291 23 287 39 275 49 276 37 277 28 
0 255 17 276 1 280 40 288 26 249 44 275 44 290 40 250 16 248 31 273 19 
0 274 19 280 3 284 8 283 21 289 48 275 49 
0 277 22 283 8 253 9 250 21 275 43 268 44 255 43 281 24 274 2 270 13 252 13 285 12 251 46 271 8 
0 288 29 270 3 258 7 271 18 252 49 281 43 283 13 278 45 260 48 
0 255 37 258 4 268 17 266 34 284 34 263 5 269 30 272 40 261 18 291 33 289 27 288 21 254 25 267 22 274 17 264 9 270 11 259 21 
0 274 7 263 9 261 3 290 32 270 27 281 22 285 46 286 18 252 25 264 29 257 34 279 45 269 11 259 30 265 37 283 15 273 25 266 36 277 37 
0 257 7 271 23 275 44 282 3 263 28 278 30 286 22 266 25 283 5 276 9 260 35 254 17 
0 281 35 270 12 276 6 283 49 288 17 266 6 286 40 255 38 259 13 
0 276 16 259 28 282 44 288 48 
0 277 15 282 21 258 37 
0 268 44 291 27 258 23 270 2 282 30 272 18 281 3 
0 272 20 291 13 289 27 269 49 275 13 264 15 262 18 274 30 281 20 283 45 266 25 277 17 276 11 287 43 286 43 260 44 280 11 268 9 279 45 271 15 263 11 288 31 285 18 284 40 
0 287 47 260 7 273 46 281 11 285 30 269 25 286 29 288 47 276 23 283 24 
0 261 18 289 47 276 46 286 46 277 33 274 6 270 46 268 15 265 6 288 26 284 31 267 28 282 39 264 27 
0 273 17 269 17 287 3 270 36 262 49 
0 284 47 273 27 266 19 265 44 287 46 282 7 277 37 291 25 271 26 290 8 
0 277 24 268 27 263 30 273 1 278 23 282 17 266 19 284 46 272 21 267 43 269 23 271 12 290 43 274 1 291 32 281 49 275 11 
0 267 6 274 34 270 29 286 20 285 24 272 15 271 25 288 50 291 26 284 38 279 47 273 43 287 7 290 15 264 7 
0 268 10 287 19 275 2 284 44 282 28 
0 269 22 288 2 267 46 280 36 272 2 266 13 273 9 290 29 278 47 284 13 291 34 274 21 275 15 279 25 286 21 276 44 282 50 268 21 283 37 271 27 289 37 
0 290 49 287 8 281 16 280 30 279 22 277 25 283 26 275 48 274 22 288 39 267 22 268 20 289 38 272 9 269 16 273 37 286 5 285 23 271 43 
0 302 42 273 10 268 37 
0 298 40 311 15 280 41 277 46 275 2 271 4 274 20 273 6 303 49 285 15 294 7 281 28 309 6 278 17 310 14 269 25 272 36 297 11 
0 309 19 290 34 293 26 
0 274 11 271 32 300 45 304 46 291 50 298 33 285 9 306 39 275 11 292 26 289 39 287 10 309 25 281 50 299 28 280 4 297 16 283 50 295 23 303 41 
0 301 16 300 30 297 48 
0 297 43 273 31 296 4 306 40 310 48 277 11 305 50 284 16 302 4 
0 281 8 
0 287 22 308 16 303 24 286 7 300 5 275 36 291 39 301 31 280 28 276 16 284 15 290 45 294 35 288 35 
0 305 6 307 39 284 5 309 24 306 16 280 4 278 44 294 14 279 18 308 26 277 37 276 16 292 19 311 8 291 6 304 33 282 46 300 13 
0 294 19 305 39 279 50 
0 306 14 291 33 289 21 307 40 304 39 301 33 278 21 310 46 288 9 302 7 309 22 305 40 286 29 280 21 293 5 
0 285 28 310 47 280 1 290 7 295 7 279 31 284 22 281 20 282 35 286 1 288 9 294 46 311 27 287 34 289 15 308 26 306 44 291 32 302 29 
0 293 39 289 37 
0 290 27 297 48 298 13 
0 305 25 286 23 291 19 285 22 298 5 303 17 307 31 289 9 
0 284 41 288 37 309 34 293 46 308 49 303 28 310 2 301 39 286 5 285 20 291 13 289 21 302 4 300 49 305 8 
0 285 3 297 34 306 35 292 50 284 28 290 29 307 29 304 49 298 25 299 12 288 48 289 22 300 35 309 14 295 46 310 34 
0 294 13 308 43 300 40 295 14 288 35 298 36 291 33 285 47 293 5 290 50 307 21 292 25 301 23 286 39 302 22 304 1 306 36 
0 289 20 
0 302 6 287 9 
0 295 46 303 17 306 5 288 17 302 44 311 45 310 35 293 18 297 4 290 46 300 22 291 34 309 43 294 23 299 21 305 45 308 37 296 48 
0 298 37 307 50 311 12 290 40 296 20 299 22 304 45 
0 303 37 297 18 302 5 304 15 292 36 
0 307 24 304 36 303 44 300 43 298 10 305 18 293 9 299 27 302 4 311 36 291 39 
0 303 15 295 49 
0 321 23 313 38 297 43 294 47 295 31 330 41 325 17 315 8 298 43 326 5 309 23 318 46 322 16 306 30 302 5 293 43 
0 318 41 300 3 326 42 295 14 
0 306 32 299 21 
0 319 13 299 38 296 13 297 43 300 23 301 19 307 50 317 6 313 17 325 19 306 29 323 34 324 41 326 35 311 17 308 38 298 15 320 50 
0 306 37 298 11 309 14 312 23 319 24 314 20 320 37 317 4 299 47 327 36 318 17 323 5 
0 309 15 325 5 299 2 311 48 298 22 317 3 323 25 310 4 321 13 301 11 313 15 307 33 305 5 306 6 320 31 303 28 
0 328 43 304 33 327 21 325 17 329 7 305 46 320 26 301 18 303 42 326 16 324 3 
0 326 7 319 20 307 33 301 29 303 45 316 45 323 44 322 49 329 24 
0 309 2 324 29 315 26 310 17 313 5 320 1 302 37 329 34 326 34 321 44 318 23 327 7 314 50 308 40 304 3 
0 321 28 304 18 318 32 309 1 302 12 330 4 306 34 320 16 324 20 329 47 303 50 327 18 326 8 310 30 307 14 322 26 
0 319 4 308 39 307 27 324 8 316 16 303 41 313 12 322 43 329 6 323 13 317 20 
0 312 47 325 16 323 5 305 33 315 41 324 47 328 20 317 7 314 50 
0 324 11 316 44 317 40 325 39 
0 315 37 327 27 328 43 311 47 307 11 308 17 320 24 317 37 324 13 326 33 322 4 
0 312 42 317 29 318 29 324 21 316 50 322 1 327 16 308 50 329 3 311 4 319 26 315 49 310 21 323 49 321 10 330 32 314 28 307 12 326 33 
0 308 31 326 44 313 49 322 22 329 18 323 35 321 22 315 34 319 35 310 37 325 9 327 11 309 35 314 23 330 49 317 1 311 7 324 27 
0 328 15 330 46 
0 324 17 318 7 313 1 311 10 326 46 327 4 319 30 321 11 
0 330 34 328 46 317 16 322 3 
0 324 20 319 34 314 12 327 34 313 27 322 36 323 46 312 39 318 32 330 2 
0 345 19 317 15 323 34 314 11 335 48 324 46 322 39 313 15 326 19 338 24 348 50 327 10 330 33 331 35 319 2 318 43 
0 344 5 332 21 321 47 335 32 343 3 
0 315 14 340 12 330 22 
0 348 6 339 9 347 33 328 11 316 25 335 18 336 10 321 3 346 46 349 44 318 3 333 32 344 12 345 39 
0 330 15 333 3 343 35 326 3 324 17 345 50 349 11 331 33 346 31 317 17 332 22 320 25 328 28 322 3 319 37 341 17 335 34 344 39 325 24 
0 335 4 329 16 319 27 328 17 322 6 338 6 327 50 333 1 331 10 336 12 323 10 341 3 325 44 339 27 318 26 340 25 332 33 
0 324 27 326 48 344 17 331 15 342 2 338 23 348 8 321 9 332 19 
0 340 37 343 6 
0 338 48 342 23 321 8 344 46 328 36 341 2 347 31 340 48 329 50 335 15 324 20 349 18 330 31 334 10 
0 336 7 348 46 324 22 325 25 345 8 330 22 340 2 327 10 338 22 342 40 346 9 337 39 333 3 343 48 335 15 331 16 328 27 349 37 
0 326 22 345 5 347 31 332 24 333 28 330 30 323 22 343 34 325 14 339 44 336 8 334 26 338 22 335 28 340 10 
0 333 37 336 35 327 7 331 50 330 10 349 3 346 40 332 3 337 45 348 45 329 7 342 25 338 18 328 26 334 8 324 18 
0 342 31 349 13 331 9 346 30 337 44 345 25 343 8 
0 329 15 342 30 334 47 348 45 347 28 345 5 
0 328 22 335 45 327 9 340 8 
0 328 3 335 43 334 34 346 10 349 2 343 4 338 15 341 9 329 11 330 30 348 6 342 35 331 36 344 7 332 36 337 48 345 48 
0 334 9 336 30 345 37 339 49 330 45 332 11 344 21 343 15 333 2 331 46 337 24 
0 347 21 340 25 339 13 
0 344 44 
0 337 30 350 13 342 44 341 30 370 42 363 17 333 18 347 33 332 48 
0 366 28 337 11 352 21 353 37 350 5 346 5 355 37 336 38 
0 358 31 346 19 349 4 
0 363 49 337 31 360 50 349 9 350 44 359 23 342 14 340 22 354 27 362 37 357 25 367 6 352 44 370 25 353 2 356 35 
0 336 35 349 49 361 2 358 18 342 49 369 2 341 14 340 40 365 16 345 41 
0 349 15 364 25 368 26 355 28 352 19 350 29 359 49 345 38 370 17 369 42 351 22 
0 367 36 342 47 345 43 358 30 
0 365 6 369 28 368 24 362 34 360 20 348 43 361 7 352 18 344 12 343 33 355 27 339 42 347 49 342 38 349 17 364 28 350 9 354 12 367 21 
0 357 16 348 38 346 17 364 47 363 22 360 9 353 20 351 32 369 26 347 50 366 10 367 18 342 50 355 23 343 4 349 41 359 17 352 12 345 26 340 6 344 2 
0 344 25 369 28 353 21 341 29 351 50 370 47 355 14 
0 365 12 360 18 370 29 345 1 357 30 361 24 369 26 342 20 368 50 358 34 344 2 343 15 364 6 354 23 350 25 353 34 
0 354 34 367 18 344 16 350 33 361 25 363 14 358 49 369 13 364 15 366 49 356 8 343 1 365 36 346 35 352 20 353 41 
0 345 23 370 46 360 43 363 34 350 25 351 38 356 36 364 5 346 20 357 4 348 29 354 46 352 43 368 29 349 14 355 46 366 20 344 9 362 28 369 14 
0 351 17 357 31 356 33 358 29 364 6 367 19 366 40 365 13 360 13 352 41 
0 364 3 369 23 349 35 362 33 361 35 347 29 360 14 366 3 350 11 353 20 355 46 357 40 
0 369 8 370 33 349 7 353 43 350 6 362 36 357 23 366 35 368 15 365 17 364 49 347 45 356 22 358 28 352 11 
0 369 21 364 32 350 7 349 22 361 14 358 31 370 39 367 38 360 34 357 45 348 34 352 39 368 18 365 27 
0 358 11 351 30 350 45 368 44 367 35 353 25 363 40 362 33 365 28 360 32 356 45 
0 368 28 352 28 350 25 359 19 355 46 365 33 351 30 362 41 366 6 361 4 
0 357 37 368 34 363 8 
0 385 7 
0 389 33 376 37 388 21 382 29 369 25 378 20 377 16 368 1 359 29 362 3 
0 362 20 368 47 390 30 356 36 
0 373 20 
0 360 2 390 48 375 34 374 40 388 43 385 37 370 15 363 50 378 38 358 39 387 9 365 38 377 7 380 27 389 9 359 9 362 34 371 26 356 22 382 39 
0 381 6 358 46 360 21 366 16 370 23 374 19 362 36 386 27 376 38 384 19 383 39 390 49 389 28 387 11 385 10 
0 382 30 388 35 386 37 358 7 383 8 372 37 369 24 363 44 
0 365 44 370 28 364 45 374 50 381 22 375 38 359 23 360 12 366 19 384 5 376 20 388 49 371 17 390 32 
0 369 44 380 12 375 22 
0 369 47 381 13 388 3 362 28 373 5 372 18 367 11 385 33 375 13 379 8 361 23 386 38 366 42 382 14 378 37 384 17 364 33 363 20 377 28 
0 390 39 385 40 389 27 362 8 370 39 367 29 375 10 364 50 365 9 383 35 
0 373 7 385 11 384 41 387 2 386 36 380 11 367 37 389 44 370 43 383 42 368 43 365 28 363 50 378 21 372 13 
0 389 25 369 42 385 42 370 24 365 19 373 20 367 37 376 46 377 11 390 21 
0 386 36 373 46 
0 382 38 386 9 369 40 384 32 387 26 368 35 378 1 370 13 377 47 379 22 376 45 388 45 375 32 389 30 380 2 367 32 374 15 366 41 383 22 371 30 
0 367 11 
0 371 13 388 2 375 21 381 47 
0 386 9 376 3 381 23 379 41 373 28 382 15 387 14 384 7 372 30 389 20 388 39 369 25 371 50 377 49 390 15 375 22 385 17 
0 376 22 375 28 389 40 372 32 386 16 373 13 384 11 371 14 
0 385 7 373 3 389 11 
0 421 32 387 34 413 15 402 21 372 14 410 24 380 8 384 15 386 14 392 35 377 43 381 46 375 50 
0 421 17 418 45 400 16 417 21 425 17 416 3 375 14 373 24 374 46 422 30 399 15 407 22 379 33 401 47 390 40 
0 374 46 375 38 379 18 415 18 417 36 384 49 399 4 408 6 424 2 389 33 400 11 404 12 418 23 387 41 405 40 422 20 
0 425 26 411 26 418 28 389 24 377 45 419 34 380 16 385 29 401 13 382 22 393 13 413 23 399 19 423 44 
0 408 6 403 9 404 11 378 9 419 48 391 10 397 18 415 46 
0 392 45 408 27 425 18 414 29 404 41 407 22 386 31 412 41 389 21 377 18 394 17 379 23 
0 399 12 407 47 388 34 385 1 383 20 397 21 405 4 425 2 381 18 414 13 422 45 
0 393 43 399 12 412 13 408 7 390 35 386 38 400 31 395 46 423 29 403 32 416 32 388 35 397 30 381 19 424 34 382 46 391 3 404 10 415 36 392 6 422 29 384 35 425 4 389 29 396 3 410 8 379 12 383 25 421 6 420 22 385 24 
0 398 13 390 5 404 45 383 39 391 37 414 5 401 50 422 24 407 28 406 43 403 26 385 16 418 1 412 37 425 12 395 41 393 6 380 27 381 50 410 4 420 38 417 32 399 16 386 4 424 4 400 45 409 38 419 37 392 25 402 21 382 50 405 30 394 21 389 45 397 42 
0 395 28 383 33 396 4 414 7 409 2 404 9 397 48 410 21 415 29 417 15 420 43 
0 406 26 409 25 394 13 403 14 399 45 423 12 405 32 392 26 420 6 412 7 408 34 416 49 411 18 390 17 391 7 402 43 385 17 397 34 421 47 
0 413 17 400 15 411 40 384 25 385 24 417 19 387 6 404 47 414 24 402 37 401 17 418 28 412 8 
0 403 36 396 27 412 10 385 30 409 28 419 33 408 43 404 43 390 35 423 10 410 2 414 32 422 40 
0 402 49 419 12 421 16 414 29 397 3 401 2 394 38 423 47 422 46 
0 388 17 393 37 409 34 
0 402 25 394 25 411 34 389 4 406 7 407 48 417 39 408 46 
0 402 35 418 45 401 4 425 20 417 26 412 48 396 32 393 3 406 36 414 36 394 34 411 25 422 27 424 35 415 38 404 43 
0 405 21 400 39 419 14 413 22 415 6 408 15 390 19 402 26 406 25 396 42 416 38 418 19 
0 409 1 424 32 407 7 425 35 415 29 406 44 418 2 411 24 394 36 393 20 416 50 396 10 403 23 404 38 413 36 392 20 420 37 417 3 390 4 395 50 414 21 
0 396 1 413 27 398 17 404 15 422 26 417 32 418 16 399 14 407 17 397 26 419 10 401 10 393 30 414 1 412 26 425 7 402 3 394 35 409 43 
0 440 6 
0 408 39 395 5 
0 444 14 438 11 411 50 428 23 415 13 430 8 399 49 433 2 419 32 410 4 443 31 
0 433 20 405 43 413 42 
0 406 2 438 32 423 49 399 2 435 16 400 22 431 1 409 40 411 5 405 14 398 41 443 6 415 47 420 42 436 38 441 27 401 28 396 1 
0 401 49 410 40 432 20 409 34 425 31 404 39 438 26 
0 421 2 407 34 422 28 443 47 400 41 415 20 420 32 437 49 405 20 425 39 423 50 433 36 441 6 408 19 
0 412 49 426 12 
0 432 41 422 41 402 38 406 47 403 8 443 8 401 40 417 48 405 37 435 36 440 24 420 15 434 6 433 40 
0 437 37 431 38 
0 443 35 441 17 438 41 419 44 416 22 415 14 422 12 432 13 
0 439 21 427 32 404 8 406 15 412 10 415 32 416 26 426 34 409 28 403 43 442 44 436 27 417 12 405 6 438 45 429 4 434 16 435 17 430 16 
0 440 24 410 39 428 26 438 13 427 10 425 27 426 36 423 49 431 33 404 34 417 29 437 23 414 20 405 18 408 15 406 2 442 15 
0 420 8 
0 431 45 407 18 
0 424 2 419 41 420 28 415 48 433 23 414 45 
0 414 37 426 32 
0 430 10 425 36 435 14 426 36 439 17 423 6 442 9 432 17 420 37 419 44 414 16 443 6 433 23 422 23 415 38 438 8 
0 421 24 434 17 428 13 422 15 435 25 
0 411 21 421 25 424 37 412 13 437 3 433 31 418 41 
0 422 50 439 50 424 33 428 23 438 26 412 2 440 18 437 7 421 45 423 40 
0 443 44 444 19 433 24 437 14 420 23 418 36 430 31 417 5 426 48 432 10 440 31 431 46 425 27 416 18 434 42 442 2 423 40 439 43 
0 418 50 434 32 422 45 444 21 438 20 433 39 426 28 439 39 437 35 436 27 424 4 435 23 415 15 417 21 430 34 
0 429 35 437 6 415 9 443 13 439 10 440 3 431 43 441 26 423 2 418 24 436 27 
0 432 19 428 9 
0 425 35 441 19 420 31 437 30 423 43 440 9 426 3 444 34 434 24 439 31 442 30 430 6 417 30 
0 443 40 439 22 418 18 438 17 422 20 440 13 424 4 441 5 431 28 423 36 436 42 428 31 426 42 427 21 430 37 434 10 
0 424 4 430 39 423 33 437 15 422 32 
0 434 26 440 47 443 12 428 10 429 47 432 48 441 25 
0 438 34 441 11 442 31 440 40 427 36 433 8 424 16 443 24 426 44 444 46 431 19 439 29 432 37 428 49 429 42 435 8 
0 443 5 433 37 430 41 438 34 432 40 423 4 437 3 429 1 440 17 442 42 428 17 435 11 436 18 425 22 441 47 
0 436 47 437 32 427 47 426 22 433 34 429 13 438 19 423 43 434 2 435 23 442 11 444 37 425 2 432 5 441 46 428 29 
0 428 41 441 11 424 34 444 37 438 23 
0 437 24 426 50 433 25 
0 442 37 431 16 436 44 444 23 434 40 427 14 432 39 429 43 438 16 443 16 426 11 437 4 
0 460 28 427 41 446 8 463 33 474 19 432 18 469 20 429 50 447 11 475 23 451 46 477 30 471 3 482 1 428 33 478 14 
0 441 24 461 38 444 17 473 18 430 14 479 44 456 50 463 19 429 29 475 40 437 39 480 49 438 23 451 36 470 45 483 35 448 5 478 47 484 48 436 19 432 47 440 1 442 10 443 27 449 6 439 18 476 28 445 9 474 24 477 22 472 19 446 19 447 14 434 2 471 10 469 24 460 43 455 15 
0 465 35 443 45 437 2 483 42 481 22 439 9 431 17 436 29 478 1 455 11 440 13 449 30 435 46 454 15 432 40 430 37 486 2 429 6 433 22 446 15 468 29 475 7 463 37 484 7 457 43 476 32 452 8 469 10 
0 483 42 431 39 437 33 458 49 453 22 466 46 479 37 444 47 435 11 457 38 452 5 461 31 478 20 465 29 486 15 441 6 438 22 459 5 464 42 482 9 439 8 477 26 463 42 468 22 484 19 432 45 443 41 454 49 450 23 446 46 460 47 455 5 474 19 445 40 
0 465 35 449 32 482 25 441 50 445 1 484 35 460 19 472 23 451 19 456 10 469 43 437 33 478 9 486 14 477 18 432 30 454 31 431 44 455 38 458 6 474 19 438 39 
0 442 42 451 28 437 2 445 5 484 42 480 50 464 29 450 49 460 41 474 30 432 28 439 31 457 34 475 3 481 7 452 9 454 14 447 1 486 37 446 27 465 5 478 9 477 14 472 40 462 14 471 11 482 33 
0 457 48 472 31 475 48 471 49 434 45 458 29 462 16 478 31 461 35 474 26 469 39 484 27 447 34 442 10 441 16 
0 486 16 484 35 468 40 442 23 438 27 472 10 454 20 482 46 476 27 474 5 464 32 478 21 437 30 444 49 470 15 469 45 456 20 448 24 445 33 466 29 458 12 455 15 473 13 467 43 
0 454 13 485 47 453 30 459 43 435 46 436 22 475 14 445 12 479 42 444 20 449 50 467 37 443 25 442 27 474 23 472 7 447 26 470 34 482 46 455 27 481 21 439 32 456 48 473 3 484 39 448 11 483 39 471 4 462 43 451 11 480 29 477 50 463 1 
0 485 13 459 48 481 1 442 39 450 33 458 9 451 7 439 32 469 17 448 21 465 49 464 21 471 3 437 39 443 47 447 2 436 34 441 7 454 32 476 21 480 41 484 23 470 5 479 28 440 15 452 10 477 14 468 48 463 26 478 37 461 5 483 29 446 1 438 30 473 44 
0 437 6 445 14 464 15 449 25 466 40 441 4 462 38 439 34 478 45 463 21 474 29 440 4 482 36 
0 454 32 442 37 450 14 453 16 476 15 464 9 471 46 474 34 452 17 470 11 484 48 456 25 438 3 457 41 444 35 479 41 468 10 477 25 478 36 440 18 463 48 
0 454 31 471 22 466 22 446 46 474 33 462 22 464 4 444 28 472 8 
0 479 30 
0 464 7 468 25 476 5 480 47 455 25 449 15 484 29 472 31 474 7 463 31 443 2 448 30 441 11 456 28 465 17 486 43 467 32 475 50 485 24 450 35 478 49 459 8 452 30 481 9 451 40 473 44 471 14 479 10 469 13 442 43 470 2 482 29 447 14 457 6 454 3 444 2 
0 458 8 450 26 467 8 472 23 462 49 473 13 453 15 443 7 457 42 475 41 456 24 468 12 460 25 466 19 480 11 445 27 459 34 446 41 463 47 442 49 476 39 
0 466 12 455 33 458 31 446 46 450 4 468 2 449 2 463 12 482 3 483 15 469 2 461 25 475 24 452 46 479 46 476 12 470 41 456 37 443 40 460 1 473 49 480 50 447 29 465 4 484 40 474 49 457 28 477 4 444 36 459 23 471 42 445 33 451 26 485 31 464 20 481 44 454 16 486 12 478 16 
0 460 34 448 47 474 48 462 18 450 11 482 25 485 42 453 13 469 19 486 46 464 40 449 22 478 37 475 40 451 49 476 48 484 4 483 17 481 24 479 16 457 44 466 28 467 41 444 30 472 29 463 24 480 23 468 17 465 27 
0 464 6 450 28 481 33 447 17 445 9 477 49 482 20 467 21 
0 472 27 461 14 463 39 485 16 448 28 499 44 
0 470 11 
0 493 45 454 2 481 12 456 36 475 5 498 22 472 25 492 29 484 32 465 2 494 29 489 41 504 37 448 16 502 49 449 19 480 32 451 44 464 12 488 36 460 38 
0 462 40 508 29 459 3 479 23 502 10 485 36 487 39 497 45 504 1 484 44 456 21 488 19 454 29 491 44 452 43 
0 482 34 483 11 491 47 497 17 494 8 504 22 462 43 501 29 493 2 454 29 508 27 481 27 451 8 466 27 
0 486 10 488 41 
0 488 38 453 17 456 24 470 30 491 42 507 1 
0 498 31 461 41 508 33 486 26 465 13 455 6 507 2 464 42 503 22 471 22 477 26 500 30 482 22 491 15 479 32 
0 461 24 504 2 509 35 459 42 471 7 
0 482 10 478 14 460 30 484 1 477 33 455 45 495 34 470 17 481 37 488 18 462 18 506 5 491 9 509 18 487 50 476 12 479 23 468 9 490 46 489 2 457 8 486 15 
0 487 3 509 37 485 33 507 47 466 12 491 16 457 7 481 18 501 45 479 50 490 20 462 26 497 40 489 35 465 17 469 36 482 34 480 11 468 50 508 30 505 2 496 46 470 37 
0 491 12 504 16 487 45 496 47 
0 494 34 509 34 462 7 479 11 491 22 502 16 489 44 504 36 506 3 
0 498 39 504 39 461 38 495 5 473 5 462 47 506 37 460 13 467 16 474 26 490 43 470 3 
0 463 43 498 38 490 27 492 19 487 22 481 35 467 27 497 4 465 24 472 18 488 25 508 6 507 22 470 34 464 22 474 36 509 49 479 28 486 6 491 11 485 45 
0 479 25 495 4 465 10 480 29 507 12 469 28 471 22 475 36 506 19 464 42 466 27 487 3 476 2 472 5 483 44 498 22 484 16 500 8 474 29 478 2 491 32 503 26 
0 492 4 509 15 489 7 486 36 483 24 507 25 468 30 491 5 499 29 506 39 485 35 476 40 488 2 505 22 490 49 493 49 479 35 498 34 496 49 482 28 495 41 484 38 
0 480 10 508 41 509 32 479 5 467 24 503 1 477 9 481 43 500 45 469 45 501 47 473 29 506 27 470 45 
0 481 37 487 5 477 31 464 1 483 41 480 32 473 43 499 23 466 44 490 33 494 20 485 48 472 48 502 5 478 33 470 21 488 9 505 3 495 22 504 47 503 7 
0 489 31 476 11 509 11 502 17 477 5 503 32 507 3 470 38 494 9 475 40 485 26 497 15 480 21 474 20 496 28 473 10 471 44 487 4 484 7 488 12 495 18 
0 475 30 505 47 501 1 471 15 491 11 490 19 492 4 508 40 482 46 493 42 
0 478 1 495 2 487 42 496 44 477 4 479 41 503 36 480 7 498 5 490 45 508 15 504 4 491 39 502 32 506 11 
0 497 12 502 21 470 40 474 37 496 21 509 21 490 15 504 8 492 50 
0 509 16 507 48 496 42 475 9 493 48 482 5 470 33 480 47 502 43 505 3 478 2 494 23 488 18 
0 498 38 472 23 494 18 505 34 491 17 470 29 482 47 476 5 
0 498 23 502 33 475 44 473 29 489 45 499 21 
0 507 25 473 24 474 13 483 34 486 41 480 21 492 7 477 27 488 17 508 36 509 15 502 3 504 43 505 45 476 8 478 47 
0 490 9 474 46 492 3 507 14 479 41 504 49 495 1 
0 494 12 491 5 499 47 
0 504 40 483 50 481 48 485 27 484 7 490 49 482 12 476 28 495 17 500 48 509 7 488 22 502 11 475 17 491 40 479 16 477 7 505 1 
0 493 19 488 45 506 6 496 34 503 1 501 11 502 19 504 2 489 25 
0 478 15 
0 481 14 484 19 493 39 502 11 491 37 482 32 490 40 485 7 496 36 487 1 494 21 497 28 488 10 509 10 492 48 506 15 478 50 498 44 483 12 507 29 495 37 489 17 508 1 
0 484 12 494 31 485 48 490 37 487 20 492 11 501 42 481 7 508 14 480 3 483 17 498 49 505 24 489 50 491 37 499 26 509 10 503 17 488 13 482 5 497 5 
0 495 27 484 24 480 5 493 33 482 50 487 6 489 20 483 2 491 25 508 36 490 23 504 3 496 41 509 14 486 25 
0 486 39 493 3 506 1 484 47 504 21 505 18 488 50 501 33 491 9 496 32 497 9 494 35 483 1 503 41 490 6 492 10 
0 499 6 490 13 501 5 
0 505 36 489 42 500 42 508 6 506 10 495 48 491 40 484 6 502 49 503 35 494 18 487 26 498 50 
0 493 21 498 28 503 20 484 46 487 37 
0 504 26 508 1 506 25 502 7 493 31 485 41 487 8 491 29 509 6 494 28 492 14 489 3 486 22 498 14 500 17 
0 507 38 493 35 503 47 509 46 487 10 488 7 501 27 
0 504 37 
0 505 20 523 7 524 10 503 45 517 24 501 14 492 30 513 14 490 27 489 47 502 45 514 9 507 34 520 34 499 30 508 44 528 4 494 2 
0 527 17 512 38 518 24 501 21 496 19 513 31 503 8 495 50 505 35 526 3 489 31 525 30 504 40 497 20 
0 523 42 504 22 514 27 526 26 527 44 
0 495 18 515 20 511 41 509 29 501 31 491 4 497 22 527 15 
0 508 36 525 10 523 7 499 35 497 19 492 28 504 45 514 26 494 38 512 2 
0 525 38 522 21 516 13 493 12 499 22 500 3 
0 527 46 526 13 504 28 514 49 497 37 500 12 
0 510 37 525 46 499 50 522 17 516 3 504 14 511 39 506 29 495 40 
0 523 4 524 49 510 40 513 33 527 46 497 21 501 17 516 5 528 43 496 7 502 39 507 29 503 4 520 14 517 13 
0 505 48 517 50 
0 498 5 505 2 515 20 516 28 527 49 517 48 504 43 
0 503 7 508 27 518 15 527 17 511 39 517 25 507 35 
0 526 38 513 18 507 18 
0 523 39 521 1 522 30 511 30 519 31 514 28 527 6 508 48 520 35 509 46 501 21 
0 520 13 506 46 519 5 527 20 516 7 502 7 504 37 513 48 508 43 518 10 
0 528 2 525 6 512 18 524 28 513 18 504 40 503 32 518 46 509 32 516 32 522 34 527 6 520 36 507 23 505 31 506 46 519 42 
0 508 25 522 2 517 46 513 20 515 40 506 25 527 27 510 13 521 35 505 30 520 14 514 14 516 19 524 29 523 35 518 37 528 37 
0 520 1 522 1 515 37 
0 513 49 507 26 509 44 525 2 522 16 524 21 514 38 521 48 515 36 
0 514 24 518 37 522 8 525 9 527 46 508 21 
0 510 47 528 24 509 37 527 21 520 3 512 41 524 5 518 38 513 1 514 37 515 25 516 5 526 11 522 44 521 30 511 34 
0 521 40 523 46 512 28 513 36 527 48 
0 527 7 521 44 519 16 511 40 513 44 512 6 526 46 514 16 
0 548 49 531 50 519 37 515 34 535 30 549 45 529 5 523 35 511 6 550 16 540 49 514 1 526 12 
0 549 21 513 34 514 43 516 17 
0 535 48 539 31 518 1 521 10 532 1 527 21 540 20 536 25 
0 544 13 517 18 538 41 520 21 545 9 518 47 541 40 543 22 533 9 522 40 527 12 523 48 530 25 526 26 549 39 537 6 529 34 546 38 515 29 534 42 524 1 531 1 
0 527 42 546 29 539 20 537 26 536 1 548 47 
0 528 30 539 23 549 3 542 44 521 14 550 45 525 47 547 27 545 47 531 45 548 36 532 35 538 47 
0 527 35 537 48 519 28 538 40 543 5 517 31 518 32 534 45 520 19 535 15 539 10 548 37 547 20 521 31 545 48 542 10 524 42 531 39 541 20 533 44 530 26 528 1 
0 541 23 536 15 548 38 
0 544 50 529 41 542 42 532 11 520 6 545 1 530 11 523 29 543 4 539 38 538 29 522 7 525 34 534 28 546 33 528 16 548 19 537 46 541 24 
0 547 29 533 7 523 48 546 39 531 23 545 47 528 47 537 33 539 27 521 35 524 22 526 9 532 19 
0 540 40 542 49 546 1 538 25 545 36 549 40 524 38 550 33 
0 539 17 534 7 
0 541 20 527 15 548 17 532 11 526 23 529 16 540 25 531 46 547 50 534 4 537 8 550 5 542 22 546 7 544 25 524 7 539 30 528 2 
0 537 11 543 3 530 6 524 12 541 20 525 27 536 11 550 23 538 44 529 2 528 8 535 16 
0 527 27 537 11 540 41 525 33 529 30 
0 531 49 533 14 526 26 549 29 548 16 545 10 550 37 
0 533 34 543 5 528 42 545 46 539 36 549 2 538 50 536 24 534 47 527 7 541 5 529 4 540 1 547 14 
0 528 49 544 19 545 12 539 28 550 28 538 30 530 26 536 9 534 7 541 21 535 1 549 41 
0 547 3 549 37 531 49 
0 577 32 555 34 567 6 533 9 
0 562 36 568 33 580 20 549 23 539 35 572 6 575 14 538 29 544 16 563 30 581 37 
0 539 22 556 42 533 27 560 7 550 28 537 26 546 5 545 41 566 41 561 10 574 27 535 35 569 41 543 6 534 25 
0 582 44 568 33 554 14 573 36 574 33 546 40 571 13 565 29 579 25 559 6 564 3 578 17 536 14 541 48 545 4 566 47 560 49 555 28 543 41 572 39 550 44 552 26 556 41 
0 549 6 572 6 552 15 561 43 577 46 566 7 564 28 544 43 560 35 563 34 555 6 550 21 570 27 578 50 557 22 538 41 537 50 540 34 571 36 554 43 548 37 539 5 541 36 567 43 551 38 
0 550 7 
0 563 9 537 18 543 26 577 8 558 43 557 24 
0 537 12 564 50 549 7 541 8 576 29 554 47 545 28 565 27 557 49 567 50 542 38 573 45 558 50 547 23 555 26 577 37 560 3 580 28 546 16 
0 570 43 571 34 538 4 548 45 554 8 558 8 566 4 546 42 550 34 542 20 552 21 549 30 567 14 557 50 564 27 572 45 575 42 581 33 
0 550 42 574 31 575 12 545 38 576 7 541 41 579 11 563 33 562 50 556 40 
0 559 4 544 19 582 24 564 27 570 23 551 10 577 35 565 17 562 24 576 38 547 16 548 45 
0 552 36 575 44 580 23 548 25 581 5 568 32 566 28 542 36 554 17 
0 571 40 575 30 564 16 580 18 560 5 582 40 579 37 572 17 577 6 569 7 558 33 574 18 550 43 578 23 552 27 576 14 
0 555 24 547 10 580 33 553 19 550 48 564 40 558 13 582 48 566 49 551 26 546 44 562 13 545 20 554 48 556 22 579 29 
0 563 3 550 46 579 49 572 50 554 13 564 10 573 28 569 26 557 26 580 27 570 10 566 7 567 42 565 36 553 3 562 24 568 22 574 27 
0 563 41 581 46 582 28 546 13 569 50 551 46 571 14 554 19 557 6 570 37 578 2 566 23 567 36 556 20 553 38 572 28 575 43 555 44 561 41 550 40 574 26 548 32 564 19 552 31 579 46 559 19 565 11 547 42 558 28 576 49 568 5 549 44 
0 576 15 559 18 582 27 562 25 553 9 557 44 563 31 578 5 571 10 574 1 546 17 568 42 550 22 579 9 561 42 569 9 572 31 549 8 555 49 565 4 558 14 566 22 573 50 581 9 556 48 554 20 560 3 575 37 570 45 
0 552 11 568 3 556 20 
0 578 13 562 2 560 19 551 22 575 39 558 6 581 44 571 49 552 17 579 8 554 18 550 13 573 26 569 8 557 38 570 10 
0 568 47 577 22 554 32 582 37 571 3 556 25 578 43 565 28 566 44 576 44 560 31 549 49 569 40 562 38 579 41 570 5 572 27 553 18 555 26 581 49 
0 581 42 553 3 577 50 556 50 558 15 579 7 560 13 559 16 568 43 578 28 550 1 582 41 572 13 571 17 580 12 555 35 569 1 575 15 552 31 576 50 566 30 554 16 562 31 551 13 567 5 570 31 564 17 
0 559 6 556 43 566 6 577 47 570 17 567 49 571 15 578 46 564 42 554 27 557 46 553 48 555 35 572 22 
0 602 13 573 22 567 27 587 5 580 8 594 26 598 21 592 40 564 29 578 20 583 24 554 17 555 50 556 50 568 3 585 30 570 17 
0 581 12 559 34 591 33 561 28 572 4 558 38 578 32 560 5 576 10 566 10 565 19 602 44 593 16 595 19 601 4 569 33 587 27 
0 598 33 566 41 558 49 556 15 574 4 573 15 555 4 576 22 568 19 591 32 588 11 570 20 590 25 600 18 601 13 575 23 554 8 597 14 578 34 571 47 
0 581 31 565 41 566 40 589 37 556 13 559 28 586 23 597 30 573 35 594 2 574 38 575 39 584 34 569 38 596 28 593 9 602 19 567 47 568 1 
0 587 23 598 10 560 10 585 5 570 1 564 36 593 44 595 21 590 32 
0 596 11 564 40 558 34 576 20 590 23 591 22 559 45 602 12 582 36 601 22 574 20 565 21 598 19 561 46 
0 578 8 574 5 564 50 597 1 582 34 573 39 593 14 583 49 568 2 594 31 591 15 569 19 
0 572 16 574 2 570 4 584 5 559 20 571 19 589 28 587 39 599 21 583 25 561 42 598 5 568 9 
0 589 12 593 6 563 44 600 2 565 12 568 50 586 32 592 33 573 25 570 3 
0 600 29 582 49 598 20 565 18 578 32 587 10 590 30 575 32 595 24 596 48 563 24 567 7 585 24 599 18 571 7 
0 581 38 602 29 565 19 588 3 564 40 574 34 586 10 571 6 577 13 599 32 590 29 595 38 578 40 583 37 600 39 
0 591 7 586 31 571 14 582 47 564 5 573 10 600 35 563 11 585 41 587 30 580 24 567 18 569 2 570 27 579 28 
0 587 13 564 20 571 29 574 40 594 1 569 15 577 49 
0 574 24 581 20 599 26 565 15 602 45 
0 601 22 573 8 600 2 572 9 567 23 569 11 574 9 590 28 580 5 568 1 585 26 571 6 577 26 595 20 584 24 581 16 578 7 579 29 576 13 
0 597 23 569 2 579 8 591 16 602 31 573 41 598 18 586 48 582 23 567 22 571 1 599 11 576 18 585 22 584 47 601 45 589 11 577 17 595 39 
0 601 36 590 29 571 10 575 17 584 26 587 7 579 44 595 37 
0 598 31 577 37 599 35 573 1 571 29 591 15 583 2 584 22 
0 570 40 
0 579 14 602 5 599 49 587 45 578 40 581 1 577 31 597 41 576 40 601 30 574 40 572 20 589 43 575 43 591 37 571 13 592 19 
0 585 33 589 48 598 6 600 27 593 37 582 33 573 50 586 39 583 4 574 19 594 18 578 25 584 30 575 19 601 15 
0 582 50 589 41 587 18 593 21 602 35 592 1 581 36 596 49 600 21 601 32 579 41 574 35 575 1 591 47 576 20 598 15 588 7 580 36 578 46 577 30 
0 590 11 595 45 
0 600 38 
0 597 40 582 14 579 47 583 41 576 5 590 27 
0 578 44 587 1 593 19 583 35 598 4 594 9 591 36 585 32 602 16 584 15 599 49 581 5 
0 591 12 580 1 579 46 601 27 588 18 
0 587 17 589 14 585 17 583 48 598 13 581 31 580 3 582 14 597 22 579 22 586 3 594 21 600 20 602 28 599 14 592 12 601 19 
0 594 9 581 47 588 4 590 21 599 14 
0 602 18 585 20 584 26 594 10 
0 595 25 594 45 599 41 597 39 584 30 
0 600 39 584 32 586 5 599 29 
0 590 47 587 38 603 6 601 10 588 19 605 42 585 36 615 8 617 39 592 21 
0 610 11 620 17 606 11 605 20 603 21 592 37 595 25 611 16 593 19 587 9 614 24 591 45 597 34 589 13 616 7 621 37 
0 588 4 614 14 594 40 617 46 621 6 612 49 605 41 610 6 624 28 608 24 599 15 591 18 595 17 593 6 601 44 586 45 619 22 
0 589 22 590 6 619 10 603 16 606 43 601 11 621 11 
0 611 27 623 41 593 25 619 37 600 16 605 24 598 47 590 21 591 40 588 8 592 2 603 48 597 44 614 32 613 37 602 4 604 45 609 4 620 42 616 1 599 24 
0 591 6 606 12 593 4 589 48 599 17 605 6 592 38 619 7 601 1 614 23 595 22 610 22 608 30 598 49 612 25 604 5 
0 615 24 599 29 609 14 618 17 592 49 614 4 603 3 622 17 595 36 604 5 623 33 616 38 597 22 
0 610 37 620 21 623 28 597 44 595 50 621 47 606 40 600 50 609 21 599 42 605 50 603 5 612 9 
0 611 30 609 31 624 26 622 8 610 48 602 34 593 4 607 24 612 15 619 48 617 39 614 1 595 15 603 30 599 5 597 23 594 30 621 37 601 11 
0 593 42 621 34 594 35 603 42 602 21 604 36 614 18 612 17 596 23 617 19 595 41 606 48 620 39 
0 611 25 622 21 605 2 613 22 600 17 609 4 617 44 623 35 621 10 601 45 608 22 596 43 624 4 
0 614 24 606 22 597 9 624 24 599 41 613 18 608 18 610 27 601 19 618 40 623 1 615 25 609 16 607 50 620 34 622 28 596 17 595 31 605 7 604 30 602 33 611 25 
0 598 29 600 31 609 8 611 33 618 36 602 33 606 46 599 15 612 8 616 19 605 47 614 21 608 49 603 42 610 47 621 26 624 37 597 32 615 19 601 11 619 27 607 13 
0 606 11 598 17 605 31 620 44 622 2 599 18 623 36 
0 607 26 
0 617 34 620 2 608 24 601 16 603 15 616 15 621 23 619 24 618 4 624 27 606 34 609 13 614 41 613 11 612 2 604 48 610 10 600 42 611 13 622 27 
0 624 11 614 17 
0 612 17 
0 621 6 615 44 609 22 620 9 618 49 624 39 605 37 604 30 614 31 608 30 610 22 602 12 613 4 606 42 611 5 607 35 617 40 616 4 619 38 612 14 
0 615 18 621 7 609 32 
0 620 27 630 2 647 37 626 9 610 50 
0 626 45 613 42 605 19 635 12 617 13 653 31 654 47 608 7 651 26 618 30 655 16 607 20 
0 653 38 617 4 645 18 641 29 646 45 654 3 613 21 620 37 606 18 
0 635 26 651 23 648 23 614 11 650 50 636 4 615 26 613 7 608 25 638 10 624 1 625 46 
0 635 47 612 40 639 12 
0 628 9 609 47 621 10 
0 629 15 648 11 625 17 646 32 643 30 616 43 620 31 623 50 647 19 633 34 628 46 654 11 615 45 618 24 613 9 630 45 
0 646 13 629 30 645 5 625 39 649 40 642 11 613 22 623 23 636 20 619 13 638 18 641 48 614 28 637 46 612 26 648 37 627 31 621 16 633 25 611 34 626 38 
0 631 50 655 22 621 28 614 49 643 42 630 13 625 11 616 8 628 20 645 13 647 14 632 13 624 37 635 11 620 37 640 36 622 44 623 40 
0 640 31 637 19 614 44 653 25 624 3 635 50 646 30 652 5 618 2 645 45 651 30 643 24 638 46 617 2 
0 648 21 622 24 631 21 616 6 638 10 639 17 647 50 614 26 640 37 650 43 617 37 632 41 642 36 646 8 
0 643 38 615 22 651 11 634 23 638 29 622 34 650 17 632 19 644 29 639 22 646 35 628 45 655 2 631 35 633 6 637 50 619 30 649 38 635 3 625 6 621 46 616 36 629 17 620 20 647 13 617 6 648 15 627 23 653 14 
0 645 9 649 37 652 47 630 13 623 31 636 50 639 3 647 1 627 28 617 41 618 49 643 23 655 49 653 40 625 39 628 38 650 30 
0 640 44 621 2 649 26 642 36 619 47 622 17 618 2 629 8 626 19 643 7 
0 620 35 626 32 654 22 621 39 622 12 639 45 648 30 636 11 642 9 627 27 645 30 635 38 619 28 618 44 631 28 629 49 651 29 655 40 653 11 628 31 643 41 633 23 641 2 650 24 
0 647 12 652 16 632 12 642 39 630 33 651 23 631 39 627 29 624 46 650 8 626 37 644 19 649 13 628 14 638 49 620 37 637 46 643 19 634 7 629 25 648 19 623 37 
0 623 23 645 14 639 12 654 5 648 41 643 25 642 14 628 24 626 35 653 26 650 50 621 25 630 28 632 26 
0 632 32 646 48 639 47 654 6 625 16 648 27 645 7 634 32 623 39 649 25 655 7 641 1 622 5 650 34 626 15 630 16 621 25 653 38 635 41 644 34 637 3 652 24 
0 645 26 626 26 652 2 654 19 630 45 647 25 628 6 644 9 631 26 634 32 640 26 624 2 625 42 636 46 653 14 623 18 622 33 650 1 649 21 632 47 633 50 646 27 637 27 638 18 643 13 
0 623 21 655 5 653 5 
0 635 16 655 24 644 1 631 45 627 7 648 13 625 42 636 39 629 35 646 46 632 16 643 38 651 32 649 4 638 14 637 37 626 40 
0 635 45 647 1 653 42 637 6 640 20 652 2 633 8 646 48 628 41 654 46 655 7 638 6 639 45 634 35 642 31 
0 694 40 641 13 732 50 681 38 667 1 644 17 672 45 690 38 711 4 724 28 740 42 662 7 655 22 734 44 630 23 698 14 688 22 704 34 701 50 722 6 651 2 748 43 637 31 646 6 680 50 673 7 744 15 678 7 634 50 674 39 708 39 648 20 
0 740 5 723 46 673 36 644 45 687 18 629 16 709 37 683 20 632 2 710 44 717 42 671 36 713 10 661 45 742 42 691 9 667 4 647 31 711 1 643 10 701 8 662 22 728 42 
0 685 33 668 49 654 42 743 37 687 13 655 9 717 24 699 17 739 6 716 48 703 4 634 2 676 27 719 43 695 7 666 35 736 17 642 30 729 13 636 50 723 42 
0 675 5 737 22 700 46 677 28 711 29 634 2 706 21 666 27 663 22 685 41 716 46 636 10 637 30 701 20 670 19 650 40 705 20 692 21 652 48 632 31 629 20 671 12 746 40 747 35 689 37 644 4 676 9 640 33 699 12 638 21 673 27 647 38 687 39 668 28 682 47 730 46 739 4 688 12 741 6 744 38 721 48 659 3 742 37 698 28 743 39 714 24 645 47 690 43 723 7 713 13 694 48 655 43 748 4 658 8 662 43 653 16 642 18 691 5 693 47 635 31 720 41 684 39 639 1 683 35 719 42 651 47 664 17 722 35 660 15 717 12 680 4 695 20 674 47 646 17 643 32 718 37 708 6 745 18 667 28 727 25 679 30 725 29 661 6 
0 681 43 723 19 667 40 674 30 720 5 745 39 709 17 712 13 679 31 721 38 
0 657 9 651 48 640 8 705 47 631 47 676 12 710 23 698 2 664 17 699 24 702 20 687 14 677 13 701 28 649 13 672 37 634 36 688 9 636 25 670 16 635 11 732 36 703 43 637 41 745 42 665 27 633 5 641 7 660 19 717 2 692 2 652 33 744 3 697 23 719 7 663 8 747 3 685 7 748 8 
0 678 25 650 20 701 9 669 29 668 7 639 38 746 31 715 15 709 10 698 34 694 47 708 35 665 21 642 19 633 17 679 43 716 18 703 28 656 1 705 28 663 32 673 7 733 4 719 44 706 6 695 23 664 21 707 42 718 38 657 12 674 15 710 20 747 50 655 45 738 40 654 35 697 23 652 48 729 46 740 30 675 21 736 25 728 17 635 25 637 6 676 28 646 20 647 26 717 22 666 44 634 16 743 46 735 22 651 45 653 7 684 24 683 24 636 8 704 13 742 24 699 45 722 41 662 27 723 45 700 48 671 43 731 2 685 1 672 7 
0 652 32 739 25 671 6 738 19 681 48 653 22 642 48 704 25 708 22 676 6 737 48 744 43 691 42 678 48 707 45 695 15 741 7 696 43 661 29 674 50 687 36 668 49 649 21 746 14 720 40 672 19 663 1 700 30 665 20 722 43 643 1 723 45 657 26 635 50 732 43 633 15 743 48 703 10 669 3 660 49 655 49 659 3 662 27 
0 668 5 
0 644 27 690 29 699 19 688 5 739 15 716 19 704 8 639 20 648 42 671 1 728 35 717 32 666 22 654 28 683 29 708 28 674 48 643 28 645 19 737 1 669 39 680 16 689 23 661 39 657 37 668 18 678 11 729 50 734 18 710 11 679 34 718 47 719 24 642 13 691 7 672 43 697 37 638 47 709 18 744 36 702 11 746 21 659 3 735 13 636 18 646 34 701 3 640 45 738 4 706 26 681 29 745 15 696 14 714 27 653 35 712 47 724 36 700 46 695 13 741 43 727 48 693 22 703 1 698 45 732 49 663 12 685 47 711 38 673 26 733 38 647 35 742 7 686 30 658 10 
0 742 6 652 31 706 50 670 49 748 37 656 6 702 48 653 50 
0 713 21 658 4 711 19 722 42 638 17 729 45 745 5 655 32 645 5 685 31 693 40 704 27 743 49 664 39 728 6 648 37 657 3 643 46 741 12 714 3 660 20 668 24 735 36 732 33 682 47 738 20 659 11 708 43 652 15 746 5 688 11 654 9 681 27 705 46 683 46 730 40 719 32 742 7 691 35 747 7 715 36 699 11 726 13 700 28 640 12 649 47 716 14 709 45 680 34 734 18 667 14 712 17 698 39 647 37 694 16 736 50 661 19 717 14 737 34 706 3 676 28 666 10 701 42 690 35 669 45 653 39 672 3 641 49 684 41 662 24 650 47 646 9 695 28 748 12 671 27 744 38 740 10 
0 696 46 711 17 734 16 644 46 703 19 691 46 736 37 727 2 649 44 671 5 735 13 746 15 714 16 653 31 719 14 701 23 656 23 745 9 641 1 688 9 715 9 704 41 706 16 717 11 685 47 655 34 716 15 662 12 683 48 737 26 713 11 700 40 639 1 670 12 681 24 666 18 720 32 686 47 707 33 693 40 657 33 645 10 733 10 694 19 690 15 702 7 660 32 650 48 731 38 741 20 664 16 672 45 652 2 738 13 724 10 725 3 726 27 708 21 
0 675 20 717 4 660 6 651 1 650 41 743 6 729 49 665 34 699 29 661 26 671 12 730 4 725 16 683 34 687 35 692 35 733 34 726 48 697 11 678 2 731 47 715 35 673 18 713 12 674 33 670 41 736 17 667 34 728 44 708 45 727 36 693 42 721 31 646 50 695 5 669 21 724 48 744 19 696 15 723 47 707 44 676 22 647 22 688 46 737 47 641 10 722 46 689 12 679 26 655 26 712 18 639 41 682 7 642 12 
0 652 11 695 2 747 17 730 34 713 19 724 22 694 42 671 42 735 36 742 45 740 11 738 7 721 38 686 27 640 39 687 29 656 10 701 16 696 23 645 21 683 45 729 34 672 32 723 7 720 40 719 26 707 30 745 20 706 23 662 3 737 6 
0 691 48 681 50 668 17 643 32 688 34 703 22 731 43 711 37 712 37 730 31 702 25 662 21 666 13 708 3 653 25 695 30 687 41 704 28 734 12 719 16 682 37 672 42 728 26 673 33 644 40 
0 712 13 656 38 680 16 674 47 688 10 696 32 685 3 642 19 675 28 739 25 725 27 663 45 643 34 707 27 697 22 
0 730 36 653 32 738 44 651 38 728 8 747 3 737 6 705 23 650 5 714 12 685 23 726 13 729 41 720 46 671 17 668 38 710 19 672 7 723 33 644 24 670 30 
0 697 4 651 15 718 39 666 24 654 45 660 38 698 39 748 9 728 20 679 38 677 43 672 22 740 31 680 23 684 15 653 30 664 40 742 39 696 10 731 25 699 21 725 9 645 26 663 33 673 27 659 28 678 3 688 16 735 20 715 31 736 23 692 38 710 25 683 36 644 43 662 36 707 21 733 23 734 45 647 8 703 27 741 29 716 19 
0 654 44 669 14 710 45 732 39 716 21 697 18 713 11 726 38 706 25 709 8 735 25 687 31 702 26 741 26 680 46 714 28 715 46 703 20 662 11 711 47 727 27 731 49 646 50 733 30 740 27 666 14 723 42 734 13 719 2 712 23 676 22 684 5 745 37 652 8 737 41 667 11 695 16 724 50 691 23 701 29 725 19 704 5 686 35 742 29 692 28 720 21 685 47 694 5 708 45 699 11 672 43 728 13 659 8 696 5 689 16 648 20 718 46 690 45 748 8 656 23 649 32 663 22 722 24 705 28 688 18 738 34 717 34 677 24 739 17 700 12 674 11 660 16 707 27 698 42 681 15 675 31 730 13 664 33 746 1 655 48 671 15 650 5 647 12 670 15 682 32 744 40 679 21 661 20 
0 730 2 
0 682 20 708 29 745 49 734 35 717 1 665 46 741 27 723 7 735 16 659 47 703 2 686 7 743 28 720 38 668 34 719 1 649 11 727 17 711 1 671 39 666 48 707 4 684 31 706 28 746 8 648 25 718 5 726 49 664 21 714 16 698 20 676 38 670 38 747 19 691 6 685 36 647 18 652 19 713 32 716 27 732 18 697 35 748 5 715 26 730 47 692 5 731 46 662 4 728 23 657 1 661 42 721 22 688 12 729 36 724 28 694 12 701 35 736 9 680 14 737 19 650 33 651 3 687 11 679 7 683 47 672 43 695 10 722 4 739 37 678 17 700 20 704 25 660 47 712 25 744 34 656 32 663 22 658 38 
0 657 3 665 38 736 22 668 27 738 5 675 43 670 33 654 20 705 13 674 30 714 36 679 38 666 41 660 11 713 48 716 37 676 33 722 28 667 21 682 19 710 11 726 39 663 48 686 32 687 24 700 39 650 49 685 19 690 22 656 19 697 46 652 43 727 19 728 41 709 10 703 38 708 14 732 50 723 37 673 36 678 21 719 28 692 6 662 50 715 17 694 9 681 26 661 13 689 49 707 43 737 7 651 37 664 45 653 27 729 25 695 43 706 7 
0 717 32 730 47 727 44 675 1 693 7 691 34 711 29 668 8 721 31 734 47 666 20 690 4 718 35 705 26 684 27 706 6 658 6 682 4 681 36 748 39 679 33 701 9 702 12 731 35 695 31 650 17 744 22 745 32 678 24 667 6 722 16 689 10 719 23 743 22 673 4 715 35 657 28 741 24 738 29 659 27 688 2 746 35 664 15 723 25 735 49 670 8 709 46 654 2 710 21 703 33 720 47 736 38 669 15 729 31 713 15 662 16 728 44 712 1 747 47 677 21 649 44 716 39 652 10 740 22 726 50 687 44 708 24 714 24 665 22 694 37 676 29 653 19 700 45 725 12 699 7 661 44 733 48 724 27 671 28 692 49 707 30 742 14 697 48 656 8 
0 650 20 661 25 682 34 677 44 719 23 696 33 652 22 665 9 710 11 736 26 659 20 729 20 711 18 674 25 679 26 695 11 686 13 657 50 675 30 720 15 684 4 735 1 741 27 673 38 702 9 681 28 691 20 670 22 700 48 737 47 656 47 666 41 692 15 678 18 708 20 688 20 727 39 694 8 742 7 728 6 685 34 713 12 699 26 732 44 660 11 722 21 667 23 651 33 734 32 725 27 697 45 717 15 655 46 726 1 709 19 687 1 704 25 744 35 
0 728 4 661 44 696 17 686 13 730 18 663 37 654 15 690 5 681 18 732 44 726 31 698 16 710 44 725 6 
0 731 12 676 2 696 1 739 4 677 10 734 18 671 38 664 43 662 40 687 5 678 23 719 37 736 26 692 9 688 38 683 45 656 19 712 22 672 10 713 47 744 21 725 9 733 48 658 39 673 7 694 49 693 33 667 47 691 16 682 30 703 20 714 28 717 39 663 11 657 45 698 16 695 21 689 12 746 47 690 23 669 36 679 6 745 47 701 31 716 49 709 3 665 49 670 44 748 9 652 32 705 40 724 14 655 21 680 49 659 8 741 37 681 49 668 1 737 7 
0 659 35 701 13 725 7 713 3 688 39 696 28 727 38 692 49 718 44 690 50 734 43 660 13 653 19 683 34 747 37 687 8 724 43 716 30 673 38 693 5 672 44 728 37 686 28 676 5 707 13 700 34 658 34 736 35 666 15 656 8 726 37 742 39 681 42 715 29 737 38 717 9 670 13 704 7 662 19 671 45 723 22 703 3 663 17 722 44 691 46 721 16 679 43 741 33 712 38 731 44 698 24 684 19 667 25 669 11 657 46 
0 691 43 735 8 686 50 662 6 682 45 742 7 695 31 677 19 724 43 746 5 720 31 721 8 690 19 681 49 697 47 714 33 730 30 729 12 655 50 676 44 713 29 703 31 679 15 698 35 669 18 680 46 654 37 726 9 725 47 689 44 656 22 674 14 719 23 723 13 702 46 706 23 748 7 710 32 733 37 715 13 693 25 667 6 670 10 740 24 658 41 688 34 666 23 678 14 734 2 659 49 
0 680 12 664 23 711 37 715 33 669 34 670 23 739 44 695 46 657 9 666 42 681 37 729 18 686 7 660 23 689 10 692 20 697 21 741 11 705 41 688 22 746 16 716 10 736 13 
0 693 22 743 31 729 32 736 44 659 45 662 17 731 24 735 33 738 47 680 32 657 39 710 5 746 1 689 39 692 44 727 37 739 4 712 20 664 22 668 39 726 31 698 1 685 15 706 43 741 5 691 30 676 22 671 25 711 36 709 7 716 5 705 6 713 27 721 45 737 1 687 41 665 36 748 42 722 6 715 43 661 16 686 30 701 39 720 14 742 13 658 42 702 4 733 47 669 8 673 25 719 37 678 25 730 4 724 16 675 50 732 8 717 49 697 31 696 30 718 34 670 42 
0 670 4 
0 685 11 
0 712 1 
0 684 35 
0 676 44 
0 670 41 
0 734 24 
0 711 26 
0 745 29 
0 728 2 
0 686 7 
0 729 22 
0 721 50 
0 671 46 
0 735 49 
0 718 36 
0 683 1 
0 716 24 
0 687 21 
0 692 5 
0 713 34 
0 729 10 
0 749 45 
0 746 37 
0 718 32 
0 697 8 
0 687 1 
0 745 30 
0 725 42 
0 723 22 
0 715 13 
0 741 18 
0 689 48 
0 691 6 
0 701 26 
0 703 5 
0 729 32 
0 743 31 
0 696 33 
0 728 14 
0 741 29 
0 749 35 
0 704 2 
0 711 33 
0 708 25 
0 746 25 
0 745 21 
0 723 14 
0 745 25 
0 739 30 
0 746 32 
0 709 15 
0 748 40 
0 742 1 
0 716 39 
0 719 33 
0 749 43 
0 739 18 
0 721 39 
0 727 50 
0 737 21 
0 748 20 
0 731 14 
0 734 46 
0 743 29 
0 738 36 
0 746 24 
0 732 21 
0 738 12 
0 730 31 
0 742 43 
0 738 25 
0 737 13 
0 742 8 
0 734 47 
0 745 3 
0 746 50 
0 737 12 
0 740 50 
0 736 42 
0 745 18 
0 741 9 
0 742 32 
0 742 26 
0 746 43 
0 749 22 
0 746 48 
0 747 15 
0 748 40 
0 747 14 
0 749 36 
0 749 27 
0 749 9 
9
