1 37 
19 45 15 36 5 34 16 33 8 4 13 48 17 24 
13 18 15 37 18 18 7 22 9 44 11 23 12 26 19 27 8 1 5 13 
18 8 15 36 12 26 16 6 4 28 
11 40 5 15 12 1 
7 26 13 40 16 18 10 32 14 14 15 35 8 14 12 39 
19 21 15 25 18 39 
11 1 9 13 14 43 17 6 8 21 19 36 15 24 
14 8 15 9 11 12 19 21 12 44 13 13 9 7 17 15 10 46 
12 23 11 45 10 36 15 24 
26 35 17 12 13 13 16 43 15 26 
15 19 25 45 26 32 
25 45 21 11 16 11 15 23 22 21 19 20 20 39 23 21 
15 15 17 35 16 16 21 18 25 40 
26 30 18 41 17 13 16 36 23 24 19 48 27 7 
27 29 26 30 22 40 17 23 21 27 
25 36 22 38 17 49 27 29 18 32 20 27 21 29 24 6 
25 45 
22 12 23 50 19 11 20 39 27 21 21 6 
20 31 25 23 26 45 
44 25 23 7 36 43 24 26 28 25 38 13 34 40 
34 28 43 8 35 5 39 19 37 46 31 35 22 31 44 22 41 29 26 37 
33 13 27 16 42 25 43 43 28 33 34 42 24 30 37 4 30 32 36 37 31 16 
41 2 
32 44 42 12 35 21 26 13 
40 35 39 27 27 42 30 48 32 39 34 20 42 42 31 7 37 35 33 7 35 26 43 14 41 15 44 47 
35 5 41 16 32 13 44 7 34 22 39 32 37 20 42 16 28 4 
36 50 
40 34 53 9 47 5 33 40 43 9 49 50 39 29 56 15 37 21 48 11 34 2 45 44 57 32 58 1 
42 3 51 23 58 41 36 41 44 31 61 15 34 1 35 25 43 8 50 41 45 19 59 2 
52 34 53 43 33 50 
36 8 32 39 40 21 50 42 57 29 55 25 45 24 43 12 35 17 48 11 33 29 41 38 54 22 
38 46 47 23 43 47 37 2 55 31 36 5 61 7 34 24 53 2 56 43 
51 14 38 37 46 25 54 32 56 12 36 19 40 18 42 37 37 40 34 36 61 34 52 37 49 43 41 32 
60 19 48 35 51 18 40 17 54 4 42 42 36 35 61 19 46 15 
37 1 48 26 45 7 55 26 53 30 59 10 61 41 44 8 60 15 46 44 40 39 36 33 47 9 49 34 54 34 50 44 39 46 
45 38 59 8 58 38 60 42 42 24 41 15 40 34 
49 19 54 16 56 49 38 27 60 31 40 41 39 27 41 25 43 14 47 30 
52 5 54 9 41 42 56 28 46 13 49 16 53 47 40 47 59 27 
56 4 45 35 52 48 58 35 48 22 50 28 60 16 40 20 43 18 53 26 46 42 61 1 
55 37 45 11 51 46 49 14 41 37 43 14 57 44 52 7 42 45 46 22 59 41 53 16 44 47 
42 12 56 33 49 21 52 13 44 5 59 13 48 43 58 42 
51 4 55 46 47 49 48 44 54 6 49 19 
44 15 46 30 55 49 49 10 
50 8 51 13 52 14 57 27 61 41 58 39 60 12 45 4 48 8 54 16 
70 1 62 39 65 49 
74 18 73 23 64 24 49 21 63 41 76 49 
76 6 52 15 66 26 58 19 73 31 56 37 74 13 78 46 
72 17 49 2 67 12 
76 34 60 32 73 9 
62 15 70 42 61 9 68 12 
53 24 63 20 72 19 78 19 61 30 54 13 65 1 77 18 76 35 59 18 
55 50 73 6 66 30 75 4 61 18 63 33 65 12 
63 41 60 8 62 47 72 9 57 36 76 40 74 40 71 31 68 7 66 13 64 7 73 42 69 36 56 30 67 12 75 30 55 13 
75 5 58 27 56 36 76 8 63 5 69 26 59 32 77 23 55 1 60 9 
69 19 62 21 
70 16 76 25 57 38 59 27 64 27 71 21 61 3 60 15 78 39 73 18 69 38 74 19 58 4 
78 21 
62 45 66 11 64 44 73 24 71 2 65 23 61 5 77 41 72 33 78 23 59 43 69 38 70 12 
63 39 62 49 78 33 76 11 61 34 69 34 77 26 74 18 73 16 71 9 64 6 72 39 60 25 66 47 68 43 
61 46 73 43 67 26 69 21 77 40 64 37 71 16 68 36 78 26 76 7 62 45 74 39 72 8 
62 28 70 22 65 8 74 42 78 44 71 16 73 37 75 9 72 39 63 30 77 1 76 22 66 43 68 46 69 12 64 49 
69 9 90 32 74 31 65 28 85 2 77 38 82 7 
81 25 70 25 78 27 87 46 89 1 
68 12 72 31 91 20 79 2 90 12 
86 15 73 13 78 3 91 16 92 5 67 37 88 2 72 32 84 15 85 13 77 36 74 39 83 19 82 35 
78 19 68 18 84 46 70 28 85 4 71 19 72 31 67 1 73 8 69 8 81 46 75 22 90 49 92 44 
87 30 88 16 74 7 89 35 92 9 
69 9 92 18 82 20 81 38 86 46 78 3 70 3 87 8 71 1 73 26 88 7 83 38 77 22 
71 32 74 14 72 40 73 36 85 41 
72 44 71 48 90 29 86 1 78 38 73 50 81 21 89 9 84 6 
73 24 79 27 74 23 77 2 87 3 90 19 81 22 83 33 85 22 86 8 75 26 
84 8 88 45 86 43 85 24 
84 2 92 5 86 32 79 19 88 21 74 14 85 24 87 29 80 34 89 3 
84 26 89 36 83 40 81 23 
85 3 79 37 77 18 88 29 
78 23 91 24 84 39 86 21 90 49 87 29 80 50 83 39 
92 30 91 5 
81 7 
80 12 86 18 
90 39 94 6 87 7 96 2 82 33 92 50 
85 50 95 45 97 33 88 37 91 43 
88 17 92 48 87 49 85 14 89 23 
88 50 84 1 91 1 
91 45 89 13 
96 50 
91 46 89 43 
90 31 93 50 97 50 89 41 
90 43 92 45 98 25 
92 9 95 24 90 3 97 29 93 17 91 5 
97 24 94 13 
97 6 92 2 96 41 94 20 
98 26 
99 28 
95 35 
98 46 
97 25 
98 46 
99 10 

