5 41 6 23 2 5 1 17 
5 50 10 12 14 28 3 23 9 47 11 41 4 45 
9 23 11 12 8 28 10 6 5 14 7 10 
5 49 14 34 8 17 9 36 
10 31 
8 25 
11 50 9 21 14 28 8 30 7 23 12 24 
16 24 15 14 17 45 
13 32 11 7 15 41 18 4 14 24 
19 1 10 49 
16 47 12 6 14 49 
16 12 
15 6 17 7 18 30 
14 25 17 45 16 2 19 5 15 32 
17 28 18 41 
21 5 17 27 23 3 16 50 25 2 27 9 
20 37 24 8 21 38 19 46 25 22 17 39 26 37 22 30 
23 34 24 4 22 49 20 38 
24 1 21 29 25 49 26 1 27 16 
22 10 23 14 27 26 21 27 25 17 20 7 26 6 24 11 
34 13 27 29 24 43 28 1 32 29 25 14 22 17 
32 9 24 35 28 36 29 32 22 17 30 7 25 44 
27 45 
34 23 29 31 27 4 32 40 24 25 
26 7 29 6 32 47 34 50 
32 47 33 42 29 31 27 34 28 10 
34 9 27 36 28 48 29 22 30 20 31 9 
31 50 30 13 32 2 34 43 33 17 28 43 29 46 
44 13 34 9 31 16 46 25 47 2 45 2 48 39 
32 6 36 34 
41 11 31 20 37 23 44 39 
42 3 39 49 45 40 34 43 37 8 43 14 36 42 
38 49 48 1 40 11 42 30 34 20 45 46 43 35 
38 35 44 49 35 18 48 16 43 18 36 25 42 1 34 44 46 3 40 3 47 3 45 49 
36 18 35 27 43 41 47 18 42 7 46 28 45 19 
49 22 
41 44 
43 4 
45 25 
47 45 
42 24 
49 14 
43 31 
46 40 
46 38 
48 39 
49 50 
48 15 
49 31 

