19 28 
38 30 32 18 45 45 34 2 17 11 12 26 
8 17 20 26 43 33 32 40 33 13 18 14 7 36 31 42 10 29 13 22 28 34 41 37 6 4 39 15 26 26 27 47 
36 37 46 16 37 3 15 21 5 44 6 43 22 33 16 21 38 45 30 3 13 44 
16 8 41 5 29 34 46 5 32 28 
25 20 22 47 14 42 9 11 16 2 24 13 26 44 17 25 40 11 13 35 6 8 32 48 30 49 27 48 
38 14 11 37 10 37 20 47 14 37 31 33 41 1 29 19 37 26 35 12 46 32 42 50 39 4 16 27 
43 24 8 47 9 21 17 9 38 20 34 13 16 17 26 25 47 15 25 4 13 40 
20 41 46 44 22 11 40 45 
27 6 31 37 19 9 25 31 44 40 34 1 16 50 38 4 30 32 40 15 39 17 37 45 10 39 
36 16 46 5 14 10 40 39 31 46 41 29 39 22 20 6 24 50 26 36 25 29 11 24 47 33 17 12 34 31 38 21 23 18 
13 5 24 45 
27 18 36 40 37 1 34 18 47 15 17 46 23 38 16 43 20 32 15 40 32 18 26 42 25 36 40 3 
25 44 29 14 32 43 37 20 19 25 31 47 16 24 40 33 41 15 27 28 24 43 33 36 47 42 39 34 21 1 
17 14 37 24 32 11 31 20 18 29 
38 30 44 49 43 14 46 17 20 48 40 34 27 25 
36 12 31 3 21 48 45 16 29 8 43 14 46 30 28 8 41 12 34 37 19 29 39 39 17 14 
21 18 19 21 36 15 28 6 45 22 38 33 34 15 47 25 30 50 44 3 33 44 39 45 40 18 23 47 18 5 
23 11 26 33 28 41 29 36 37 17 33 44 20 4 35 41 39 46 40 41 
37 8 31 10 34 17 42 40 35 24 25 26 24 9 32 9 45 46 20 41 43 22 
43 24 27 29 47 24 28 17 41 45 46 40 32 29 23 3 36 12 
43 23 42 11 36 41 29 10 26 49 44 16 31 13 23 27 33 20 38 43 22 18 30 27 
26 27 37 18 42 45 24 9 35 12 31 12 32 24 33 43 27 20 47 46 36 20 
42 40 38 40 26 25 43 10 25 37 
36 47 29 32 26 7 42 42 31 19 
44 8 41 28 46 36 37 28 33 29 
35 18 29 37 47 40 31 1 40 24 41 43 36 2 28 22 27 49 
46 36 33 17 38 14 42 34 30 24 36 19 47 46 37 31 32 23 43 25 
30 46 32 39 31 32 37 13 38 43 39 6 44 40 29 45 40 6 
30 25 43 17 34 11 38 50 44 31 36 13 46 8 47 8 40 27 37 17 33 27 32 14 39 15 35 36 45 3 
42 19 31 4 33 42 46 6 43 7 45 20 36 11 39 1 41 33 37 45 47 37 
65 40 64 31 41 4 37 16 60 23 51 41 
52 44 64 11 53 8 45 30 61 45 54 43 60 17 63 19 44 48 43 7 38 49 37 37 
57 29 47 40 52 1 45 44 64 3 43 46 34 22 
40 37 65 43 63 34 54 32 41 1 43 21 55 14 47 48 46 43 35 19 
40 20 
55 41 39 44 46 21 62 47 60 14 58 45 53 7 50 15 38 14 51 32 64 2 59 39 49 39 
46 9 44 20 56 20 52 36 48 30 65 28 45 30 38 44 63 8 51 10 39 34 57 11 50 8 47 33 43 20 
65 6 57 21 45 47 61 17 59 38 51 25 47 21 53 3 42 41 40 50 62 14 55 8 43 9 
45 31 54 2 42 20 53 1 47 24 63 49 65 33 52 35 48 42 50 12 46 3 62 47 64 35 49 43 
58 24 57 19 41 38 43 25 56 18 63 40 65 44 51 3 49 12 54 26 62 20 44 12 59 12 64 20 55 16 42 13 53 29 60 4 
60 15 64 7 52 37 57 9 63 24 49 15 59 6 58 5 45 32 53 16 48 50 62 30 44 7 
63 45 50 22 51 27 49 38 54 2 47 47 43 22 59 6 53 2 55 24 
50 11 51 25 53 9 48 38 56 33 62 9 59 11 46 49 58 13 65 2 55 35 52 21 60 33 63 25 44 11 
55 45 63 3 61 15 46 39 59 10 58 13 54 49 53 47 57 6 49 40 
63 7 58 9 64 47 57 2 47 46 
59 35 48 33 52 17 62 48 64 14 54 50 53 35 58 17 61 9 55 23 
54 33 58 45 59 16 53 11 50 16 60 21 57 39 55 44 51 11 56 3 52 26 
70 20 53 45 
60 13 74 14 
66 7 61 32 55 27 68 49 72 14 60 37 69 11 59 4 90 27 77 13 67 46 91 22 62 3 88 3 82 1 57 24 89 11 63 9 73 50 86 37 85 14 
67 35 65 37 58 24 61 25 86 49 93 20 72 8 
81 23 92 46 84 31 82 47 71 31 64 37 72 11 65 13 56 42 69 22 67 24 80 30 74 28 86 8 62 38 93 43 57 7 68 28 87 11 54 13 79 3 
79 1 58 43 
85 22 73 17 84 27 89 30 59 38 67 50 74 18 69 2 62 1 57 24 60 3 81 5 77 22 63 33 70 40 87 33 76 8 92 15 79 7 65 45 68 9 72 5 82 10 66 43 83 36 80 20 90 1 88 45 
77 42 80 24 91 46 75 14 60 40 
68 18 92 11 60 22 86 15 73 49 90 42 59 43 57 27 91 18 88 31 74 32 80 48 61 28 82 24 81 26 78 10 89 40 65 15 
71 10 65 37 93 23 79 43 
70 23 77 5 62 25 75 50 81 29 66 40 87 14 86 42 88 32 79 21 90 40 
75 46 74 49 69 17 66 2 63 18 72 48 89 45 90 23 60 26 73 36 61 33 67 18 86 44 65 3 78 49 93 7 68 32 79 37 81 7 76 13 87 14 85 12 91 13 62 17 83 12 84 19 
62 29 71 19 80 11 84 23 72 50 90 9 88 32 70 45 73 9 86 33 83 42 85 31 74 11 92 32 69 50 91 35 68 10 61 43 64 1 65 9 93 44 89 34 67 44 81 47 75 46 
75 9 73 23 84 5 70 31 86 34 82 27 90 24 87 14 72 24 88 9 79 42 83 38 76 37 67 5 93 34 66 23 62 3 71 3 
65 5 93 39 70 39 78 50 85 24 91 44 69 17 80 37 92 17 89 23 88 29 83 44 79 21 63 50 68 40 71 17 66 25 
84 11 79 50 88 18 66 45 86 37 67 9 89 11 82 14 75 16 73 29 93 39 91 28 64 10 65 14 78 43 83 25 
88 49 79 39 91 32 68 24 78 39 82 17 80 41 70 16 84 46 71 39 72 35 92 7 77 27 
93 12 90 16 73 49 82 17 87 18 76 37 84 50 70 44 79 42 69 28 
70 21 112 28 91 47 93 12 82 18 83 29 89 23 77 20 73 6 95 11 107 25 92 23 71 27 79 40 84 18 81 35 
96 33 68 1 83 18 97 26 103 49 84 42 74 38 102 9 104 7 108 6 
89 18 108 23 110 17 74 22 90 37 94 37 88 32 73 38 107 27 69 39 106 35 86 49 112 11 95 16 
76 14 86 20 93 47 91 28 92 42 107 29 85 1 104 5 112 19 89 20 100 50 88 48 77 19 83 32 84 5 79 48 73 11 111 12 78 42 
105 23 74 49 93 50 78 1 85 48 76 34 104 22 88 38 99 50 83 49 86 18 95 32 
72 47 98 10 89 30 87 14 83 15 93 40 104 23 108 50 103 5 75 23 90 27 100 40 73 14 112 7 74 29 
93 44 95 15 91 19 110 23 78 7 87 27 103 1 88 5 89 30 79 7 80 2 108 7 84 9 102 48 73 18 85 11 90 19 
92 42 
110 28 101 44 106 25 
99 6 87 45 
90 42 96 22 106 11 89 12 83 30 107 41 77 24 82 12 
80 34 100 32 106 11 104 36 101 14 111 43 96 44 88 15 98 13 102 49 
86 35 94 2 100 47 85 40 107 49 108 32 87 22 106 39 
86 2 111 37 112 18 100 33 103 10 101 19 93 38 84 23 109 19 85 19 87 31 83 18 94 41 90 2 
82 34 103 15 108 5 94 17 112 39 101 26 81 27 84 29 86 32 98 6 89 25 88 19 109 50 99 4 
107 40 104 10 110 41 
105 12 99 8 
86 36 91 8 93 39 95 21 110 39 94 39 105 44 104 33 
107 26 104 7 89 14 103 18 108 1 
95 8 107 32 99 37 93 15 
96 4 108 33 107 14 106 34 110 9 109 14 90 45 98 8 95 11 103 19 92 10 102 13 91 6 111 37 105 30 97 8 94 15 93 12 
104 13 110 5 93 5 98 3 111 16 92 12 100 11 96 2 90 43 99 19 109 31 105 37 95 20 88 32 103 32 
96 36 91 50 99 29 112 41 98 12 104 31 93 37 95 19 105 39 106 7 94 23 89 20 108 21 90 38 107 40 102 15 111 37 109 5 92 13 
101 22 100 41 93 47 96 16 102 3 90 24 91 44 112 8 105 2 98 40 97 28 106 37 108 32 103 27 109 44 95 31 107 21 99 48 92 38 
106 47 110 12 95 38 112 13 101 16 96 30 98 16 107 44 108 39 93 11 97 40 111 38 100 22 91 2 109 43 
101 31 108 16 93 37 105 3 94 16 103 17 107 24 96 32 106 29 109 42 99 32 110 34 92 37 100 46 112 43 111 29 
105 30 99 46 94 6 
101 39 98 11 94 50 96 48 108 31 110 36 100 25 106 12 103 29 97 21 102 25 111 31 104 34 107 45 112 40 99 39 
105 20 125 1 121 36 107 31 113 14 127 7 101 7 112 12 108 44 116 35 118 30 109 25 119 26 114 7 98 38 
108 18 115 19 99 5 117 41 96 6 118 45 125 47 114 44 116 48 
116 10 106 25 114 37 97 29 107 32 101 45 113 17 112 33 125 24 122 1 126 44 105 26 115 18 118 44 
110 30 112 31 109 25 100 4 
127 39 126 42 103 35 
119 30 112 19 126 46 121 32 113 19 102 30 109 21 114 22 104 31 118 45 
109 44 101 30 119 41 112 30 114 45 113 2 118 24 121 10 
120 7 108 21 127 42 121 20 112 19 
128 15 121 38 120 13 105 46 111 32 123 36 
107 38 109 27 113 17 120 1 126 36 127 21 105 28 
119 48 109 29 114 28 106 40 127 17 115 16 108 30 128 45 112 23 111 16 126 29 113 27 117 6 120 30 116 20 110 35 
107 29 128 2 118 43 121 45 125 35 120 48 124 44 106 5 109 24 122 14 117 27 119 13 126 8 110 24 
108 18 107 8 115 47 111 4 127 14 123 19 114 43 125 13 
124 39 120 2 128 49 117 38 110 49 119 16 121 8 125 39 126 39 108 39 122 50 112 18 113 12 
116 17 128 47 127 41 
111 32 117 39 122 17 118 36 120 25 114 31 112 12 119 29 123 43 116 9 115 44 113 25 
114 11 119 42 123 32 124 47 121 47 127 48 120 40 116 34 113 12 117 25 
114 35 123 12 126 8 119 35 124 17 113 3 120 1 
118 11 123 42 124 48 121 38 114 32 122 46 125 43 113 5 116 16 127 18 
122 45 
126 18 146 32 147 38 136 25 128 27 158 49 149 29 125 40 121 44 130 20 143 41 154 28 138 50 152 7 
146 33 136 15 149 11 
144 42 146 21 137 26 154 38 130 30 125 1 145 37 140 24 149 13 127 22 139 36 155 16 122 45 150 36 124 30 132 20 147 21 141 13 121 37 120 9 119 11 142 46 157 20 138 39 143 10 152 13 
138 2 134 2 119 12 124 35 141 21 157 30 147 14 142 39 126 26 148 40 122 16 151 45 131 33 139 34 
125 48 130 1 128 23 152 14 150 27 127 4 155 40 157 24 
142 29 151 30 154 24 149 33 139 12 152 7 145 37 156 42 123 25 137 13 134 19 129 26 138 42 143 18 126 48 133 20 141 40 146 21 157 12 125 10 147 20 
138 8 146 5 152 8 151 35 
155 4 141 11 127 46 149 43 140 15 138 37 126 42 147 33 156 36 148 14 136 40 132 1 139 35 123 27 143 49 137 8 128 2 150 34 146 6 151 22 145 15 134 1 157 8 
130 48 132 40 134 7 148 30 127 3 147 32 131 26 133 8 138 35 152 17 126 24 129 23 144 37 151 27 136 42 145 32 139 17 143 46 124 20 149 45 155 41 156 24 128 8 125 46 140 19 142 28 157 42 158 16 153 22 123 14 
155 12 157 42 138 32 149 21 124 11 126 37 146 7 139 22 142 41 154 45 130 32 140 48 156 13 137 8 134 40 136 10 133 13 132 19 127 12 151 48 135 29 158 49 147 9 144 39 141 37 148 13 143 37 
127 19 141 26 151 14 133 40 125 10 134 30 148 27 137 13 143 6 153 36 
137 30 131 46 130 34 
156 5 137 19 147 35 135 34 131 20 143 10 154 37 153 43 130 26 138 13 134 44 155 16 144 42 152 2 132 18 
146 39 137 37 
144 32 145 23 158 3 142 45 149 34 132 43 139 47 137 39 148 19 150 43 152 16 157 25 131 19 129 29 140 15 146 3 136 37 156 21 135 34 155 25 138 41 151 4 130 3 133 1 147 18 141 38 154 17 134 26 
139 31 138 2 161 26 130 16 134 41 
131 10 153 40 151 22 164 23 146 5 161 15 133 41 
147 18 175 43 
139 46 150 24 170 28 158 18 146 34 138 27 149 26 137 46 145 27 157 9 165 42 142 27 136 49 154 28 135 32 153 5 166 40 176 9 175 42 
145 37 153 18 173 30 143 18 163 36 147 33 139 50 156 48 148 22 138 4 170 1 178 10 167 9 142 46 
162 37 148 32 178 14 149 40 173 27 174 1 155 31 135 46 175 20 153 42 
164 43 140 35 136 22 174 48 165 49 
138 30 140 28 174 31 155 11 178 42 173 6 175 4 145 50 162 50 172 40 170 47 150 18 158 36 176 47 139 27 171 3 
149 12 160 15 177 4 170 23 161 47 178 23 154 5 
146 1 164 47 165 13 
175 14 148 50 162 4 170 5 140 6 155 39 172 17 158 21 141 6 171 36 145 36 157 29 146 27 159 35 154 14 
144 15 146 7 154 22 
168 29 174 25 178 50 176 11 157 45 171 48 146 32 148 25 150 25 163 6 151 41 
153 44 165 13 166 2 158 13 155 14 146 17 156 46 150 15 154 50 172 7 149 41 163 19 178 29 151 43 169 12 171 24 145 25 159 15 170 17 
151 12 149 39 172 35 
155 32 169 31 162 1 163 24 177 3 159 4 160 44 178 39 161 50 
152 16 163 39 149 43 158 34 159 20 153 46 168 20 172 5 174 38 169 43 165 8 176 19 151 12 177 35 157 11 170 34 164 25 
167 46 159 16 158 44 157 23 153 6 177 28 155 5 176 40 152 2 
162 13 154 3 167 14 159 22 148 17 178 18 173 45 172 13 153 11 151 29 
157 23 155 40 162 8 168 38 174 4 175 2 176 10 156 36 177 15 161 25 166 43 154 11 163 29 152 31 169 9 167 50 149 4 150 22 
157 22 158 1 152 46 174 12 160 49 151 15 171 38 165 18 176 6 163 43 166 31 
173 4 161 40 157 21 176 48 175 32 170 24 152 1 174 35 178 42 167 8 160 33 151 16 153 45 168 4 169 1 
161 32 167 5 164 30 172 48 169 34 166 49 174 28 171 29 176 22 159 26 157 33 170 30 162 39 160 22 163 44 156 41 155 29 177 33 153 3 
174 25 166 34 160 32 168 38 161 4 176 3 171 49 156 36 164 40 165 40 154 28 153 46 175 22 157 50 162 14 169 39 163 39 172 16 158 5 173 24 
172 16 167 45 
174 29 169 46 177 7 163 32 161 20 155 28 175 48 158 21 168 43 160 18 157 1 173 22 164 12 
175 40 173 9 167 46 174 34 178 35 166 48 172 23 160 41 161 36 165 1 157 29 164 19 170 3 177 33 176 50 169 36 168 35 
161 10 171 31 178 15 169 10 159 36 174 10 163 40 165 39 176 41 
173 26 171 32 170 12 165 12 178 7 167 9 169 11 163 19 161 6 168 35 
164 43 178 47 176 15 177 41 165 21 171 27 173 27 159 47 162 19 169 7 
165 42 201 31 200 45 172 33 210 42 205 9 173 38 198 13 174 13 180 34 
186 40 180 46 162 11 166 39 210 25 185 11 206 15 173 40 164 22 201 32 176 23 165 16 170 12 200 27 195 28 168 37 169 7 196 18 202 12 205 46 212 47 203 50 188 4 211 31 
200 10 166 39 194 46 208 6 181 49 177 37 185 43 180 9 183 24 176 22 
204 36 207 1 203 29 193 26 211 42 198 40 180 33 186 6 202 8 
181 1 164 39 174 3 185 5 168 35 208 7 206 10 203 22 195 38 212 32 
212 1 171 24 209 44 166 7 170 34 200 10 193 47 198 49 176 8 186 20 204 37 169 41 167 19 184 3 188 10 192 28 175 11 181 46 174 22 
172 45 212 33 197 36 185 34 178 33 192 35 200 4 191 4 183 10 190 5 179 42 196 46 171 5 169 47 174 33 194 23 177 4 166 8 182 19 181 39 188 48 193 16 206 9 211 34 175 1 167 30 
197 49 207 34 202 28 184 11 179 26 
179 44 
196 30 203 9 185 43 204 24 205 35 211 18 175 44 178 1 190 46 184 39 
195 32 199 21 193 10 176 2 207 4 191 42 211 5 172 28 185 22 210 40 188 30 179 22 174 32 186 33 212 6 175 31 198 25 192 29 206 30 182 4 209 30 181 2 177 45 200 41 
212 47 171 18 191 41 198 33 204 1 179 25 173 29 193 35 202 47 182 7 207 13 189 3 176 30 192 17 194 31 197 4 195 35 
182 25 194 10 212 42 185 23 206 28 181 8 205 38 204 35 192 31 190 6 177 25 199 11 180 48 183 24 188 4 189 45 175 9 193 28 184 49 
175 29 193 24 187 6 195 9 206 21 207 33 208 49 179 40 184 41 181 47 185 17 200 44 180 15 186 42 199 23 176 12 211 25 192 39 189 29 210 30 178 26 177 11 196 48 202 40 197 14 205 8 
211 1 174 15 194 40 193 45 201 24 175 43 203 2 183 29 209 36 185 5 207 46 212 9 192 26 210 32 198 7 200 2 181 35 206 3 196 47 179 49 199 46 195 20 184 18 177 24 180 22 187 29 202 30 191 47 189 27 197 11 
183 3 175 6 178 33 176 25 202 18 
207 25 204 40 
193 20 192 29 198 13 179 17 201 28 183 13 205 40 184 31 190 26 204 12 199 15 195 24 206 2 202 27 189 34 197 37 
209 26 208 20 188 11 205 39 192 19 193 34 204 47 184 4 179 29 203 15 190 48 207 35 185 20 200 49 189 5 211 15 199 38 186 17 206 16 178 30 180 10 187 35 195 9 
184 43 195 37 191 21 186 5 188 6 189 7 190 20 212 10 183 42 194 3 193 1 207 17 199 49 205 42 203 5 196 46 204 20 182 41 198 24 179 29 202 38 192 15 206 28 185 45 180 39 208 17 197 41 
212 9 234 11 183 9 204 23 195 14 196 18 219 6 199 16 223 49 238 18 243 3 244 6 186 11 190 33 215 25 216 34 237 31 210 45 188 5 207 29 226 46 189 18 187 22 
221 26 187 11 233 18 194 45 198 40 197 31 206 29 232 15 217 48 199 14 211 50 204 34 200 24 203 41 208 40 230 46 196 37 235 29 207 3 227 21 219 41 242 40 237 45 
223 9 215 27 184 47 234 5 236 13 203 38 211 28 
217 15 195 44 241 3 245 20 218 31 192 20 226 26 203 45 244 23 199 18 223 21 215 10 196 6 201 1 207 33 239 44 231 14 233 50 220 1 
201 32 240 12 226 11 231 45 203 31 208 3 199 31 214 37 209 28 211 4 189 38 224 13 221 34 228 17 238 13 233 12 195 48 200 4 186 48 245 13 196 42 227 19 190 46 222 23 242 40 243 41 
218 3 186 38 196 5 217 15 227 12 211 11 192 1 187 30 232 45 223 14 193 36 237 22 189 24 230 35 216 42 214 16 209 48 200 12 243 23 215 34 233 4 190 12 219 39 185 25 245 34 194 11 240 48 
221 39 197 3 244 24 232 44 220 19 214 30 
241 14 218 37 234 5 208 21 216 16 228 39 207 32 199 28 243 41 220 50 221 3 223 16 203 19 240 41 242 47 214 33 226 42 187 21 244 34 
191 12 224 23 212 17 210 8 225 8 203 16 202 10 238 37 242 4 240 50 207 35 199 35 237 48 201 9 200 45 230 45 223 49 215 14 195 23 227 13 226 16 220 33 188 27 231 33 244 14 216 42 233 39 189 50 
201 1 220 35 228 14 209 19 236 34 229 20 
192 49 211 23 222 29 190 34 216 18 203 6 215 30 
201 15 216 43 204 32 232 15 220 17 227 29 206 33 202 29 221 28 194 5 218 8 230 21 213 31 203 21 211 13 224 6 205 13 245 8 219 26 234 9 210 41 240 17 241 22 228 28 197 31 209 10 198 13 233 5 226 19 191 25 231 43 
226 15 
239 8 219 4 214 17 216 23 222 34 210 34 207 45 201 17 228 44 236 42 235 43 238 48 196 41 195 31 233 39 215 41 204 19 208 25 217 6 244 26 221 8 220 27 209 44 211 37 203 15 206 17 231 23 234 15 198 35 227 6 237 6 229 3 
197 29 210 29 215 2 
203 21 242 3 237 36 236 10 208 41 195 8 230 15 216 10 204 29 240 31 207 10 224 45 212 17 241 30 226 50 213 39 201 45 196 16 245 2 
198 13 197 34 205 34 241 21 214 50 213 31 238 47 236 22 226 34 
207 23 242 13 202 46 199 36 223 3 209 49 234 32 201 2 244 49 221 16 241 48 231 1 197 31 213 21 203 17 219 15 245 17 216 3 218 38 228 9 204 44 214 17 229 31 240 2 243 28 
220 36 235 13 204 32 215 38 228 28 201 14 244 7 207 38 203 44 219 13 209 11 202 14 218 42 212 11 206 38 208 4 216 36 238 19 229 42 221 18 226 8 205 34 243 5 210 38 213 44 236 2 230 21 231 34 214 2 211 5 200 48 242 4 245 19 
232 32 216 22 202 46 233 38 205 24 199 33 231 9 236 15 207 44 229 18 221 30 200 28 225 6 239 33 241 16 211 8 214 3 
210 48 203 2 243 14 242 28 214 41 233 42 211 7 235 17 219 34 244 33 204 33 213 49 218 1 
238 48 218 15 243 23 232 21 242 34 226 28 221 26 222 46 210 12 216 47 236 13 219 13 230 11 234 31 209 22 240 39 228 23 211 36 225 10 
243 50 215 20 207 38 209 22 214 50 231 46 242 49 208 25 218 31 234 11 241 6 233 45 225 30 219 6 239 23 
219 2 207 28 217 46 216 45 213 40 205 13 221 23 204 50 223 6 236 27 226 4 222 2 225 41 218 47 206 42 209 40 231 31 
228 43 
223 37 
215 43 227 18 214 26 206 17 219 8 226 4 229 49 212 41 230 32 225 42 233 10 213 46 236 50 245 15 244 32 232 8 224 47 211 32 223 38 239 20 231 21 240 10 235 17 217 15 210 46 241 50 242 22 209 21 208 47 220 37 243 46 
216 50 230 24 215 16 238 35 222 35 244 41 226 28 219 19 212 10 239 29 220 26 236 12 221 35 224 47 209 43 228 49 214 33 231 8 241 14 218 23 223 18 
237 39 231 37 213 42 245 38 224 9 217 14 215 36 222 39 239 47 233 36 241 41 243 43 234 32 208 49 220 8 
211 46 214 5 239 20 209 44 238 49 212 43 244 36 243 31 232 17 222 49 242 39 215 17 240 24 220 10 213 30 216 36 210 11 231 42 245 16 241 39 233 41 229 27 226 42 228 8 225 13 218 3 
217 39 213 46 219 36 234 9 222 44 216 49 238 41 231 41 244 7 245 34 220 36 239 11 210 25 211 10 221 28 223 17 227 28 215 24 230 19 229 46 
240 29 213 20 243 30 216 5 238 37 
239 36 215 44 212 47 244 32 219 11 229 7 216 14 226 18 232 24 230 28 233 14 245 1 235 44 240 30 217 38 227 12 228 48 243 27 222 16 213 44 220 31 241 39 223 24 236 5 224 24 218 40 214 36 238 26 242 35 225 11 231 12 234 36 
215 3 238 5 244 49 
243 46 256 23 267 17 268 29 253 38 248 45 252 9 261 41 217 32 232 28 225 27 250 28 
266 33 221 31 219 16 242 22 257 35 249 49 234 36 228 23 233 6 224 32 241 4 264 43 244 28 254 4 267 42 262 3 250 14 251 5 230 3 245 28 260 20 269 30 226 29 
217 32 228 42 260 2 223 24 240 15 218 6 257 15 249 23 261 30 265 49 236 46 247 25 264 31 232 47 
231 10 234 1 219 35 252 35 238 39 247 1 221 22 267 44 248 10 266 19 233 14 242 20 
228 10 250 22 248 38 234 29 258 4 268 7 240 35 
266 36 248 36 240 41 224 23 234 50 223 46 268 39 227 48 222 26 231 5 229 7 232 12 257 43 243 49 269 49 242 1 221 25 239 47 256 47 252 11 238 42 262 17 
223 26 249 40 256 8 254 1 240 33 251 21 262 48 242 43 264 48 263 43 236 43 226 27 227 19 221 49 239 44 229 45 244 2 255 34 224 20 231 14 269 6 268 1 234 43 230 42 
223 45 249 37 239 43 267 11 247 48 252 1 241 27 264 2 222 31 251 11 221 22 246 30 235 25 243 15 256 40 258 34 266 49 268 9 225 31 255 31 245 34 242 17 
263 49 240 8 233 42 237 26 223 18 228 26 268 50 244 38 226 2 266 9 235 35 254 12 
239 48 225 18 237 1 232 17 249 11 244 14 223 24 229 14 231 49 254 40 256 38 268 25 240 26 264 39 259 39 260 17 267 30 266 2 251 18 226 25 224 40 
256 38 264 22 239 23 248 24 262 8 234 9 241 39 236 27 255 34 228 5 245 36 242 17 229 15 259 47 251 38 266 11 227 2 246 36 233 20 224 43 265 19 261 20 263 8 231 45 
242 7 253 47 267 47 258 45 236 21 251 46 246 18 262 26 266 35 232 42 250 38 234 9 257 37 248 3 252 13 245 45 255 36 230 28 244 37 226 29 
241 46 236 7 265 17 257 24 231 42 228 8 249 1 255 35 230 48 245 35 256 19 229 37 244 18 234 15 258 6 252 31 246 46 268 6 262 29 267 10 
254 33 236 21 268 31 245 9 
261 7 248 16 233 11 250 36 241 40 263 4 267 34 251 27 266 29 239 6 264 20 244 31 258 30 236 42 234 43 245 8 
229 38 259 45 265 25 256 27 247 18 258 20 231 10 237 22 267 4 266 42 234 4 243 15 264 25 
261 13 242 29 259 7 241 16 267 48 254 16 
241 20 237 29 
245 32 234 17 242 33 253 41 254 4 266 43 258 16 256 46 244 16 267 43 
238 10 234 46 247 30 243 22 254 7 266 22 245 35 269 31 241 5 268 41 240 1 261 15 250 32 239 48 260 15 259 3 253 4 237 3 242 27 
248 11 238 33 256 3 269 7 247 7 268 26 241 42 
261 7 250 49 260 22 247 34 263 31 
239 43 269 48 240 48 249 29 261 38 255 18 267 27 245 1 241 29 237 12 252 3 254 43 262 42 236 18 246 3 257 47 268 43 238 16 
240 6 269 43 256 18 254 37 264 47 252 35 248 35 251 36 249 49 255 11 
246 44 241 1 256 43 251 27 257 13 258 35 253 39 264 4 250 5 268 41 252 16 249 45 
242 5 240 14 248 45 239 25 264 19 258 27 245 47 257 18 269 21 246 30 247 4 250 31 261 44 259 46 254 45 253 24 249 48 241 23 256 32 
247 49 257 43 269 33 243 32 244 40 265 28 241 1 248 48 
248 1 261 49 264 31 247 29 252 18 257 10 245 14 242 48 243 29 265 31 269 49 263 29 253 37 256 19 259 15 262 29 
268 38 263 12 252 24 253 24 250 2 254 28 
245 4 246 27 254 4 251 22 244 15 266 15 250 30 
253 30 259 15 246 29 263 14 267 45 251 40 257 25 244 37 261 40 256 8 268 22 245 49 255 11 265 33 258 16 
246 46 
260 49 269 32 268 23 246 49 267 16 264 9 
269 23 289 41 277 28 271 38 253 44 294 30 298 49 283 17 247 26 255 49 262 41 301 32 278 49 266 2 260 33 284 40 
283 48 291 2 254 4 301 35 299 33 252 24 249 38 
250 3 268 30 276 24 277 36 249 18 281 23 269 9 256 7 293 36 270 3 290 26 299 37 263 48 301 9 295 4 275 36 262 26 278 21 292 37 264 36 297 20 284 42 289 41 272 24 261 30 252 39 294 38 255 31 254 43 288 23 273 9 267 3 
274 45 262 2 264 20 279 21 270 47 278 29 286 17 273 45 293 4 283 34 281 8 284 35 266 41 267 15 296 47 280 44 261 38 289 16 291 34 250 17 265 12 256 19 301 8 294 24 272 19 
294 36 295 17 275 35 256 3 272 18 251 46 280 4 279 11 287 35 268 7 285 18 254 48 292 37 296 2 252 2 
292 18 275 27 252 28 257 20 270 3 268 24 272 29 277 5 261 34 
277 10 280 5 287 47 257 22 275 40 294 7 266 42 300 7 258 9 265 14 296 19 268 3 272 11 301 46 254 14 283 26 292 2 278 10 256 37 276 21 
275 15 281 38 290 32 283 24 284 20 289 16 295 19 301 5 277 11 
264 38 293 41 284 36 274 11 296 48 281 14 297 47 
280 5 264 18 274 35 298 36 263 1 286 5 297 8 301 35 284 21 256 9 281 25 262 28 295 2 260 3 293 34 
294 6 290 33 273 30 286 42 276 28 282 25 288 21 275 42 
266 50 280 11 258 26 264 20 289 39 294 3 259 21 269 1 298 50 263 27 286 13 271 32 291 30 297 20 290 24 268 35 262 38 288 12 293 9 
297 21 296 20 279 8 262 4 301 13 292 41 290 15 259 22 291 11 276 2 300 14 261 20 260 2 286 18 274 20 283 50 295 9 293 46 266 19 272 9 264 14 299 37 273 30 282 7 278 16 269 16 287 26 263 16 270 31 
264 18 267 11 280 4 262 40 271 5 293 33 266 4 269 23 274 11 291 19 270 25 265 34 276 43 284 38 288 30 292 12 289 21 263 20 272 42 278 29 
267 26 277 17 292 10 301 50 284 30 272 12 273 24 264 45 288 40 274 43 282 20 298 24 295 23 281 50 280 32 289 41 287 17 269 33 
289 15 277 30 270 31 262 35 276 12 301 26 293 34 264 18 296 40 286 47 265 48 275 5 282 45 274 15 273 38 295 20 299 26 285 4 278 45 272 16 269 28 291 40 283 28 281 31 288 36 
282 25 290 39 295 38 272 26 277 29 283 21 280 11 296 24 273 9 294 17 299 49 292 30 286 25 264 39 297 38 300 4 293 43 265 7 279 37 274 36 287 9 281 18 270 13 267 14 289 15 268 25 
283 3 299 17 289 34 270 42 285 30 298 5 265 34 286 32 267 47 273 25 281 36 266 24 280 26 275 46 279 23 297 29 293 10 
296 42 267 32 
295 46 293 37 282 6 270 11 294 8 299 20 279 19 291 27 278 10 281 39 268 11 284 45 271 22 
288 5 275 18 271 23 287 36 270 28 292 45 297 46 296 7 273 3 286 8 301 2 276 21 293 5 280 50 268 30 281 27 283 5 269 48 274 38 299 28 277 29 291 48 300 20 290 20 
296 49 301 24 268 4 283 24 280 31 278 18 269 24 285 37 
300 47 272 40 281 10 277 14 
301 37 272 21 287 19 290 7 279 24 273 7 294 21 275 48 280 21 271 32 296 43 278 26 283 26 282 46 299 17 285 50 274 3 281 9 291 45 276 28 293 27 284 25 277 3 
299 49 295 15 322 7 307 16 298 36 313 43 279 20 283 11 290 50 308 21 312 47 
311 33 319 2 282 1 300 12 320 14 278 19 306 10 283 10 273 8 302 38 293 12 314 12 315 35 288 5 313 7 
284 15 278 17 283 9 315 7 274 3 312 10 325 13 316 20 289 47 307 36 287 25 
323 18 312 1 320 44 282 22 299 13 313 38 298 20 
303 22 309 8 307 24 275 4 276 50 299 8 293 14 294 5 278 7 324 4 321 11 312 11 315 14 320 45 304 44 305 7 284 29 322 45 288 48 298 45 
283 10 299 14 318 32 296 46 306 33 297 44 312 42 277 22 320 29 317 42 292 16 302 14 289 24 295 21 308 46 300 27 282 22 
288 45 293 50 294 46 320 3 277 48 300 25 313 6 304 8 279 27 291 37 324 8 323 38 310 9 281 2 312 42 315 27 
299 24 312 12 293 42 320 30 317 2 285 39 306 6 313 12 280 4 290 36 291 46 297 17 309 31 321 2 314 3 282 33 310 22 325 42 323 19 295 18 
317 44 292 27 287 30 305 47 
321 42 297 8 280 8 309 20 311 22 325 48 300 2 302 16 295 41 291 7 296 32 306 38 324 15 289 6 317 35 287 34 303 31 288 30 
325 46 310 29 318 42 315 44 
321 27 296 20 322 29 324 22 319 46 310 49 299 48 302 25 282 41 
288 22 301 37 284 45 314 7 285 1 310 13 319 26 
319 14 322 4 309 2 293 39 318 15 298 3 308 9 304 1 310 5 324 15 316 35 288 11 284 13 317 27 297 2 
324 37 320 37 285 12 311 20 290 19 292 27 288 31 
291 45 323 12 325 10 315 22 293 4 314 20 304 37 299 25 287 5 288 39 302 32 321 35 317 20 289 45 322 42 294 7 301 15 297 15 
303 13 313 15 316 17 325 42 320 29 324 12 300 36 318 21 
315 37 322 27 299 34 314 32 288 50 295 6 316 48 309 29 307 30 294 36 292 9 321 27 317 4 
320 25 309 36 298 7 306 40 296 46 290 25 294 19 325 18 
311 38 320 23 309 47 318 36 313 22 293 18 
292 44 316 14 311 8 317 47 306 22 324 25 309 39 
296 6 311 24 306 30 307 22 293 41 317 40 312 9 308 2 302 7 320 12 292 7 309 7 324 37 322 14 310 14 325 43 319 35 300 22 299 12 321 45 304 13 
315 1 293 26 301 40 307 24 297 3 310 27 294 34 316 5 306 9 312 45 319 7 300 18 317 11 
298 11 308 33 317 42 322 15 324 42 304 41 
307 34 297 10 324 32 295 49 318 7 312 14 322 41 323 14 301 15 313 49 300 5 
305 19 317 19 323 12 318 34 303 41 308 38 307 7 321 32 300 9 322 18 324 5 309 13 316 12 311 19 310 33 
316 3 317 16 303 33 319 30 301 18 
299 24 306 23 325 15 303 8 321 26 312 28 305 4 314 16 316 14 311 33 320 31 318 6 300 11 307 15 317 49 324 36 319 48 310 40 309 18 322 34 301 23 
303 14 310 2 
303 44 313 42 319 25 302 6 300 27 309 11 325 29 305 1 306 41 301 45 320 4 323 30 308 7 318 8 311 32 324 37 316 1 317 29 
325 27 321 19 322 47 311 47 324 42 308 3 316 30 303 24 323 32 305 22 
324 24 309 32 305 38 315 37 313 8 320 34 319 30 310 15 312 9 323 38 314 27 307 8 304 21 303 36 325 26 
333 38 348 47 329 35 331 28 315 10 306 27 317 36 345 36 313 35 322 20 332 49 339 48 352 2 308 12 314 16 325 49 341 2 353 30 337 47 318 35 354 15 321 20 303 30 309 25 342 3 347 16 
336 40 338 26 310 15 344 14 306 48 314 1 334 5 320 24 327 9 350 41 313 35 328 37 321 42 352 44 354 37 
336 2 321 18 
324 20 338 36 353 6 310 36 316 16 320 45 329 43 333 39 311 38 
341 39 337 21 339 27 310 46 340 42 309 32 352 35 335 11 314 22 351 29 348 30 353 42 334 23 330 13 313 47 320 15 325 14 321 43 338 22 336 11 322 45 349 7 350 9 331 29 344 5 
328 14 346 41 323 5 344 29 308 3 316 20 333 13 326 49 312 35 324 12 
312 18 336 36 315 31 309 5 325 11 351 31 335 35 323 13 
327 18 316 2 320 15 326 6 338 13 347 39 349 44 352 42 351 5 341 27 313 34 311 1 345 35 353 19 321 20 
311 49 338 21 331 11 318 35 348 29 339 50 340 18 351 7 336 47 350 32 328 29 332 30 334 5 343 16 324 26 327 35 329 34 335 22 341 47 314 48 
320 4 
332 47 330 1 317 2 333 6 329 41 320 18 316 34 336 42 348 41 318 11 
324 34 345 41 314 33 332 38 319 14 338 5 344 10 351 50 334 8 347 25 353 10 342 1 326 35 325 12 323 21 315 13 352 31 337 15 317 11 335 6 
318 15 339 45 348 34 331 9 315 46 322 8 320 17 347 28 338 43 329 50 324 32 342 44 335 40 330 8 333 23 332 1 325 48 
337 45 325 31 328 32 322 10 343 36 
327 19 326 30 339 36 343 29 330 25 321 26 352 10 340 26 335 40 351 12 350 12 
339 45 349 14 342 16 334 36 323 25 329 6 318 34 324 49 341 30 319 48 344 31 343 49 338 35 332 48 327 10 331 37 350 44 346 30 354 40 335 22 353 11 320 44 322 15 336 10 333 24 340 6 326 13 
330 46 319 38 338 45 349 20 342 24 323 46 345 4 350 48 353 3 340 11 354 27 321 23 328 20 343 27 351 41 326 28 339 44 331 14 352 10 
329 23 345 43 344 13 324 5 353 10 348 6 321 31 326 19 347 3 327 15 330 30 331 16 328 3 335 18 339 23 336 16 338 5 
337 12 346 33 334 42 331 42 348 21 326 26 328 28 354 39 350 25 338 14 
336 33 348 34 324 18 322 22 338 22 
348 13 
347 9 353 27 336 8 324 39 349 20 338 9 329 8 351 18 350 3 335 27 340 1 328 39 342 9 344 41 330 12 337 2 326 8 354 29 341 8 339 30 348 45 331 45 343 43 327 36 325 27 
345 27 336 14 348 50 349 50 327 9 325 29 335 35 346 20 337 5 340 27 326 48 347 44 341 21 350 18 351 18 333 27 342 28 353 10 330 42 343 5 329 31 
348 23 339 5 354 2 344 9 334 49 345 31 340 17 343 2 333 21 350 39 336 3 326 7 338 4 346 25 352 40 337 5 349 19 342 27 332 41 331 25 328 15 329 23 335 2 353 50 327 10 351 11 347 20 330 39 341 28 
352 14 340 37 334 45 357 22 346 48 333 19 331 19 342 45 
370 22 353 42 369 12 343 27 331 6 333 24 342 9 354 25 341 14 356 14 
342 14 341 40 338 14 362 32 349 34 343 42 344 17 372 43 359 21 360 1 330 9 
336 21 341 21 357 14 356 20 340 50 361 35 359 38 344 21 
345 39 354 45 349 24 360 33 365 4 333 11 371 40 346 15 358 19 344 25 352 28 337 13 340 19 359 48 342 24 339 19 348 15 
365 5 346 9 351 9 368 25 349 32 347 47 360 6 336 29 357 50 355 20 364 44 363 38 372 33 345 43 341 41 
337 15 335 13 346 40 340 20 360 40 351 2 361 4 339 34 
350 26 368 37 348 5 343 2 339 47 362 21 
339 44 351 22 337 12 342 1 360 36 
348 42 368 1 370 19 341 23 361 1 355 33 338 9 
353 40 339 48 358 8 372 48 362 33 354 50 369 4 
352 12 
350 14 372 12 357 7 359 49 362 46 342 18 348 49 370 49 352 13 341 14 363 33 340 19 360 50 356 49 353 21 358 27 
361 28 346 40 349 39 
353 44 372 18 352 21 363 22 369 31 343 4 364 37 341 29 358 4 347 12 368 32 367 3 355 42 359 27 357 22 346 27 371 2 
363 37 351 50 372 49 355 49 357 34 348 12 350 34 345 38 370 14 359 8 
344 2 353 30 358 22 343 8 350 35 351 28 365 13 368 42 
361 6 364 44 360 27 372 48 358 8 352 41 354 50 357 43 365 32 
369 39 357 32 366 10 360 12 355 8 362 45 367 2 
348 31 354 22 369 45 367 21 349 41 368 45 364 47 353 38 366 17 357 26 
349 42 347 17 355 41 367 13 372 2 360 14 
368 8 360 18 367 28 361 41 357 19 372 32 359 19 354 4 371 50 356 17 351 14 365 30 363 43 350 44 352 47 366 37 
350 5 353 11 
352 20 
367 21 354 21 365 3 366 22 364 36 369 25 370 2 355 40 361 23 372 9 360 33 362 36 368 46 363 31 358 7 352 45 
369 30 362 23 353 22 355 14 357 21 365 33 352 27 
359 12 363 4 367 25 362 11 
358 20 371 36 368 32 355 45 354 9 370 25 357 33 364 10 360 11 366 2 361 19 356 33 367 14 362 31 365 41 
356 29 355 16 372 3 366 34 362 1 358 42 370 15 363 1 357 31 367 32 359 6 360 12 364 35 371 29 361 8 369 3 
393 14 373 20 383 25 388 44 374 14 390 10 396 9 367 48 375 36 358 18 359 40 362 11 368 28 
392 30 361 26 393 16 366 14 386 15 380 20 391 32 388 29 381 10 374 42 382 46 396 30 394 15 364 45 387 41 379 21 358 16 370 21 365 36 362 47 357 29 372 20 383 11 376 12 
382 48 393 37 359 30 364 49 389 21 378 17 381 48 386 39 363 26 369 24 383 26 375 7 391 12 387 19 368 14 360 28 394 9 376 17 388 1 365 29 380 28 370 24 
390 49 377 11 386 22 
367 41 378 33 364 50 362 10 361 23 386 32 365 29 397 39 384 16 394 37 374 33 387 48 371 10 368 31 379 36 395 33 360 38 
370 21 397 17 381 7 
375 47 389 42 378 25 
367 34 390 32 393 38 385 5 377 13 381 49 380 45 364 33 372 2 375 11 366 36 374 29 363 18 371 12 
369 26 
380 2 373 14 393 2 365 28 395 6 372 24 366 7 394 26 390 40 381 19 391 32 388 17 392 33 375 21 370 24 
371 39 382 15 389 48 387 47 388 1 379 35 366 37 368 50 367 7 380 28 369 46 393 6 376 41 381 30 396 48 374 23 385 23 397 20 384 37 383 47 370 31 373 46 
369 38 392 49 379 8 382 40 370 9 383 46 
385 31 369 37 394 37 387 15 388 22 391 47 396 45 386 9 374 19 378 5 395 9 373 33 368 6 393 47 383 10 372 46 
377 19 389 43 
371 23 374 4 378 21 393 3 394 31 397 15 387 27 386 48 391 8 382 15 380 41 396 21 375 17 388 39 383 49 
372 40 377 50 371 5 376 34 392 18 384 48 378 32 389 28 383 9 391 31 388 49 380 39 390 6 373 14 374 40 386 10 393 34 387 35 381 31 397 4 375 40 
393 42 379 3 382 6 380 3 392 48 383 40 397 38 373 2 381 47 390 19 377 19 372 10 375 16 396 47 395 43 394 45 385 34 388 33 389 3 376 33 374 32 386 21 387 23 378 32 
394 25 385 32 383 38 373 21 374 45 381 24 375 41 393 32 387 14 376 15 391 2 382 18 377 44 388 7 390 19 396 5 384 20 397 6 
382 2 400 33 389 42 411 29 412 30 390 48 402 43 406 43 378 35 374 37 393 21 376 17 409 30 391 26 
383 27 399 30 381 37 404 24 397 2 410 30 407 26 405 42 377 2 379 6 416 9 386 32 401 20 391 47 388 23 378 7 376 26 
395 27 389 36 386 33 394 19 414 22 387 20 396 10 380 17 377 33 412 38 
389 44 411 38 380 12 412 31 405 43 379 2 409 36 392 35 414 38 403 47 381 43 401 1 404 19 413 2 
403 46 404 26 409 39 399 1 387 38 393 43 410 48 397 36 
397 35 410 31 395 20 407 24 
396 1 380 49 
407 44 413 32 390 39 401 14 394 12 412 22 384 32 385 14 397 49 383 11 398 43 411 40 381 10 
382 10 390 50 391 41 
394 4 
393 19 415 34 402 35 387 4 406 24 385 5 
407 16 386 39 396 48 398 26 387 9 401 34 394 33 389 37 409 45 392 5 
389 26 386 36 404 35 393 46 409 27 406 34 390 50 400 27 391 45 405 1 415 3 
394 47 416 44 410 4 406 15 407 50 398 46 391 49 389 32 414 26 390 14 411 34 
412 28 413 38 416 43 411 49 406 46 395 10 408 34 391 23 407 21 402 12 415 49 
398 16 390 36 405 11 391 9 396 15 403 30 409 10 402 21 413 18 397 4 400 16 
401 23 394 42 409 19 405 42 406 27 395 31 414 5 390 7 397 22 400 36 410 20 416 37 399 9 412 26 396 48 415 28 407 46 
413 27 400 50 412 9 416 20 397 10 399 35 410 34 394 2 414 10 406 14 405 48 
405 27 400 20 413 44 409 1 411 10 408 25 397 34 403 21 416 35 394 47 399 17 407 17 398 17 392 40 412 40 396 40 415 16 393 3 401 8 
412 35 411 18 409 48 415 38 400 30 414 42 397 13 408 37 401 39 405 7 404 24 416 24 402 16 
399 48 412 34 397 2 398 45 415 50 403 6 408 26 410 47 395 21 396 6 414 21 416 19 411 17 404 43 401 44 394 37 409 50 400 10 413 47 
414 11 405 18 403 17 399 45 395 45 413 43 402 45 415 26 
412 32 414 10 397 27 413 33 
403 44 416 46 410 39 402 20 414 7 415 11 397 23 411 47 413 45 398 42 407 2 412 12 400 24 408 1 401 35 
398 7 400 36 
414 36 403 13 427 35 425 26 400 30 432 33 416 42 
415 22 424 27 406 47 
409 32 407 5 416 14 424 34 422 28 420 36 402 39 417 1 411 6 410 36 427 10 
431 10 418 1 403 37 421 26 410 32 426 2 405 14 415 32 427 18 
406 13 403 26 422 34 414 9 
412 19 419 47 408 38 424 47 410 46 
413 49 419 38 427 16 416 20 412 6 431 20 428 19 411 40 430 15 432 48 
409 4 431 49 415 17 425 31 414 23 406 39 407 16 424 32 426 44 418 26 413 41 410 43 408 2 427 42 
427 35 411 1 414 18 
411 23 413 3 421 46 431 39 417 14 412 2 430 6 426 46 422 23 420 16 423 16 
420 16 428 17 427 42 413 12 417 44 409 42 419 1 415 3 411 26 416 2 
410 26 417 24 431 17 423 41 430 7 414 33 415 46 416 24 
411 49 417 39 424 23 428 40 
432 37 423 28 428 9 420 49 430 48 425 42 
419 46 432 9 415 22 417 36 
417 20 420 47 418 3 422 44 416 41 432 20 428 1 421 49 431 19 414 42 
431 2 430 38 422 47 426 20 
423 19 427 16 429 17 
426 48 430 10 420 46 424 8 417 10 431 46 421 41 425 20 432 6 427 21 428 21 418 1 429 38 422 12 419 1 423 47 
457 2 424 21 443 49 
442 7 426 18 453 44 432 36 450 38 444 10 425 30 434 4 458 23 437 47 448 44 449 50 436 14 456 2 443 8 459 26 441 4 430 6 451 38 439 25 427 16 446 14 438 30 455 45 
423 4 448 36 440 17 428 20 439 25 434 34 430 8 437 22 446 23 
456 36 453 42 
450 33 444 44 426 44 454 23 428 31 442 17 440 8 453 16 425 31 441 44 456 39 445 35 422 43 431 10 430 41 458 35 
443 8 453 34 435 50 452 6 437 41 436 30 432 18 434 50 425 44 450 19 440 19 423 14 442 20 428 19 430 9 458 10 
432 6 451 17 444 38 426 4 459 9 436 45 450 1 435 15 428 20 424 1 442 3 440 6 439 30 443 47 425 33 433 3 430 6 431 38 446 4 449 35 429 43 457 35 456 32 458 39 448 46 427 39 
444 23 427 35 436 30 434 47 458 3 449 24 443 18 446 22 425 24 445 19 
454 26 446 6 444 21 453 30 451 11 437 7 427 38 428 46 433 21 447 37 434 26 426 38 448 32 449 6 442 14 450 13 445 12 430 21 432 28 435 15 439 21 441 26 431 47 458 1 457 45 436 21 
428 46 432 2 444 36 434 47 450 18 440 4 452 50 449 48 
443 5 430 37 457 34 450 6 442 7 447 47 453 21 440 40 458 42 436 5 433 44 455 49 428 48 435 48 441 1 437 12 445 9 452 45 432 35 451 26 
452 26 447 11 446 20 456 21 443 32 448 32 
454 6 439 36 437 1 459 7 446 36 448 31 438 35 441 18 430 48 435 50 450 11 431 29 451 2 
445 29 431 27 442 29 446 17 440 50 457 8 437 50 435 17 444 27 448 49 441 9 449 36 436 45 450 23 459 50 438 31 456 1 453 40 443 36 
451 34 449 46 440 11 459 36 455 15 447 28 
444 11 454 40 453 45 458 25 450 35 438 47 448 6 446 48 435 33 
438 27 468 33 456 42 480 42 463 11 483 29 445 37 457 45 449 43 
458 29 472 21 475 45 435 20 444 49 454 45 447 41 437 33 438 50 448 4 473 47 452 41 478 19 450 11 441 5 484 48 453 23 451 19 445 29 440 3 467 41 446 21 
483 40 457 37 
476 49 438 22 479 5 483 4 457 29 484 22 477 38 454 44 
472 1 443 25 470 24 473 25 477 11 451 28 465 50 455 18 469 21 447 11 468 45 452 23 462 7 440 28 463 23 457 32 453 42 459 26 448 23 464 21 
481 21 451 26 463 27 440 3 452 36 471 50 446 31 476 11 439 28 455 25 447 2 462 37 460 43 450 47 467 7 
454 13 484 27 445 36 473 18 467 19 450 34 477 40 458 49 453 38 442 39 463 22 460 14 469 13 465 32 474 28 479 14 480 25 478 23 481 2 470 37 
461 28 460 12 449 45 456 1 477 5 447 40 445 17 482 10 443 33 474 45 478 3 442 44 470 7 462 11 
465 2 455 26 477 24 464 25 459 34 480 5 472 25 463 2 473 35 476 14 444 44 446 10 447 42 454 50 460 3 452 28 475 30 481 35 448 30 470 33 449 7 461 8 
477 28 448 15 
476 17 459 45 468 43 480 47 467 26 472 16 445 1 
445 30 477 1 
448 45 467 48 476 47 453 33 484 39 479 7 446 34 470 33 456 23 466 30 478 15 477 20 450 14 
447 28 472 3 480 46 454 46 474 39 471 10 479 18 
474 1 453 5 460 17 458 43 448 24 476 30 484 13 462 25 457 21 477 21 461 42 468 13 450 21 475 14 470 48 464 33 479 6 
460 50 450 50 484 21 482 2 465 22 477 2 470 1 449 17 471 7 478 21 464 3 476 21 480 12 468 35 451 22 452 23 467 46 453 4 457 36 474 36 469 5 461 14 462 7 
468 28 459 16 479 2 450 35 469 10 
470 9 466 8 452 43 482 32 465 15 461 50 471 38 464 44 481 4 469 11 451 26 455 15 477 42 483 22 459 17 458 28 474 10 453 17 480 29 468 8 
472 24 469 11 466 47 467 3 470 11 456 32 473 4 
453 14 483 39 472 23 462 10 474 42 465 35 455 22 458 48 456 15 477 50 471 11 466 14 460 24 468 19 479 4 469 49 464 17 467 3 
459 4 474 37 458 25 463 47 471 19 465 19 484 8 
467 7 483 2 461 35 471 27 477 6 
460 24 477 50 466 21 464 19 482 47 471 14 476 33 481 3 468 34 472 42 470 38 473 9 457 31 484 49 483 15 479 18 462 50 467 13 
476 23 483 17 468 46 471 3 475 46 484 1 481 32 479 25 473 44 474 13 472 30 458 15 461 32 460 35 466 39 459 30 
482 9 484 5 475 3 472 40 478 40 468 7 469 11 483 15 476 8 477 13 460 46 474 11 459 35 479 39 458 36 467 20 470 34 466 18 463 29 480 40 462 22 481 23 
472 12 
481 30 467 30 463 36 460 5 465 34 472 25 468 49 484 5 461 21 477 3 483 2 475 8 470 15 469 19 464 42 466 40 482 11 474 32 462 7 476 28 471 14 
470 39 473 24 488 38 476 8 
498 24 482 30 463 4 474 36 467 39 473 19 464 49 471 41 492 25 481 10 
496 1 475 11 484 4 495 17 474 12 486 35 489 32 479 4 471 5 
496 18 492 15 466 40 495 12 475 8 467 49 494 5 493 44 
475 3 480 25 487 40 465 41 478 24 497 14 469 30 498 21 466 9 490 32 468 5 472 10 485 8 486 29 
494 37 
469 12 478 17 496 34 482 15 490 25 467 27 477 33 481 30 
481 36 480 26 489 17 472 49 475 46 486 25 471 46 469 39 495 3 487 50 468 35 
484 29 497 8 469 11 494 44 487 16 470 12 489 7 
494 29 471 16 486 34 495 19 473 22 488 25 481 3 496 29 475 42 493 29 491 49 476 47 
494 18 489 21 480 47 476 34 496 5 492 42 478 16 493 3 475 11 483 3 486 39 491 32 
488 31 473 18 485 39 484 8 493 50 481 5 492 32 494 20 
497 40 
477 44 495 20 475 15 476 8 484 33 498 29 480 9 
491 18 498 48 478 37 484 5 490 34 
490 46 482 50 477 25 
479 44 484 3 477 29 488 31 490 46 483 38 491 5 486 50 478 4 497 4 481 9 489 20 
491 41 486 20 496 19 498 14 493 38 480 27 494 15 
480 40 479 47 
485 3 488 40 482 6 494 32 491 47 487 17 495 25 481 16 
487 31 490 7 485 17 489 11 482 12 
486 17 484 13 489 49 482 49 491 31 493 49 487 11 485 26 483 2 496 49 498 21 492 31 488 1 
496 7 497 15 491 49 484 48 490 2 
487 42 496 1 493 32 488 10 491 50 497 15 492 20 484 9 498 28 
485 26 488 30 495 43 489 20 
493 13 
491 2 
496 14 
496 9 
492 7 
496 8 
498 12 
494 5 
494 36 
497 38 
499 41 
498 47 
499 21 
499 45 

