22 43 41 25 13 3 21 19 40 28 23 40 19 39 35 39 3 41 30 37 7 23 4 17 10 11 20 42 27 42 15 18 14 25 11 49 6 8 38 34 28 38 2 23 5 12 26 27 1 20 12 31 34 24 18 15 17 40 8 2 31 38 29 47 39 13 16 45 
52 48 17 1 24 49 56 48 51 13 58 1 29 12 18 12 14 26 63 32 8 14 34 39 55 1 62 46 48 7 36 12 
66 48 46 9 25 46 50 50 20 21 9 47 24 8 16 33 33 49 29 30 11 24 27 9 54 11 26 28 44 37 40 26 39 36 58 34 
18 35 17 29 21 28 47 6 51 44 9 2 59 25 15 18 22 50 6 25 33 35 29 27 65 14 45 35 24 5 30 22 67 19 50 34 25 50 36 2 31 43 27 12 55 41 
64 42 23 11 16 2 59 45 52 1 50 35 15 34 11 38 63 1 10 3 32 19 5 33 34 21 54 36 58 24 
58 27 30 41 62 15 56 42 50 36 65 50 54 36 11 38 40 45 57 4 35 48 15 3 23 13 17 15 
63 7 60 38 34 19 30 44 53 49 40 40 19 20 57 20 43 24 11 11 38 34 35 7 47 50 14 9 7 19 42 12 
61 16 14 38 44 39 54 35 
23 10 14 25 31 27 59 18 
25 47 39 21 13 37 31 41 33 25 40 46 23 7 24 12 47 19 22 3 36 15 57 41 55 3 
33 17 60 30 
38 18 55 25 17 16 61 47 41 32 62 21 40 27 58 31 24 45 35 38 66 13 13 18 20 8 19 44 67 38 32 23 65 19 
54 27 22 4 47 7 51 37 23 32 45 6 66 25 49 17 26 12 21 32 44 6 56 41 
50 19 55 1 25 8 19 8 59 46 43 27 61 7 35 2 16 6 37 35 17 18 28 20 20 47 22 4 39 9 48 19 44 32 60 3 42 28 34 24 54 9 31 25 33 1 15 42 45 13 51 31 
66 41 60 26 63 37 47 22 36 24 65 9 52 35 44 37 51 10 53 17 50 32 43 2 62 37 19 21 31 47 29 2 21 27 55 39 25 30 59 14 61 31 
37 12 35 13 21 40 50 26 25 17 40 13 
62 14 43 24 54 23 49 17 44 20 32 14 18 35 26 10 50 8 56 3 27 38 23 14 17 28 46 32 64 41 
33 45 21 20 30 23 56 5 55 9 59 33 35 30 57 40 51 42 19 1 58 50 66 29 44 32 38 20 31 36 34 7 45 41 64 35 22 28 28 24 26 2 61 17 49 7 63 33 
60 11 57 45 62 4 
20 20 52 27 40 37 34 40 59 38 63 17 61 4 37 39 
54 32 65 6 41 14 
62 24 22 47 53 6 37 4 24 18 61 39 48 42 28 48 32 32 55 28 26 48 31 35 63 3 27 29 42 26 66 21 51 28 41 15 45 19 64 25 39 21 
39 48 59 39 43 33 52 15 51 39 42 27 
27 31 48 41 59 8 47 9 35 13 52 10 64 46 43 15 51 45 39 16 46 44 44 26 32 24 67 2 38 3 63 44 31 17 45 49 41 28 49 7 62 9 60 2 33 33 
61 5 53 23 56 38 36 43 42 34 62 20 57 41 48 15 
54 6 58 10 32 39 65 38 36 21 
36 6 34 23 50 30 41 43 64 1 53 2 52 21 39 36 60 20 51 49 30 30 55 42 54 3 63 8 49 1 27 46 46 15 31 17 
58 37 54 26 66 9 31 28 53 25 37 27 42 19 34 21 38 31 28 30 64 1 44 44 45 8 33 5 36 48 30 16 61 26 65 23 
48 12 32 39 62 45 35 5 53 34 65 11 38 19 50 41 42 8 47 5 64 19 30 19 36 26 44 34 61 33 34 23 41 35 52 41 51 26 
33 44 36 44 41 43 57 8 56 48 51 38 59 45 54 26 63 3 53 24 48 28 47 29 66 28 35 10 55 47 64 7 50 29 49 16 62 2 31 31 43 22 30 29 37 41 
33 20 52 50 48 15 36 48 57 46 60 18 40 21 45 7 49 16 50 34 31 26 63 16 62 23 53 37 67 28 34 34 66 19 
54 36 39 9 47 2 36 4 62 12 42 41 
66 13 65 30 53 21 37 1 61 45 67 38 50 1 51 21 39 4 60 27 36 15 49 40 56 25 
53 17 38 17 66 33 
66 3 52 17 58 46 55 1 59 34 37 20 47 20 38 43 65 44 67 12 51 6 57 37 60 5 64 33 43 1 56 2 40 18 50 28 39 19 49 39 46 21 62 27 
45 43 58 8 39 28 67 10 62 13 50 49 55 18 42 50 66 41 51 41 43 42 38 44 36 15 53 42 61 35 60 14 44 25 59 25 47 33 
55 27 66 37 58 17 59 36 64 10 43 26 49 15 65 13 37 5 
40 20 49 45 60 46 50 8 47 12 46 11 58 19 67 41 42 27 43 47 45 49 51 29 61 44 48 13 56 40 55 13 59 9 64 14 53 28 63 14 52 2 65 32 38 24 
58 42 67 48 49 39 62 23 51 34 57 29 42 40 63 32 65 5 39 32 53 11 54 23 47 31 66 31 48 30 59 6 64 3 40 37 61 2 56 28 60 14 41 35 
44 48 64 47 48 26 40 35 
63 26 58 46 55 3 66 36 50 29 44 19 52 39 46 32 64 44 45 33 53 27 54 46 65 43 67 22 47 40 59 27 43 16 61 50 51 28 49 17 
47 40 44 25 52 11 53 24 57 29 58 32 60 5 45 22 66 23 42 10 49 49 64 46 56 28 46 9 50 47 67 27 62 7 63 29 48 25 59 2 61 26 51 32 43 19 
73 10 70 21 50 38 54 50 48 43 66 24 79 23 55 10 105 7 58 25 56 50 59 50 75 37 44 42 61 15 62 21 49 17 102 34 63 42 86 17 98 26 82 35 97 9 84 30 96 21 67 14 74 23 93 43 43 20 85 32 
93 8 58 5 71 19 72 4 69 49 65 35 104 5 106 14 99 33 47 36 70 37 64 47 46 35 
92 16 83 18 55 26 104 18 97 1 98 50 82 5 87 11 51 36 75 23 95 32 68 3 66 16 54 50 46 41 73 40 60 42 58 11 80 36 88 15 89 38 78 11 84 48 53 10 57 31 77 24 96 36 47 49 64 23 101 40 103 31 71 19 105 27 52 30 59 7 69 7 90 49 
68 22 67 23 91 8 88 29 49 12 54 15 73 42 60 13 85 40 94 16 105 30 97 39 106 41 89 9 65 35 59 36 47 37 84 4 66 20 46 46 92 28 95 9 50 9 55 28 
97 17 71 4 52 10 48 1 100 8 68 32 83 28 74 6 61 32 91 15 66 28 87 48 84 49 72 14 82 46 63 42 76 30 78 43 58 21 94 36 75 32 67 42 53 20 92 43 95 39 59 50 90 48 98 45 81 20 105 12 
69 44 63 30 58 17 53 35 105 22 90 35 48 33 62 8 95 4 60 49 92 23 99 44 81 20 52 12 49 28 66 27 72 31 73 21 83 15 88 38 89 22 98 18 61 5 67 10 76 4 103 22 
79 36 49 6 57 32 106 19 53 26 63 45 78 3 93 4 68 13 
79 32 56 7 100 32 83 16 90 10 95 9 93 16 85 9 64 49 71 12 89 27 84 8 87 23 94 34 86 15 53 41 98 37 60 42 91 36 102 31 
71 48 68 42 98 16 77 21 
83 49 91 22 99 24 101 7 62 14 
62 40 69 4 67 23 99 12 96 22 88 3 
68 49 86 49 99 9 106 20 89 31 79 34 67 38 92 20 83 6 104 43 64 1 58 29 62 15 98 36 57 38 90 5 85 26 80 26 70 11 60 31 78 11 69 47 63 46 71 44 54 29 76 41 84 39 82 50 103 11 66 4 59 29 72 44 87 48 93 34 91 14 77 49 100 16 
79 19 86 8 99 30 83 31 102 19 90 33 88 17 94 45 70 30 58 10 105 46 78 50 72 23 93 20 60 16 67 23 87 48 77 15 101 44 62 6 104 47 103 28 55 37 68 40 61 14 82 29 95 33 81 1 69 23 98 41 63 43 80 2 57 19 
79 43 94 40 73 14 57 37 64 45 91 12 93 21 67 20 103 46 97 12 61 29 59 36 62 14 
80 39 105 48 85 10 70 34 104 43 84 17 60 7 93 18 82 32 62 23 97 12 69 20 63 28 68 2 57 9 78 14 98 21 64 22 
94 28 72 31 62 7 78 30 69 30 103 20 75 32 71 7 97 37 60 14 83 30 96 26 
74 19 59 38 100 12 89 18 67 33 73 47 104 4 98 1 61 25 85 28 77 7 101 9 70 28 87 16 63 9 62 23 105 13 103 32 95 21 99 44 94 6 81 44 68 50 82 40 97 48 72 21 91 45 92 38 60 10 96 21 83 36 
105 19 61 18 72 42 95 33 75 32 79 12 84 7 83 20 85 7 101 12 98 15 64 17 82 40 68 5 60 30 78 5 67 13 97 26 96 35 99 43 65 45 91 4 63 41 76 11 77 2 81 42 80 30 66 44 89 41 104 27 73 28 92 35 70 43 69 7 102 25 100 2 90 23 
83 3 97 10 
94 32 68 40 
105 44 104 45 66 46 89 12 
84 47 64 17 65 36 79 24 86 6 94 8 106 1 74 1 75 31 103 25 81 49 85 15 92 48 98 48 93 20 101 38 82 33 96 38 77 11 76 25 
106 49 
94 2 82 14 78 49 106 3 105 29 71 33 98 3 70 25 67 33 83 24 93 41 91 4 73 33 72 18 84 29 104 8 80 21 68 33 102 33 
79 3 90 46 
102 20 
127 48 89 35 92 17 109 18 69 47 74 14 97 29 75 9 103 10 112 35 130 45 
109 1 97 37 108 15 79 6 130 23 74 39 75 24 
122 20 117 12 111 35 126 3 91 44 128 38 130 34 125 49 93 35 85 28 81 25 118 40 110 5 
90 30 128 25 109 45 118 27 82 29 75 45 106 16 81 27 73 23 78 36 108 20 74 39 131 30 111 2 129 32 130 48 134 43 79 9 95 35 122 49 86 30 127 4 99 15 
110 1 114 8 91 15 103 10 
100 12 119 43 114 23 84 46 108 35 98 43 88 19 74 2 90 26 135 47 94 29 105 14 92 9 130 37 120 36 101 28 85 4 117 40 123 10 104 32 111 13 126 11 82 25 86 36 131 47 87 46 118 16 
102 12 75 18 124 4 94 13 80 21 116 47 81 7 109 15 84 39 90 14 131 1 98 5 133 26 108 43 82 10 112 20 83 22 111 31 89 23 87 40 123 31 114 48 79 4 117 47 77 37 135 2 113 24 107 10 
84 42 83 24 134 18 128 39 93 33 89 47 135 40 85 16 79 4 86 40 104 42 107 45 76 15 90 24 
128 15 88 7 118 3 100 35 123 5 85 50 77 42 120 20 129 4 86 26 124 31 97 33 81 19 99 34 109 25 125 39 106 33 78 24 
96 30 
107 1 88 38 82 30 109 15 114 13 115 19 80 22 93 21 134 49 79 15 135 39 121 4 125 33 84 38 116 35 94 17 119 5 112 12 85 25 
132 2 101 19 113 18 105 22 84 14 129 5 122 23 85 19 115 42 82 15 134 35 126 43 130 47 123 12 125 2 89 46 131 50 107 29 
90 1 133 28 128 50 82 31 129 3 108 3 110 29 83 15 91 38 132 48 121 27 107 45 134 7 99 41 95 12 130 37 104 34 115 5 102 16 122 10 131 11 113 38 118 1 86 19 
86 25 85 33 94 3 92 48 117 20 87 13 114 18 119 8 98 32 88 44 121 39 106 42 89 30 99 45 107 35 125 29 100 33 91 40 111 23 109 15 113 33 131 46 124 5 97 47 95 37 
115 16 83 21 104 20 90 37 122 25 130 32 87 50 
122 24 104 21 86 11 123 11 133 49 
85 47 87 3 131 48 94 18 130 34 97 27 92 40 134 43 88 32 118 45 108 18 103 8 104 34 102 44 99 16 110 48 
129 35 121 14 89 6 134 42 120 22 118 38 99 5 104 8 86 9 110 26 103 8 96 21 107 19 112 21 92 22 127 37 95 50 88 34 108 22 126 41 114 44 90 19 100 29 124 18 
119 38 115 35 105 13 90 1 
93 4 110 44 89 43 90 31 
111 24 95 50 115 6 
91 47 92 36 102 20 90 15 93 36 97 43 126 39 129 40 123 23 132 6 98 41 133 34 107 27 103 47 115 30 108 40 104 35 127 19 117 9 100 47 119 1 121 26 135 21 109 48 
132 34 108 2 115 34 93 7 94 2 133 1 130 12 104 9 110 28 98 18 92 38 112 37 
97 12 120 5 126 28 100 14 130 44 105 1 93 5 96 30 135 6 108 25 103 12 134 24 118 41 119 29 98 29 110 15 99 16 132 48 
100 46 128 37 96 26 108 48 102 23 109 8 123 41 130 43 113 46 122 6 107 33 115 22 99 47 135 15 114 19 111 37 97 35 125 26 103 26 134 32 
99 47 125 7 113 16 129 22 103 45 111 27 127 32 97 43 134 36 94 11 112 36 104 30 115 1 120 43 114 32 128 50 130 24 122 22 
120 43 113 25 
135 44 120 38 125 24 
113 28 129 9 109 25 103 7 134 9 99 18 116 37 102 30 131 11 119 5 111 11 128 4 132 5 
103 45 112 39 106 12 113 17 107 35 120 8 101 36 110 15 102 4 129 11 122 16 126 15 115 45 108 41 130 15 132 21 109 37 133 42 
123 46 
133 38 126 38 116 24 110 5 109 39 125 32 108 39 102 26 
116 42 120 23 105 33 128 1 113 26 102 21 124 29 135 1 103 10 127 48 131 30 114 5 130 9 111 26 117 16 134 48 
117 25 116 11 133 20 120 6 
112 6 125 4 103 6 129 30 118 14 108 44 106 19 131 48 126 3 124 49 134 21 119 25 107 21 123 10 130 26 104 26 116 40 114 24 128 27 121 24 135 19 133 2 110 7 127 31 132 48 120 29 109 33 
114 3 108 38 123 23 105 13 121 24 119 13 107 1 112 10 120 26 115 47 122 27 109 19 132 5 110 20 124 23 134 25 125 15 135 31 129 29 116 24 126 29 
109 49 
106 19 117 15 113 21 120 30 107 31 126 47 118 46 132 3 135 40 112 38 121 21 
111 21 133 20 117 37 114 40 107 43 126 13 120 30 109 32 125 28 130 34 129 32 127 49 124 30 110 11 128 30 135 2 
145 41 116 32 146 21 138 19 142 14 
136 41 156 33 124 26 123 3 129 35 150 46 127 45 117 31 139 48 140 44 118 2 137 16 
156 36 
153 41 122 4 133 4 126 31 135 37 124 6 113 3 152 17 118 36 156 40 128 38 149 47 155 14 125 1 146 41 
124 47 115 44 134 21 121 37 142 2 122 32 127 33 
136 22 116 3 146 37 127 43 147 10 
139 36 138 42 127 1 131 38 143 19 147 5 153 27 118 49 132 38 125 14 
156 8 
136 19 141 12 122 18 126 42 145 43 120 16 118 39 148 17 119 19 
137 17 122 32 148 37 152 45 144 20 129 27 117 23 140 45 130 22 146 25 156 39 136 9 131 49 151 19 145 17 
144 5 141 12 139 25 123 20 133 40 151 2 
148 48 
134 39 138 49 154 46 126 6 147 17 130 28 123 1 128 23 141 36 
152 3 145 7 155 43 139 16 
138 12 155 45 144 30 133 10 123 43 132 49 134 2 145 29 147 26 128 1 142 2 122 50 125 9 129 17 141 34 146 40 131 49 148 26 
147 30 155 15 129 39 133 18 128 20 132 46 156 43 154 49 143 15 153 13 152 41 145 18 151 7 149 18 134 37 157 27 127 49 142 8 144 22 
153 40 134 26 149 6 132 17 152 33 144 2 129 22 131 49 141 32 133 48 127 28 157 23 140 24 135 48 138 25 143 18 126 18 
133 50 135 12 140 39 147 49 157 2 152 27 143 31 128 43 136 46 141 15 131 47 153 38 139 39 148 6 132 49 150 6 156 33 155 35 134 3 144 42 
135 15 131 47 141 46 156 34 151 8 148 50 126 39 143 26 155 14 150 50 138 27 139 31 129 40 144 25 152 26 157 22 145 49 128 16 153 36 146 45 137 26 
157 44 149 34 131 44 134 48 132 16 145 26 138 26 139 18 144 43 
151 5 146 6 149 13 130 27 136 27 141 32 152 37 128 45 139 45 155 12 154 46 156 29 138 27 145 48 131 42 144 5 142 20 143 28 
133 30 141 25 155 3 156 29 131 6 136 12 143 6 152 2 154 44 148 25 135 31 153 25 138 12 142 5 134 22 146 8 129 4 130 1 
143 34 131 39 141 2 155 14 
131 17 139 43 
145 40 156 33 154 15 155 22 135 50 137 18 141 20 133 40 149 43 134 15 132 33 143 22 136 45 157 22 152 3 153 49 140 5 150 46 142 16 
152 23 153 27 156 44 137 43 155 23 144 46 148 41 140 16 150 19 145 48 138 22 136 36 147 41 151 43 139 26 
149 50 142 42 146 2 141 40 135 49 153 13 150 27 134 5 143 46 145 44 152 36 148 42 138 48 
153 5 
143 48 154 3 152 16 147 30 138 44 149 34 
173 38 159 30 
142 48 172 47 170 2 168 12 153 33 178 13 164 5 169 7 177 4 140 15 
178 6 155 11 160 24 165 24 172 39 149 14 
175 17 172 43 153 20 151 29 163 2 158 20 169 18 162 4 161 26 174 42 159 3 177 38 173 6 152 22 154 28 167 50 
156 47 159 49 158 9 176 7 151 44 177 12 147 5 173 35 164 38 143 41 141 18 154 21 168 19 149 7 170 5 144 26 
172 23 168 1 161 22 171 42 145 15 176 40 170 7 158 23 166 21 152 10 156 20 148 20 149 47 177 33 175 15 143 13 155 6 174 22 162 21 142 26 163 39 
160 10 151 15 157 16 169 19 156 39 172 7 144 41 163 19 154 27 149 50 148 43 150 44 177 17 
175 7 161 22 169 26 151 2 176 5 163 43 154 49 147 48 166 19 155 46 160 11 149 18 157 25 144 25 167 42 177 27 164 17 162 4 158 15 174 43 172 35 
151 6 172 50 174 6 162 15 146 15 147 11 175 44 157 26 149 11 159 42 153 3 167 40 171 23 165 42 148 3 160 43 168 2 145 50 178 1 
152 11 165 32 
161 12 156 3 149 33 178 8 155 18 147 35 152 34 154 37 158 6 163 14 150 50 153 2 165 37 164 4 
162 9 148 8 161 34 153 35 172 22 166 19 176 32 160 11 159 24 149 17 163 3 151 28 158 29 173 25 175 5 165 23 167 36 152 5 170 32 
172 6 160 47 166 3 157 36 169 2 165 29 174 14 162 22 152 38 170 38 155 32 156 16 153 50 178 10 164 50 168 14 150 29 161 40 
171 1 177 4 160 46 161 13 176 50 155 17 170 25 166 50 
152 15 168 29 172 4 171 50 163 24 161 29 160 45 
176 43 161 50 157 39 155 44 154 45 162 14 159 30 166 22 
160 31 173 45 169 25 171 29 175 29 177 47 157 27 176 16 167 16 166 10 163 33 
155 33 178 24 166 31 160 43 175 8 163 27 158 6 177 8 156 14 173 25 164 4 
163 32 
168 5 
163 13 159 49 167 6 176 24 177 11 164 18 169 23 162 24 158 42 171 2 170 43 173 23 157 13 165 5 178 17 161 40 168 35 
167 9 178 2 166 20 173 2 177 16 168 47 176 34 164 23 174 47 161 37 165 26 159 47 163 9 
161 35 
185 2 173 5 196 6 187 27 168 37 194 29 165 29 182 22 178 47 186 15 198 41 161 16 201 33 180 12 193 17 167 24 160 14 
168 13 177 43 187 18 178 17 170 49 164 28 176 22 198 11 185 42 162 30 189 38 199 27 180 44 171 45 172 10 174 21 192 37 163 9 191 27 200 33 183 19 
194 45 182 44 172 48 174 40 168 42 204 35 186 3 163 23 202 27 183 35 179 13 196 45 171 15 177 11 175 17 188 47 192 38 190 46 164 36 176 31 191 50 165 34 169 27 200 50 166 14 
189 25 183 9 200 13 164 43 180 29 177 20 174 27 197 7 169 5 198 6 199 48 193 39 175 37 181 47 195 39 203 48 188 22 191 19 201 25 176 44 166 1 
182 7 165 31 171 46 203 1 178 1 191 9 188 21 164 23 189 9 196 29 195 1 201 43 190 24 169 34 192 24 177 50 197 33 204 30 180 47 173 49 194 47 198 12 
200 2 192 39 199 44 167 21 179 44 177 27 187 23 175 10 185 9 184 9 183 40 195 1 196 44 
199 9 186 34 173 1 178 13 193 24 180 26 192 46 204 24 201 19 189 38 194 16 179 45 185 22 
204 45 194 24 175 18 169 47 176 41 182 31 172 1 
189 3 171 48 179 13 204 24 194 32 190 48 170 21 185 9 187 1 188 28 176 21 
173 11 191 17 174 2 183 12 204 42 203 31 
171 5 201 10 192 6 186 27 189 6 191 30 193 21 198 9 184 35 179 4 182 10 203 1 176 19 196 38 188 8 199 19 183 31 
171 38 
193 27 175 4 182 5 184 10 204 44 181 49 200 15 183 35 
197 32 189 26 177 5 190 43 183 27 185 15 187 43 204 47 
185 49 197 7 191 6 195 11 181 24 190 2 200 31 201 45 196 45 184 22 187 26 194 9 175 19 176 8 192 28 183 28 
202 39 178 40 186 6 187 12 190 1 203 3 201 48 184 20 191 21 200 30 195 14 183 49 199 48 179 8 181 15 
192 7 194 37 179 12 198 1 196 26 187 19 180 17 197 25 199 16 188 30 195 6 203 5 193 30 185 29 204 15 181 37 201 14 178 19 191 45 
197 2 182 24 188 10 200 36 199 42 187 21 183 17 179 40 186 42 190 18 192 13 184 1 178 32 201 24 195 44 
181 6 194 15 183 35 196 21 199 38 203 50 200 7 198 20 201 13 178 7 180 35 
199 25 197 20 195 33 198 23 187 9 191 19 188 25 193 19 189 28 200 37 183 48 184 14 196 26 203 2 194 6 182 13 201 48 190 37 185 50 181 48 179 35 186 5 204 38 192 42 
221 16 215 13 240 11 246 40 242 5 233 18 239 6 208 48 225 49 236 23 237 28 199 25 214 15 183 34 231 36 186 29 
225 48 184 46 188 39 239 2 181 2 216 46 200 37 202 25 214 9 209 43 227 34 213 14 183 42 198 14 208 47 190 10 206 14 197 15 182 16 246 21 218 15 191 48 195 15 187 17 231 10 
193 19 226 20 244 16 232 41 211 26 189 9 235 23 191 6 223 45 207 2 209 50 231 16 213 10 200 7 214 25 237 19 205 6 225 45 182 2 184 2 195 7 236 2 219 3 190 20 210 19 216 20 240 10 198 15 199 36 230 27 220 6 221 46 245 24 186 4 203 22 
186 40 236 12 212 31 221 14 200 48 215 6 229 17 226 33 245 9 209 45 238 25 239 46 228 3 
219 26 204 44 211 39 236 30 232 3 188 2 187 19 198 31 235 21 224 22 197 46 222 41 231 36 243 32 193 38 246 16 244 23 217 39 192 25 203 50 239 6 220 19 215 44 207 9 245 1 227 36 189 28 226 21 190 3 
191 43 225 21 241 14 236 34 216 15 190 24 193 25 233 26 245 7 244 35 235 44 195 2 
203 22 202 37 223 21 245 20 226 5 220 49 208 40 241 29 221 1 197 33 196 43 216 27 228 4 207 32 198 49 194 24 242 15 225 50 214 44 230 20 188 49 222 26 
194 11 235 50 216 47 236 33 232 23 225 47 193 32 205 43 229 18 206 38 215 49 
197 20 193 33 199 9 244 50 194 38 243 50 237 40 246 32 235 42 210 40 225 48 238 19 215 14 218 6 200 21 205 5 242 35 212 17 190 36 
217 28 204 22 193 13 229 33 210 48 219 8 245 32 200 20 199 10 228 48 234 13 194 25 243 1 215 41 211 4 191 30 223 14 207 11 209 11 220 46 235 39 241 46 244 10 195 50 227 11 242 33 225 42 202 5 236 34 208 28 203 32 218 3 190 9 221 18 231 5 198 20 197 39 240 22 222 11 232 9 
209 9 208 50 224 20 217 37 222 2 210 36 195 45 232 19 213 9 223 43 197 24 220 43 227 44 246 38 191 19 201 13 231 2 199 50 215 29 230 36 203 13 
191 31 235 31 214 49 220 39 246 47 229 46 232 15 193 35 224 7 219 41 199 18 222 7 206 39 242 16 208 4 238 44 204 30 245 7 212 6 198 45 210 35 233 29 236 33 205 33 226 29 244 29 237 39 243 15 211 34 194 46 215 50 216 10 228 45 202 2 240 32 200 44 203 3 197 43 
222 43 217 32 192 47 204 8 215 37 203 28 233 50 236 46 230 11 234 2 198 17 239 30 228 7 210 34 206 49 240 25 214 30 197 32 219 15 235 46 199 27 237 49 
198 50 199 19 234 46 214 46 237 3 217 31 228 42 208 3 196 17 236 13 232 44 229 31 203 41 225 47 200 14 197 29 201 22 235 37 245 25 
212 19 202 17 210 9 237 2 208 18 222 24 216 38 241 9 232 6 244 10 213 12 206 33 230 4 225 14 205 43 234 17 229 25 207 17 240 12 220 38 218 31 194 40 235 38 195 9 196 49 
223 46 203 5 208 44 209 35 199 13 225 15 246 10 214 48 240 48 211 31 234 36 204 8 222 23 226 34 220 34 217 27 195 46 239 25 224 39 241 38 201 16 196 45 218 45 
225 18 208 41 
207 26 212 36 224 44 220 25 219 50 210 13 213 29 241 45 237 6 197 26 227 20 203 23 214 48 199 28 221 29 198 49 226 16 204 32 236 23 232 17 230 26 239 42 201 8 228 15 240 33 211 25 246 25 200 40 245 22 222 46 231 29 217 20 216 13 235 1 225 34 233 20 215 37 234 38 209 8 
210 49 221 17 200 41 223 12 
234 27 204 5 216 40 210 15 242 38 213 13 205 34 200 47 206 23 224 41 221 43 240 13 229 35 245 28 230 30 246 39 211 41 232 16 238 32 203 29 241 50 227 26 217 19 243 18 223 15 228 16 244 37 231 33 218 32 207 9 235 36 201 13 219 22 209 27 214 16 226 50 220 41 222 40 236 24 225 39 
216 3 235 32 211 45 213 35 222 8 229 5 205 35 209 46 232 32 206 23 231 24 203 11 201 43 225 26 215 7 234 18 220 42 212 50 218 47 223 31 228 15 204 27 208 47 
206 21 240 6 236 25 224 37 238 34 221 47 218 8 244 42 
245 40 233 44 212 39 236 37 219 19 218 28 209 40 214 23 225 11 206 6 240 18 221 39 232 23 238 3 228 23 
220 11 206 26 236 5 227 29 241 30 240 41 245 50 246 49 243 36 216 36 203 36 
224 14 221 14 244 11 232 1 240 46 212 50 228 8 227 45 229 18 230 27 242 10 235 9 205 41 218 6 238 12 207 4 208 18 
229 13 214 39 244 42 
238 36 209 25 250 49 256 43 
228 1 246 46 223 30 240 16 251 29 276 47 
257 47 262 27 244 30 218 33 214 9 219 6 261 39 278 35 220 13 243 31 265 37 237 25 210 1 211 18 
270 23 278 12 235 34 248 46 279 36 209 43 280 30 269 44 221 11 271 50 272 7 275 36 246 26 236 39 263 4 210 44 215 36 233 18 237 11 254 5 223 37 256 24 
256 23 240 37 244 29 222 40 257 19 214 5 218 20 241 7 234 17 
246 22 254 42 272 33 222 36 276 14 253 30 255 49 218 35 256 38 261 44 227 43 250 50 214 47 211 20 242 19 258 9 271 4 
242 38 233 9 246 34 216 24 
280 21 271 50 260 17 237 27 257 45 258 26 247 28 221 15 222 6 279 38 
275 14 268 47 249 42 263 45 247 22 230 36 235 47 234 14 276 28 266 50 220 1 245 1 236 27 221 39 254 17 274 15 272 3 244 44 243 23 231 17 258 15 227 30 240 10 278 30 223 9 260 25 217 16 215 33 239 41 250 9 280 35 248 2 228 17 
225 48 256 23 215 49 243 21 223 13 
264 1 275 49 239 41 220 36 244 23 252 2 273 9 245 10 268 28 277 26 235 42 243 46 221 46 249 10 241 29 229 11 251 32 238 24 240 42 232 18 263 40 271 43 218 32 279 42 226 3 262 14 217 29 
263 29 233 19 246 41 257 38 270 16 238 49 256 24 227 6 
246 49 263 3 267 45 259 37 227 21 255 17 279 46 248 29 275 26 220 43 257 21 241 3 252 3 228 6 270 20 232 11 222 50 272 28 261 47 235 16 268 4 260 28 273 3 224 5 225 34 256 38 233 20 219 46 243 46 242 41 240 41 229 24 245 42 
229 25 246 13 270 44 265 50 242 42 226 32 238 7 227 37 233 36 256 30 267 5 235 11 244 17 268 8 274 18 219 31 257 12 225 26 272 39 232 33 279 43 228 22 278 43 266 8 248 39 239 39 280 30 254 43 224 44 275 11 237 45 
252 47 231 39 
231 34 253 31 251 49 250 31 
248 29 252 24 228 32 231 21 262 2 266 23 273 28 275 27 244 30 
277 19 233 42 276 47 240 44 269 33 278 9 231 3 234 41 261 38 247 21 253 38 249 23 267 1 273 33 223 17 264 4 228 33 255 10 244 21 258 34 270 28 256 33 224 22 238 45 280 29 225 15 262 30 229 30 226 6 
272 37 237 45 246 4 266 20 263 22 229 31 242 31 
268 6 225 12 236 17 271 6 280 6 256 31 251 1 272 8 247 14 259 17 234 16 267 47 249 47 275 29 276 42 279 6 244 34 255 30 254 37 241 36 232 43 263 5 233 22 253 34 237 14 
226 48 241 1 228 35 272 26 240 19 273 16 274 1 262 48 265 11 277 33 256 37 236 44 233 8 248 17 231 32 230 42 253 45 255 15 234 5 270 44 244 17 235 26 250 16 229 37 280 31 276 17 243 8 264 48 239 33 257 35 247 6 237 8 258 41 
265 10 236 46 252 38 238 10 253 42 254 49 271 34 256 42 272 24 248 48 233 11 279 36 241 20 235 23 257 15 266 12 275 18 237 28 280 10 274 29 268 28 273 33 258 27 228 2 247 6 
249 18 262 13 267 12 253 40 274 29 268 35 240 32 251 11 270 24 242 23 228 26 275 47 273 10 236 34 255 27 241 40 266 13 235 27 264 43 231 37 272 7 254 27 280 40 261 16 229 20 276 15 265 30 257 21 243 33 248 34 230 20 271 27 258 13 
239 28 242 26 233 46 253 44 254 12 261 8 256 29 237 3 230 50 277 35 243 17 267 41 232 44 279 10 268 12 229 36 235 44 247 24 251 32 231 41 257 1 278 30 240 23 246 42 269 35 244 25 262 26 248 6 273 49 234 17 
247 30 242 1 279 9 245 10 257 10 230 42 
231 33 249 36 244 19 
258 47 242 41 247 1 246 21 255 32 250 44 239 12 271 44 248 14 274 15 245 24 252 28 240 4 
263 25 275 44 271 43 248 25 237 47 279 36 239 12 236 10 269 31 257 17 260 45 274 13 252 19 243 19 238 12 245 41 265 3 258 39 264 50 
235 18 234 48 245 17 260 3 250 8 254 39 
250 9 241 19 256 37 240 30 270 23 259 8 239 4 280 18 238 27 269 31 266 30 258 20 268 31 275 26 237 7 261 30 249 1 265 21 254 43 248 8 245 17 274 21 251 12 276 43 272 18 247 5 236 38 273 24 244 16 264 32 242 2 263 27 279 40 253 14 
260 5 239 14 248 10 245 48 270 7 252 20 279 24 256 4 259 21 242 1 
254 1 267 49 239 29 257 8 242 7 253 21 268 37 251 36 240 47 273 42 256 24 255 3 264 26 278 50 280 30 
272 44 249 16 247 3 250 43 269 4 259 30 244 33 256 8 253 45 275 30 268 1 273 21 242 43 270 22 252 47 261 27 265 17 239 24 251 33 240 36 238 1 241 24 255 25 243 45 258 3 276 25 245 42 263 46 264 8 266 46 
265 26 246 14 248 47 264 45 245 26 278 10 271 50 244 41 254 6 261 44 255 42 263 3 259 19 250 46 274 23 260 35 273 10 276 30 266 29 258 7 251 23 240 11 262 43 252 17 275 39 241 6 280 39 270 45 253 30 
279 38 261 9 272 7 
262 3 261 20 249 45 259 15 280 25 273 28 253 11 246 27 270 37 277 31 269 48 250 35 260 9 257 3 251 7 242 9 241 50 255 22 247 29 265 40 264 6 272 28 266 35 268 38 245 13 243 41 252 9 254 26 279 10 267 33 275 24 
270 40 278 48 253 10 271 47 256 19 269 11 244 42 276 9 268 20 267 22 255 48 252 4 262 39 242 10 280 37 265 24 251 33 273 39 275 28 272 7 257 39 263 37 
256 10 249 16 266 35 276 10 272 32 261 28 270 11 250 26 252 27 246 22 258 3 268 15 255 20 254 26 271 39 278 21 247 8 251 8 264 35 280 15 243 6 269 40 259 45 265 20 
276 26 280 1 251 26 
261 22 277 26 269 48 267 15 253 42 252 9 246 25 258 17 270 35 271 4 263 1 257 3 245 50 255 18 248 40 260 20 265 40 278 8 259 3 250 33 272 20 280 40 276 47 268 31 262 15 254 32 279 9 251 6 256 10 274 30 275 22 
261 13 
272 24 264 34 275 34 269 30 253 9 265 8 280 26 247 26 
296 42 261 16 285 33 250 15 276 29 288 14 
294 3 301 11 
263 44 255 24 273 3 281 38 267 42 266 40 293 33 272 47 296 3 250 41 269 6 252 36 258 42 274 48 300 22 
273 9 261 22 286 50 270 31 282 2 293 27 266 33 268 46 299 14 271 42 257 13 288 10 272 37 
267 8 271 13 296 11 282 20 256 16 291 48 262 31 275 25 
262 20 281 23 277 22 275 37 260 19 300 29 257 2 264 15 254 24 284 14 253 28 278 43 287 50 
256 9 270 27 297 13 286 6 289 7 283 48 284 31 268 48 273 2 290 28 294 31 302 43 279 20 282 19 267 6 288 15 281 46 
288 4 268 17 278 28 264 39 282 19 266 1 277 31 294 17 273 37 283 14 269 2 302 48 
261 3 294 29 301 11 280 33 299 17 270 37 284 40 271 34 274 36 281 8 295 29 266 26 289 14 265 33 291 2 302 10 287 11 292 15 296 21 
270 4 290 41 299 20 
280 20 297 8 288 25 267 4 287 49 
290 48 265 16 271 26 288 6 302 33 283 12 298 47 272 15 269 10 280 3 294 5 299 17 
300 2 302 30 283 26 262 5 296 7 284 11 271 23 279 5 299 23 260 6 273 40 295 24 266 43 265 24 269 44 275 43 
270 41 269 3 283 34 262 11 281 7 288 47 263 18 290 19 300 42 301 42 266 45 280 43 268 27 276 21 273 31 299 24 277 7 298 14 302 20 279 12 295 28 
266 46 286 23 285 3 
272 3 301 36 281 49 288 47 293 5 274 44 296 40 271 23 284 30 267 27 270 14 278 27 269 49 276 39 265 42 263 1 292 29 299 48 297 29 266 15 273 3 283 38 
286 13 290 15 297 26 272 39 295 50 265 24 268 7 289 31 275 47 283 32 270 29 278 36 282 41 281 46 288 13 279 20 276 12 284 21 300 18 285 22 
274 18 289 1 271 26 292 31 275 46 278 45 297 27 293 41 301 24 
289 43 274 45 273 43 296 47 270 9 299 1 298 31 292 39 293 5 286 32 277 3 283 8 
276 2 
287 10 302 11 296 3 288 35 286 45 298 9 297 34 269 46 275 47 299 9 300 13 289 10 281 38 294 1 280 21 284 45 277 17 271 35 292 48 272 6 
299 44 275 50 292 3 282 17 293 23 283 15 297 44 300 45 
282 21 273 25 296 9 284 37 279 39 283 42 
298 43 281 43 293 11 279 43 301 15 274 44 
286 42 298 7 274 41 284 26 290 16 283 22 292 43 288 46 291 45 301 3 280 50 276 16 294 46 302 13 295 21 293 50 
275 15 294 24 301 24 295 22 287 20 283 50 298 13 289 30 284 44 299 20 273 43 286 16 293 43 277 23 281 48 279 23 285 41 274 28 296 50 302 17 280 29 
295 22 302 9 287 22 297 24 296 31 
290 21 280 39 282 45 301 13 281 25 285 19 276 7 283 31 277 5 295 33 279 44 
290 20 279 6 294 14 278 37 298 31 283 22 281 15 289 26 277 33 297 27 288 36 276 46 285 1 282 12 284 8 302 4 
290 4 281 4 286 8 301 3 300 11 277 39 284 38 279 29 283 49 297 24 291 2 287 38 295 12 280 6 288 48 294 1 
299 31 285 11 296 47 290 32 283 50 
301 50 
285 17 280 15 295 11 298 22 284 30 290 32 299 34 296 12 288 50 287 10 291 35 
301 36 289 37 300 6 285 4 281 33 283 36 294 47 290 27 282 17 
314 34 297 1 315 50 303 34 327 5 293 21 292 50 287 36 305 13 308 50 286 21 282 7 298 42 329 29 
324 15 313 47 308 31 292 35 318 46 287 43 302 46 304 8 323 16 329 47 297 31 328 9 306 6 
307 12 314 40 292 9 
304 19 299 42 323 22 318 26 322 24 295 32 291 33 287 31 309 46 308 3 285 16 324 8 286 12 313 22 326 5 293 6 317 27 
311 10 293 22 
288 3 328 2 289 23 325 1 326 20 287 10 291 21 302 16 322 41 315 19 306 4 323 29 309 7 297 17 311 18 321 45 319 4 320 47 312 23 307 14 304 24 324 43 
288 39 298 23 312 44 316 16 317 7 309 26 303 12 290 1 289 42 310 37 299 39 314 50 307 24 
316 18 306 3 303 5 299 5 300 20 291 20 319 49 314 15 328 44 290 6 310 16 329 49 318 50 320 22 305 22 
319 24 306 34 297 2 303 11 292 15 329 13 327 4 313 23 308 7 324 7 310 20 296 42 302 30 315 28 314 29 323 50 299 43 311 7 320 19 305 37 325 48 321 2 328 2 300 31 317 9 322 22 
314 21 325 36 298 38 311 8 320 36 324 4 316 45 329 8 292 46 315 13 301 40 323 50 302 8 304 41 313 40 
323 25 310 11 317 5 306 25 329 30 311 27 320 15 297 29 326 10 328 20 307 4 319 45 324 23 299 18 293 12 302 41 322 13 312 30 308 36 321 45 305 28 295 43 300 13 313 26 316 38 294 24 304 24 
323 18 302 34 295 16 319 34 316 7 298 27 304 16 321 16 296 2 303 48 294 5 309 8 318 45 300 45 308 26 326 4 325 33 317 32 306 43 297 37 328 23 320 48 312 36 310 49 299 22 
301 28 302 46 318 46 304 33 329 19 327 26 298 18 
322 40 300 40 324 16 311 48 303 14 308 47 
301 24 308 49 324 22 317 40 305 32 329 3 320 27 318 29 314 26 299 31 296 24 315 4 
323 7 
324 33 312 15 313 4 308 11 318 40 299 1 303 28 311 5 300 22 304 12 315 26 316 19 320 47 306 3 323 8 310 20 298 11 329 8 317 39 325 18 319 44 307 25 314 45 302 19 
301 17 313 34 316 24 304 49 317 50 320 50 319 19 315 6 322 42 312 34 325 32 300 49 321 2 311 15 303 22 302 18 323 41 314 31 327 18 329 18 326 17 318 18 310 49 309 33 299 21 305 2 
308 29 327 39 319 27 305 22 312 42 314 14 324 48 311 28 304 45 323 47 303 21 316 17 329 30 309 27 328 6 302 30 315 19 300 10 325 20 301 15 317 31 321 25 320 9 318 27 307 42 
323 6 313 46 312 43 302 2 329 22 314 27 310 39 304 28 326 13 327 44 306 43 301 39 325 15 308 39 305 38 316 49 324 7 
312 34 310 17 307 26 326 11 327 49 
321 16 304 18 327 47 313 27 323 48 306 36 317 7 315 13 325 11 309 4 
352 14 332 12 348 20 361 31 364 43 343 24 356 16 304 13 346 15 354 19 315 12 323 29 306 40 347 12 313 33 322 9 351 17 326 22 336 40 362 49 325 34 363 5 307 19 318 32 349 37 
324 12 314 3 309 11 361 21 308 15 316 14 307 11 315 7 310 25 348 45 312 48 350 20 327 29 328 8 333 47 366 15 345 3 353 47 357 34 354 34 365 29 335 43 349 27 356 48 317 7 343 3 355 35 311 49 320 15 359 5 306 45 332 17 
309 26 307 7 362 17 323 39 355 44 353 22 337 9 317 31 335 19 308 13 338 26 343 23 330 42 361 32 326 45 329 40 322 27 331 28 345 46 336 15 358 6 360 26 347 15 310 8 306 10 328 41 352 32 318 9 313 46 350 46 357 21 364 26 359 3 340 5 
345 12 324 28 338 20 350 34 318 15 343 24 321 41 337 4 309 13 319 32 365 7 357 17 315 49 329 41 346 34 314 47 364 40 366 23 363 7 326 3 328 12 312 37 340 41 334 1 330 43 356 24 308 44 325 33 316 5 352 23 307 34 351 23 360 11 310 30 349 41 335 13 
356 8 316 28 325 44 312 17 352 5 340 23 346 38 330 43 338 10 327 17 337 41 345 44 317 10 332 16 348 46 322 6 319 16 357 46 336 20 353 31 344 15 365 44 335 38 358 4 355 20 333 48 320 36 
319 48 317 32 322 31 315 41 364 10 348 39 362 35 334 42 343 10 316 15 331 45 338 11 360 28 336 18 350 39 351 17 332 20 329 18 323 21 347 18 324 27 333 2 355 46 309 12 325 20 354 38 310 41 357 35 341 21 313 7 
315 16 342 19 343 40 325 34 320 24 330 29 353 2 358 2 362 44 316 49 354 5 347 43 318 13 313 13 352 16 350 25 329 41 322 22 348 27 311 14 324 29 331 12 357 17 360 49 366 38 334 3 340 5 323 35 351 32 339 3 345 49 359 48 310 37 
334 41 330 18 316 16 349 29 329 39 313 37 311 13 350 42 338 26 341 22 318 30 312 14 326 5 336 16 335 37 343 16 348 33 354 46 317 37 355 35 365 9 353 6 339 3 346 35 362 14 315 31 347 39 
332 8 333 33 320 16 354 42 318 19 319 20 357 23 343 6 364 27 327 23 329 4 330 26 356 40 359 7 365 9 337 35 362 11 328 15 335 35 321 33 355 38 
322 41 361 23 363 4 357 23 337 26 321 34 329 25 351 16 332 48 
338 7 337 38 326 24 358 36 330 5 360 20 339 28 347 22 356 46 329 37 
353 1 357 19 350 6 317 48 363 25 328 38 359 38 323 3 337 8 325 30 362 30 319 39 330 47 326 16 338 1 356 21 343 33 322 13 333 28 344 36 358 17 360 34 334 17 352 15 336 2 
321 30 333 45 353 28 322 2 330 20 359 1 355 38 320 28 343 11 354 14 323 45 331 21 365 28 350 7 358 33 319 23 342 32 337 20 
333 15 325 19 323 47 365 35 
354 45 352 13 344 21 326 48 331 23 335 23 327 2 343 33 328 15 329 5 337 14 340 2 347 39 356 20 346 45 321 2 336 24 334 30 342 49 360 24 319 5 339 24 318 50 362 27 325 36 
321 8 352 35 334 27 365 47 328 6 329 41 333 37 362 23 366 18 323 31 336 37 324 5 345 48 355 7 344 44 343 19 330 36 327 38 326 25 356 13 337 45 360 12 
366 17 335 21 339 12 
363 21 344 45 322 7 336 25 353 30 359 27 365 45 333 16 331 39 324 33 342 19 358 3 347 30 339 22 346 20 355 3 326 29 338 22 337 16 325 47 329 35 356 42 327 27 334 33 354 5 349 40 348 20 345 24 335 33 366 41 350 2 362 7 330 27 321 48 
337 3 356 14 363 43 333 11 336 22 352 29 
325 21 353 21 360 28 347 4 341 35 340 9 323 19 365 2 349 46 333 35 352 48 362 16 339 12 324 43 348 13 337 14 330 42 336 20 
349 41 344 16 332 50 347 26 327 19 357 27 341 16 350 25 348 13 326 21 324 23 333 19 
352 16 351 17 325 17 365 27 349 50 364 20 331 45 345 39 
354 18 353 25 345 24 363 30 330 15 340 29 336 38 349 50 355 5 351 26 339 15 327 36 344 8 326 45 347 30 360 13 332 6 366 16 341 46 343 16 329 2 342 6 331 23 
360 17 331 13 328 30 366 1 351 30 356 22 357 41 364 38 330 33 349 13 333 34 354 5 336 8 363 41 358 33 332 3 341 49 327 27 329 46 335 8 337 42 343 27 352 28 
345 21 336 7 352 17 335 40 363 20 351 46 329 27 344 23 339 20 342 17 333 38 338 12 356 38 357 2 365 12 332 38 364 34 361 40 347 4 360 25 340 7 330 33 350 28 334 2 359 34 
357 30 365 9 364 20 348 11 363 25 332 46 
361 22 348 3 345 37 360 27 363 40 339 12 331 26 
375 4 409 17 351 4 355 35 395 5 407 4 359 12 366 9 384 22 382 13 336 50 405 34 367 45 369 20 394 43 360 14 344 39 389 2 337 30 397 2 347 16 387 25 399 17 365 38 335 25 331 46 392 9 349 42 388 11 343 14 346 20 391 7 342 6 408 50 378 18 362 19 406 13 376 32 353 12 386 24 398 38 370 4 
392 11 399 43 344 13 334 2 364 27 370 6 332 37 350 4 354 16 380 34 339 10 359 3 400 12 351 27 346 50 367 29 358 42 398 28 355 32 393 10 385 23 406 38 396 19 369 36 363 17 377 9 368 36 386 6 
369 36 344 7 371 19 380 21 355 33 399 14 361 3 384 38 370 15 381 21 363 26 342 40 362 46 
395 1 384 23 386 34 365 8 404 50 
381 34 397 12 395 43 344 25 408 26 365 46 371 8 409 6 357 40 361 1 396 4 
366 40 396 40 346 23 342 29 350 24 405 33 370 10 383 38 373 20 389 29 397 28 387 12 364 43 394 29 386 18 361 39 401 28 337 2 
385 22 387 6 342 9 376 50 
391 19 361 29 401 47 347 37 378 26 372 1 409 21 385 46 398 28 386 42 338 29 407 49 343 21 400 48 388 48 355 28 395 16 348 4 351 7 350 29 379 4 
390 48 385 30 357 18 378 33 373 13 358 36 365 44 366 37 356 38 406 15 401 32 348 35 408 1 381 13 402 1 404 13 379 45 407 16 346 47 386 21 392 32 351 42 395 7 345 18 361 16 384 43 409 24 380 37 382 18 362 15 359 32 403 6 367 4 340 47 396 14 368 16 352 42 343 28 
369 22 400 28 408 40 
377 38 357 12 403 43 371 7 342 28 384 22 363 19 396 4 346 47 407 19 399 36 401 35 391 21 388 4 352 16 392 47 393 11 
391 5 376 10 405 20 380 45 359 46 392 31 398 13 348 48 399 38 358 36 364 16 354 20 381 28 349 12 370 33 372 11 342 10 360 23 402 8 363 49 377 46 365 29 385 22 368 7 401 15 407 34 396 16 345 5 
348 14 375 3 406 6 351 40 365 24 392 15 389 15 370 31 360 17 402 39 354 7 373 21 386 28 
397 44 349 36 348 1 398 5 351 27 347 31 376 37 372 1 368 4 377 32 361 8 395 32 353 6 389 33 392 16 365 10 386 43 359 8 406 7 
403 40 382 11 370 31 353 39 377 13 371 7 352 43 394 8 351 42 369 3 383 29 
378 41 349 7 382 49 400 38 366 45 355 9 377 8 386 30 357 8 383 6 407 34 375 49 392 37 374 44 399 7 393 8 402 6 346 47 
386 43 359 7 380 32 375 4 355 30 365 41 362 25 398 2 353 1 367 27 393 6 351 1 396 7 408 18 360 13 384 7 397 24 368 50 376 29 378 16 390 17 
406 41 404 5 400 36 365 6 350 22 387 5 401 41 377 6 364 26 366 5 374 3 369 27 409 35 363 47 
391 37 389 29 390 21 399 17 387 4 381 4 406 14 380 10 405 30 355 42 383 46 350 37 351 26 370 23 352 12 371 43 359 22 365 44 395 18 384 45 403 45 
404 48 403 24 381 19 401 37 
369 14 376 28 353 11 
388 3 403 43 377 20 399 7 392 21 400 41 364 1 373 17 360 27 
379 48 359 30 356 44 354 46 358 33 389 46 366 10 407 26 408 14 378 32 363 1 373 2 400 41 365 19 399 24 406 32 372 31 371 32 
363 27 384 42 385 44 360 46 355 2 
371 32 361 13 368 42 359 36 382 12 
406 35 384 7 363 44 403 41 408 29 396 19 372 2 393 47 402 2 365 17 360 31 398 17 
388 33 405 46 381 6 403 29 399 27 383 13 370 34 380 46 357 50 
407 46 395 17 370 16 394 27 363 39 389 50 361 45 358 47 366 47 390 43 385 29 387 11 365 20 409 16 368 7 384 6 406 13 402 23 396 31 405 36 400 4 382 21 374 49 398 13 388 16 392 31 399 13 373 20 364 40 371 50 380 50 403 24 360 35 404 39 383 45 401 7 381 45 
363 25 392 41 362 17 374 44 359 10 373 18 377 26 406 42 404 18 370 29 387 21 384 1 366 43 385 6 388 37 367 14 360 34 369 22 409 49 379 4 371 42 391 28 368 48 401 41 397 11 393 22 398 23 402 12 378 26 394 32 383 5 372 49 381 48 375 45 408 41 365 42 400 28 407 25 382 5 376 15 396 49 
386 46 380 23 364 40 402 46 396 35 378 7 373 25 400 12 371 49 395 10 397 11 370 35 389 34 409 28 391 23 365 29 405 30 394 23 392 23 368 1 381 25 383 33 406 11 390 13 377 42 366 17 387 21 367 6 382 30 399 39 374 1 362 24 
374 37 363 13 407 17 377 18 368 27 402 26 383 31 364 14 394 45 367 34 375 16 373 46 397 14 366 32 371 10 365 25 388 45 372 26 395 4 398 30 390 38 378 49 401 37 385 8 404 23 392 23 389 45 380 36 384 10 393 49 408 46 396 12 403 38 
404 47 382 2 380 49 
387 45 390 13 392 16 408 42 398 48 409 16 407 35 399 13 370 3 368 17 371 43 372 49 397 33 396 33 383 37 406 31 375 37 380 36 384 47 405 48 364 14 386 16 388 7 402 17 391 4 365 24 381 2 403 34 367 42 404 46 376 12 377 21 389 27 385 45 363 29 374 9 379 17 401 5 
397 47 375 12 395 50 379 47 405 34 364 38 383 13 367 17 392 25 398 22 384 8 373 46 376 25 369 8 389 1 390 11 365 37 409 45 394 15 371 35 380 37 366 43 391 47 387 1 403 19 382 48 400 44 401 35 399 39 374 20 396 19 385 17 404 27 388 47 407 25 377 34 368 25 372 32 402 28 378 30 370 5 393 6 
390 33 389 27 372 37 368 18 402 16 394 32 403 49 373 28 378 50 375 39 401 25 387 8 406 16 405 26 395 5 380 42 377 31 369 42 404 5 398 41 385 22 
403 22 398 50 391 24 381 20 372 17 388 3 405 10 394 9 
401 3 405 37 409 21 371 45 369 1 379 7 400 31 376 46 407 17 398 50 395 30 374 2 387 13 408 25 388 18 378 15 370 30 396 10 390 12 384 5 373 38 385 42 393 7 368 25 382 11 403 29 377 31 386 39 392 5 380 18 383 48 406 27 375 1 404 32 394 20 367 35 389 49 381 2 399 35 397 9 
386 49 401 42 380 37 425 48 395 28 406 36 399 29 407 49 383 30 387 49 382 40 422 14 392 35 436 31 426 15 427 26 437 2 
372 1 385 30 402 19 
396 6 418 9 425 9 376 8 424 4 420 9 387 17 431 2 385 27 436 11 388 14 429 22 412 49 419 44 414 47 373 5 422 12 398 47 392 41 406 12 401 37 
388 25 419 31 373 23 394 38 385 35 400 30 432 22 416 40 435 41 390 32 387 25 396 44 402 48 405 43 412 13 
426 42 434 9 409 5 
422 30 427 44 420 3 423 4 410 7 418 6 414 45 377 40 400 28 433 47 390 2 419 25 434 16 404 9 386 31 394 14 375 14 426 19 405 7 385 15 392 11 397 2 396 7 415 21 391 8 407 43 
381 33 396 26 382 46 410 17 391 2 394 32 437 22 383 16 408 46 421 7 
427 28 432 10 419 14 403 4 387 50 407 42 416 43 437 29 411 26 438 39 396 28 420 26 430 23 400 18 405 12 399 35 378 48 383 7 409 6 439 8 382 46 384 37 431 12 380 5 401 13 375 19 
422 30 403 29 414 3 386 4 394 10 392 7 379 9 423 32 
382 30 438 36 421 4 389 47 433 36 386 4 383 31 419 36 427 41 404 37 390 3 397 23 429 4 401 19 402 18 403 40 377 20 
391 17 430 37 407 6 436 10 409 44 432 31 397 30 433 44 382 33 400 16 394 38 418 20 419 24 424 28 387 27 439 13 384 5 431 44 429 4 386 42 437 34 398 49 426 42 
409 17 391 23 420 38 398 5 421 12 386 14 401 22 380 7 427 44 399 31 425 34 413 9 424 15 389 8 402 50 435 11 395 17 437 28 393 18 408 49 431 29 412 46 400 31 383 16 439 31 434 24 
418 14 412 19 391 42 422 44 385 30 382 47 439 18 416 49 392 37 425 46 389 21 436 38 400 49 393 29 411 20 409 5 
417 26 400 32 425 41 433 4 429 45 402 15 431 36 406 50 409 35 386 49 439 12 398 40 407 28 381 9 401 37 391 46 410 16 420 33 413 41 385 7 428 24 421 2 397 24 415 15 
405 47 411 24 404 1 428 46 432 47 426 26 414 17 437 25 384 4 410 3 
386 3 396 16 390 47 392 42 
426 38 391 6 437 9 419 20 406 22 427 2 403 18 398 35 421 12 392 12 397 19 439 21 425 4 413 38 401 40 410 10 389 20 
439 21 416 6 432 22 430 29 
416 43 429 4 407 18 432 18 417 14 
394 18 388 29 387 10 418 44 415 50 439 27 408 35 392 9 399 40 432 32 427 9 424 11 402 46 429 35 435 26 
408 7 439 46 398 23 395 39 432 6 401 47 396 19 410 13 419 18 412 41 430 2 438 14 394 35 420 36 393 49 424 45 436 1 427 49 431 38 404 2 397 16 403 48 
391 48 408 19 421 33 389 18 
424 35 409 34 414 16 411 26 404 20 412 4 427 24 393 13 413 25 419 15 402 7 410 11 415 3 434 50 438 35 
429 18 438 35 439 8 416 11 392 5 414 5 421 31 413 44 427 9 403 2 410 19 432 32 433 6 412 14 430 34 398 46 399 21 405 25 436 42 
416 22 428 41 439 27 424 5 432 49 393 34 392 48 421 6 394 25 401 4 427 9 399 33 410 50 408 36 412 14 418 3 409 27 402 38 411 26 425 5 398 39 407 42 434 17 397 9 
423 14 420 28 427 2 422 42 409 25 433 48 421 36 396 35 402 27 426 11 437 3 397 20 435 12 410 16 403 16 439 25 406 26 
436 5 428 9 417 26 405 47 433 25 411 40 407 40 434 34 
403 47 400 24 408 3 419 43 436 22 407 45 416 40 428 44 420 28 411 12 397 47 409 11 437 26 406 33 423 20 421 22 402 50 398 49 434 45 
423 30 409 36 431 7 425 30 436 34 398 30 429 38 438 49 420 44 415 37 414 9 405 6 422 19 433 40 400 19 397 23 399 15 403 23 428 15 418 10 427 15 410 32 417 19 437 42 411 31 432 38 434 7 
399 17 433 42 422 9 427 29 397 17 416 37 424 30 419 11 436 50 420 20 411 26 415 43 407 22 428 25 401 37 403 24 434 24 437 38 417 38 413 27 435 40 431 41 398 8 408 14 410 4 400 47 405 36 426 49 
404 22 438 16 436 3 425 42 428 48 419 15 424 3 429 32 430 43 411 24 435 14 427 43 416 5 400 18 434 16 398 18 408 10 414 25 418 49 432 8 420 17 431 40 
420 11 415 8 400 18 432 35 399 19 431 38 401 3 427 21 436 7 429 32 
415 50 428 49 400 46 427 12 416 18 422 16 424 21 419 42 404 36 418 35 
421 5 
423 29 420 21 433 14 429 39 410 49 425 44 431 18 437 14 407 46 415 50 
412 37 421 8 420 45 437 27 414 26 429 4 426 17 403 23 430 23 417 47 423 9 405 49 433 37 409 30 427 2 424 30 431 22 432 40 439 44 408 18 428 48 436 5 434 11 406 34 425 25 410 21 419 23 
427 15 433 22 413 9 436 49 419 42 423 12 412 36 410 30 
415 32 438 17 405 26 429 43 426 18 411 24 412 38 418 49 425 43 433 24 422 30 416 12 436 34 428 1 423 13 437 11 
428 12 424 37 412 31 431 25 406 14 415 7 433 25 439 34 426 17 416 6 411 8 438 43 408 3 419 38 409 22 437 24 
432 5 428 37 438 36 435 27 434 12 410 25 426 49 427 41 
439 25 415 31 408 49 431 12 420 33 433 37 410 41 422 13 437 37 432 1 
438 42 414 40 436 20 410 47 419 40 427 37 429 16 423 33 422 25 412 14 426 32 416 50 417 32 425 14 
410 22 430 27 431 27 435 1 434 7 419 45 426 26 427 9 
428 4 440 41 
452 42 435 9 
427 26 457 12 466 3 443 14 468 26 436 7 423 48 
431 23 421 2 437 39 450 48 464 44 422 23 444 14 454 48 462 8 432 15 
435 38 429 26 449 46 432 31 465 35 444 17 430 27 
446 35 465 15 427 35 429 39 
417 38 419 28 453 18 465 37 443 31 441 28 462 1 455 34 468 41 426 4 450 10 420 16 428 15 442 35 445 22 430 41 467 42 
464 8 449 46 458 20 448 39 447 16 421 48 433 39 451 3 
420 19 432 23 423 6 465 19 429 37 425 5 454 27 430 2 443 19 441 44 428 20 445 20 419 4 451 8 435 37 446 30 427 32 466 44 447 38 434 30 452 3 
455 24 425 22 426 9 435 4 431 36 
438 13 424 38 468 37 425 46 452 38 445 38 444 5 451 5 450 1 441 35 467 6 466 28 459 23 453 41 454 35 446 11 458 26 429 4 440 25 432 36 436 10 427 27 426 48 448 16 447 46 421 4 465 12 
439 39 460 43 448 17 426 35 465 13 435 39 458 23 451 7 455 48 431 27 456 44 428 13 434 48 436 49 438 44 463 47 467 32 442 11 457 35 
457 25 467 43 443 37 442 47 460 33 446 19 436 42 455 18 462 9 423 48 464 50 447 9 450 33 424 30 438 19 430 44 437 6 465 42 456 26 440 8 
428 26 468 47 424 43 467 15 452 16 444 47 427 26 449 10 437 30 457 6 440 8 
461 48 427 11 453 32 434 33 435 18 442 1 457 35 439 28 428 43 458 50 431 43 459 7 455 41 429 9 462 21 464 31 438 14 450 50 443 7 
447 18 431 36 443 35 442 30 446 33 436 41 440 5 430 19 468 32 452 32 441 1 428 19 449 2 437 17 462 28 445 47 429 27 461 48 463 2 426 18 459 2 465 41 435 39 432 50 434 47 455 23 457 49 
463 13 466 19 440 9 451 47 459 2 437 37 431 39 439 20 450 21 461 28 447 2 430 27 453 25 467 7 432 18 460 47 435 30 443 4 445 28 442 14 458 41 465 28 
458 23 432 16 462 41 444 1 468 8 457 17 428 31 455 12 451 50 445 43 
466 9 429 6 438 45 461 7 437 5 459 14 430 43 450 44 449 11 458 49 443 42 
458 5 437 18 442 20 434 9 465 42 457 50 452 48 466 38 448 8 430 47 446 5 443 30 454 31 451 42 433 31 447 23 455 12 438 10 464 50 463 15 450 35 
438 22 
457 25 440 42 453 2 466 46 449 4 443 44 463 21 451 29 455 3 439 8 
435 5 462 37 445 50 452 14 444 14 461 29 441 19 434 30 450 34 451 6 437 39 460 17 464 38 457 34 456 47 448 30 467 43 439 8 459 45 466 4 442 28 453 32 458 15 443 26 433 12 463 14 
466 25 439 16 
454 20 452 20 444 4 445 49 468 22 442 4 462 30 453 35 461 5 447 13 436 45 458 3 441 17 450 38 459 9 435 13 457 8 467 31 460 39 449 34 438 23 456 41 451 4 443 5 448 47 455 30 
455 20 461 38 442 39 443 17 460 18 462 36 464 46 454 10 446 39 468 2 466 11 448 39 450 21 463 14 441 39 467 32 437 49 453 37 438 38 459 37 436 32 440 31 
448 14 441 40 452 43 454 4 465 9 446 50 458 20 
464 6 463 39 438 21 457 8 440 34 443 41 466 32 448 45 442 10 460 6 446 50 451 49 452 49 
453 26 443 35 461 7 
465 6 451 22 444 17 442 1 455 49 441 46 447 21 443 20 458 12 456 3 467 40 
448 15 441 2 494 11 496 19 488 22 464 38 451 19 473 25 477 5 485 18 456 19 474 46 471 41 489 26 483 47 476 32 454 23 478 29 469 47 479 16 463 26 491 44 449 27 457 3 470 13 492 16 445 30 462 46 460 13 
443 14 467 39 465 11 473 47 448 32 496 25 
484 39 485 4 461 22 494 20 446 27 445 14 
474 27 452 15 455 29 462 9 454 24 475 29 485 41 448 12 457 21 490 27 
450 30 478 50 461 27 473 38 472 39 449 29 455 9 445 38 493 7 487 46 488 24 465 32 
466 44 477 38 484 17 494 24 474 25 462 14 490 27 473 18 468 4 447 46 491 42 455 21 470 20 478 7 
458 21 468 26 492 21 496 7 486 19 473 35 474 19 448 28 
468 31 487 19 482 47 457 36 465 26 454 46 480 10 481 5 453 10 462 28 451 21 471 24 
472 7 449 21 488 9 
480 48 
489 45 474 41 493 46 482 9 456 6 477 36 459 3 471 43 453 21 484 31 469 28 462 23 461 42 494 1 465 45 479 36 468 32 480 50 483 13 485 4 467 36 463 23 473 16 452 31 470 43 460 17 478 5 486 40 475 2 
459 16 491 20 484 5 470 8 455 32 460 43 489 7 
471 23 456 6 484 23 476 36 483 4 494 28 459 31 466 17 491 36 453 31 487 3 470 1 457 12 495 12 464 33 454 37 473 30 458 2 467 36 472 5 485 37 497 50 482 18 490 37 480 9 477 50 475 4 468 50 
486 33 484 36 477 17 458 18 457 30 478 43 481 29 496 15 465 22 483 28 461 24 462 37 493 9 473 20 485 50 487 27 464 28 488 4 479 11 492 48 454 42 497 17 490 45 
466 35 496 15 479 9 497 4 486 31 459 30 483 26 462 28 490 1 457 24 470 48 488 24 475 14 474 34 463 47 478 41 473 32 461 14 492 12 456 40 491 32 465 1 464 44 
469 27 488 9 459 30 494 17 484 47 491 26 475 1 465 29 460 13 497 36 481 35 456 22 478 33 462 30 482 31 480 18 490 2 486 19 
476 38 
470 38 480 1 466 3 482 33 
478 26 493 13 469 33 465 20 462 14 480 33 470 24 463 33 491 41 475 29 467 6 494 49 474 19 483 27 
460 40 469 39 485 15 478 3 484 24 470 8 480 15 493 38 476 18 474 21 477 31 482 24 
490 44 478 30 481 2 
482 43 483 2 488 11 471 20 
486 19 471 21 495 20 484 26 487 7 477 32 494 38 492 42 489 21 464 15 491 50 493 5 497 27 466 14 468 2 475 22 470 26 482 17 490 32 479 28 463 23 465 39 474 11 467 33 496 33 
471 45 486 32 469 25 482 2 466 31 464 7 472 15 481 25 474 31 476 2 477 49 487 28 483 11 468 36 478 22 467 9 494 8 479 9 475 35 495 50 488 41 470 6 492 34 480 1 473 33 484 17 491 4 465 1 490 9 
482 20 487 5 480 7 481 3 470 31 483 43 486 49 476 38 484 30 485 38 466 45 465 39 474 32 468 24 491 17 469 40 493 50 472 13 496 31 494 35 495 33 490 43 497 26 489 48 467 16 475 17 479 48 
490 15 484 28 475 38 474 9 488 46 491 36 467 33 466 3 477 3 
471 47 485 8 478 2 473 11 482 25 486 37 488 24 
482 41 479 15 496 7 489 12 495 46 473 20 488 40 475 29 470 36 
496 5 494 35 488 10 
478 34 501 42 474 47 502 25 481 21 508 47 477 32 511 8 521 24 473 13 513 30 500 36 504 30 486 50 476 43 493 7 485 12 496 43 498 36 518 12 515 11 
517 25 477 49 489 31 481 48 505 22 506 33 522 45 516 15 499 7 478 38 479 29 482 39 486 28 515 24 510 35 520 33 493 29 519 31 509 19 511 8 487 14 
511 15 513 16 479 42 475 33 481 43 504 21 522 30 491 18 515 7 510 44 503 5 
495 39 494 27 517 35 484 40 521 46 478 43 511 21 498 38 485 25 481 35 480 40 491 12 475 7 
517 32 475 38 518 2 480 25 487 48 486 7 496 42 477 33 495 5 481 28 482 29 491 3 521 16 503 8 508 23 522 39 493 33 
476 7 485 30 520 47 477 35 489 37 503 48 484 35 510 18 499 27 497 45 506 15 511 22 475 28 496 12 518 27 480 6 504 15 
480 50 481 2 513 32 508 26 507 32 
498 15 508 19 497 28 522 35 485 10 477 47 488 41 489 16 520 35 490 3 478 6 491 26 502 19 493 3 
478 17 493 4 486 4 494 35 487 6 498 30 502 25 484 25 511 9 513 14 497 19 495 22 520 38 481 8 499 43 500 18 488 8 
508 42 504 49 519 16 515 34 505 29 521 48 484 36 522 6 498 7 511 17 492 20 489 22 496 18 507 9 490 15 487 50 512 28 493 7 517 2 499 26 501 9 520 15 495 8 
512 16 520 27 481 12 485 11 495 29 499 42 488 40 489 18 504 34 505 43 501 30 498 20 486 44 518 3 480 33 502 19 506 2 500 30 493 40 511 42 492 10 503 49 
481 43 520 3 483 27 522 13 509 43 513 33 493 48 518 14 511 27 495 25 510 19 485 25 487 34 506 41 508 48 484 15 504 34 515 8 507 2 501 10 
515 35 500 15 483 33 484 19 508 17 492 24 510 9 496 50 506 9 517 22 495 3 512 25 499 37 489 35 491 38 501 46 513 34 502 17 490 3 504 37 520 36 516 46 498 2 486 8 
516 42 495 13 517 4 489 26 501 34 522 36 514 11 500 31 497 26 503 43 488 40 512 1 494 48 498 11 491 49 
522 32 500 47 508 27 497 18 
488 38 515 25 486 14 496 25 510 33 501 20 487 6 513 17 504 28 509 44 512 20 
493 30 496 1 494 46 513 50 488 11 490 12 506 3 486 33 495 35 
516 3 493 1 498 48 514 3 495 15 502 33 491 29 499 45 494 7 510 21 489 13 512 50 
517 2 496 47 521 21 499 38 508 6 503 23 493 36 488 30 514 9 511 35 491 26 
490 49 521 33 520 39 504 8 500 19 514 27 505 45 507 9 502 35 494 14 509 29 515 33 522 11 517 32 489 38 506 49 498 37 495 12 511 7 
510 26 515 27 496 26 516 6 521 18 
513 2 511 38 506 42 509 19 500 5 505 27 503 22 520 17 517 44 519 20 495 40 516 44 501 27 493 23 491 36 498 13 502 14 521 22 
522 37 516 35 507 41 492 50 515 18 498 42 501 8 
512 42 514 16 520 39 509 27 506 22 522 49 504 5 502 35 511 37 510 49 508 37 495 33 505 6 521 42 
498 34 505 45 511 13 494 49 522 41 502 14 514 4 518 48 495 27 503 11 509 40 508 41 506 20 521 27 513 9 510 26 500 47 497 8 504 16 520 8 496 4 
498 14 508 34 510 12 516 39 518 31 507 17 495 48 501 42 504 10 497 17 500 28 514 12 515 35 513 37 509 31 
522 46 503 27 521 33 499 14 505 12 500 7 516 24 496 7 506 25 501 21 510 28 519 24 511 28 520 31 
510 44 503 7 505 7 519 42 521 37 515 47 518 48 522 12 498 19 513 26 508 25 501 10 497 28 499 44 502 50 511 10 512 19 514 32 506 26 500 1 516 8 509 24 517 49 520 49 507 36 
521 47 509 21 499 45 506 8 516 15 507 5 517 12 505 46 510 41 520 28 502 42 513 37 500 31 498 19 518 3 504 42 
529 21 505 23 519 41 542 41 511 12 521 14 522 39 535 11 520 20 512 47 533 19 539 26 538 11 537 38 509 27 515 49 543 1 532 11 499 22 
541 5 542 50 515 17 525 3 517 9 502 5 521 37 539 47 534 37 509 14 524 17 526 13 516 14 537 45 544 47 538 31 520 11 
530 27 538 20 541 14 544 47 536 33 513 48 531 33 532 30 
527 44 508 36 531 16 524 48 522 28 
511 11 536 27 510 3 519 49 544 29 533 12 518 47 509 30 529 1 532 14 543 30 522 27 526 10 534 18 542 38 539 7 
507 23 513 21 511 19 530 50 512 50 506 20 534 1 540 8 519 17 537 49 524 39 514 24 527 25 538 38 541 8 529 15 533 21 535 40 504 41 532 33 544 8 
510 12 
538 49 
520 46 539 33 515 29 541 45 512 31 513 11 521 9 516 5 527 10 524 26 529 49 517 28 543 35 510 20 540 10 535 21 534 38 538 4 531 48 508 29 523 47 
517 15 531 25 524 19 533 20 528 33 543 36 518 3 525 6 514 9 527 12 523 8 541 24 519 18 511 32 521 27 536 29 509 6 537 44 
544 5 522 44 543 31 540 47 519 11 525 2 
522 10 536 48 526 46 543 30 514 6 531 10 529 1 515 32 521 5 532 1 512 17 511 11 524 49 537 42 533 12 540 12 520 38 534 29 539 46 528 30 
515 48 535 23 527 11 534 42 540 26 522 18 539 46 531 50 523 49 530 45 526 25 533 33 541 23 511 37 512 10 543 47 
538 37 
534 37 538 7 515 25 540 17 513 4 537 3 544 3 522 27 
515 23 528 5 539 39 535 41 541 22 522 12 544 16 524 27 540 28 534 10 517 15 537 5 543 27 531 38 516 18 519 41 538 42 527 11 533 22 526 27 523 23 521 49 
529 13 535 47 543 5 518 5 542 18 537 11 516 12 530 2 521 39 517 48 525 39 520 29 536 50 519 50 528 41 524 33 544 41 526 25 515 49 532 1 
532 29 521 23 533 9 536 6 517 43 529 32 543 1 542 3 522 4 527 26 520 26 
530 26 517 29 520 21 542 11 518 37 539 1 531 12 523 25 534 18 528 20 532 21 525 42 521 22 
536 49 518 11 525 16 521 44 520 3 538 33 535 22 533 11 524 9 530 13 537 45 522 1 540 49 519 5 528 24 534 9 527 8 539 36 544 4 541 38 526 42 531 29 
524 9 534 40 533 14 522 31 544 40 542 45 528 2 539 42 532 32 536 14 540 21 527 25 526 50 538 44 530 27 
524 18 533 39 543 41 527 34 540 14 529 1 531 40 542 27 528 26 538 30 541 33 537 8 526 19 521 2 536 5 522 38 539 41 532 44 535 31 520 48 
523 6 525 9 521 31 533 24 526 29 530 3 544 48 531 45 543 31 540 7 524 47 542 20 537 31 532 29 538 21 522 7 541 22 534 32 528 25 539 46 536 25 535 20 
534 43 522 5 530 11 538 9 539 26 536 19 527 3 525 23 533 44 537 20 529 26 528 16 524 37 532 21 523 39 526 23 535 6 540 17 543 15 
523 9 543 21 532 28 537 10 530 38 533 46 527 25 539 50 524 46 544 12 538 11 531 6 525 37 541 36 536 40 540 2 534 48 528 29 
528 14 571 42 549 14 569 36 533 44 527 4 534 18 564 16 567 34 
530 34 566 50 540 17 564 16 543 41 562 44 561 22 535 44 545 43 557 1 555 7 547 31 548 25 550 3 
543 16 554 19 534 13 562 49 564 23 533 36 542 4 535 48 568 43 563 19 548 24 536 4 
532 28 544 5 568 17 546 6 552 6 540 20 530 12 542 10 563 47 559 7 553 10 543 38 556 43 
536 21 570 23 530 12 550 27 532 11 535 13 572 34 569 9 563 10 555 44 529 32 548 3 559 25 552 37 542 21 
568 3 566 12 536 24 542 23 550 37 552 44 546 2 557 12 529 11 531 11 548 35 554 34 538 38 545 9 547 25 561 9 567 31 564 37 535 19 539 7 560 13 
554 8 570 21 531 9 546 31 532 39 549 17 567 17 541 8 539 40 555 35 542 4 537 11 534 30 556 9 536 24 
561 27 
536 17 541 19 564 24 561 27 551 44 544 16 534 50 
550 5 559 30 552 47 553 1 567 45 539 8 547 40 534 24 543 10 555 44 533 34 548 1 557 29 560 9 535 30 564 40 558 37 
563 26 565 35 545 14 556 30 561 1 566 10 552 26 562 4 570 28 559 49 543 33 572 43 553 19 
570 7 563 37 537 9 551 15 560 34 554 16 548 22 
537 49 561 19 550 29 536 7 553 9 545 40 571 15 572 30 560 16 552 13 551 15 
566 28 547 42 555 16 563 45 572 13 548 14 542 16 571 23 539 19 559 36 568 29 541 1 537 10 565 19 554 21 569 3 570 43 
571 9 545 40 544 20 554 17 538 43 541 10 561 47 551 25 556 5 553 11 546 31 558 2 567 47 549 9 559 25 540 41 
563 21 541 48 554 22 542 10 564 22 552 44 557 41 559 33 540 34 565 42 569 25 567 17 547 50 555 9 539 20 562 11 551 26 561 44 545 34 553 43 570 20 550 48 566 41 558 39 
567 35 566 46 569 40 564 17 549 37 555 37 545 23 562 8 542 35 552 25 548 14 544 7 563 24 547 11 571 7 543 8 557 10 551 22 540 29 570 16 
555 42 561 46 553 17 560 28 544 1 551 1 563 3 549 24 565 24 547 49 572 32 562 15 570 47 541 31 550 9 542 26 557 37 554 31 552 19 568 46 546 21 548 28 571 34 567 4 543 42 564 23 
569 35 544 11 564 16 550 22 554 19 555 42 546 10 557 1 558 29 561 47 542 48 572 16 571 45 565 50 552 25 548 34 570 19 
560 37 548 49 545 27 562 25 547 18 570 15 558 19 566 11 546 5 559 24 549 6 557 1 551 42 
561 4 564 36 560 6 558 48 549 34 552 15 568 21 565 40 572 44 550 25 555 13 570 29 544 25 553 7 566 14 546 19 563 45 548 4 547 32 569 7 556 47 567 43 562 14 551 18 559 19 
556 15 547 11 558 10 564 48 
577 13 547 18 595 44 594 33 552 15 560 22 591 47 609 12 598 15 558 3 555 17 549 28 561 35 580 17 563 20 548 10 572 17 588 40 576 5 564 13 570 24 608 42 573 43 606 26 562 50 
590 16 584 28 600 46 548 11 571 42 591 42 598 19 567 17 607 4 596 13 
555 49 566 25 561 24 552 13 588 40 595 10 564 43 570 24 610 46 594 9 576 7 584 26 557 19 563 8 549 18 548 21 581 32 551 43 560 24 
584 33 549 18 606 42 555 17 604 8 581 25 605 23 578 25 570 5 580 12 560 42 563 36 558 7 574 9 554 23 598 49 589 41 595 9 586 28 556 11 577 18 575 4 593 26 609 21 561 32 587 40 564 7 591 21 553 6 
554 24 602 36 552 49 603 37 568 16 563 45 574 29 582 11 565 47 569 16 555 12 595 20 
556 32 560 12 607 3 569 13 604 47 586 25 551 2 576 16 562 50 
580 12 593 20 564 49 571 48 554 4 602 15 565 40 607 28 553 43 610 19 
608 23 584 42 610 16 583 50 571 5 598 8 605 28 606 6 576 28 581 48 587 22 558 24 564 8 574 23 600 18 578 40 595 21 594 18 586 12 573 19 609 16 569 48 592 27 589 24 603 40 
586 8 598 16 602 50 605 37 589 37 558 49 568 19 609 22 604 7 571 32 575 36 
558 11 560 13 569 35 574 25 586 20 564 25 604 48 588 12 576 12 610 41 593 50 559 8 
567 35 565 11 575 20 572 22 579 31 561 5 607 15 600 7 603 27 604 27 581 49 564 12 566 18 
562 27 558 15 591 49 568 22 607 22 588 1 560 43 559 35 589 34 567 11 600 16 587 44 569 6 605 20 583 9 561 18 596 31 
560 34 600 34 607 37 582 17 575 33 561 22 608 28 574 5 593 48 602 9 589 27 566 16 586 5 562 33 601 13 595 18 558 12 596 23 569 21 573 45 599 16 584 50 579 4 577 4 559 25 567 19 568 48 578 34 572 4 563 47 570 32 592 13 606 45 581 22 591 21 571 15 605 23 610 19 
566 15 562 1 
566 34 576 28 569 23 599 40 588 43 570 30 583 28 597 12 580 18 591 34 587 18 608 21 589 18 573 33 582 1 572 30 593 1 
577 29 570 11 593 39 588 39 574 50 566 33 599 25 605 43 572 36 586 40 575 3 603 13 581 21 583 34 565 13 571 45 591 24 598 9 582 27 578 19 589 47 
608 7 604 49 570 33 582 28 588 50 587 43 562 14 567 49 589 45 591 37 607 12 580 35 579 2 598 12 603 42 569 25 609 16 594 23 592 11 574 20 585 23 595 38 563 18 600 43 584 24 568 36 
592 5 566 46 609 44 569 40 
600 21 570 47 579 21 602 42 571 36 605 50 604 4 575 6 588 27 597 42 567 33 599 15 572 49 594 32 609 4 584 47 589 6 576 43 591 28 565 8 566 20 595 4 593 10 574 14 569 48 583 6 564 19 577 41 592 46 
575 17 594 46 587 22 567 32 578 17 583 4 590 4 608 50 591 42 596 41 605 22 581 31 592 49 569 21 572 22 571 13 603 43 577 46 585 14 609 43 580 7 597 6 566 38 570 38 600 43 598 15 607 12 593 4 574 45 588 34 
579 43 606 25 566 10 567 5 584 13 571 42 577 40 605 3 607 14 601 15 592 49 576 48 608 23 
602 23 593 24 585 45 573 10 592 34 576 47 582 15 595 45 569 36 599 1 609 42 
606 2 584 18 575 30 589 14 598 50 568 31 576 22 588 20 586 30 595 8 605 19 602 2 607 45 585 13 
597 4 584 40 591 2 581 3 594 46 576 30 572 20 574 30 607 25 577 9 592 1 602 4 573 47 601 15 570 28 583 17 605 44 604 44 603 2 571 50 575 8 600 44 598 46 590 49 579 38 608 6 582 46 599 29 610 24 595 35 587 44 593 15 596 29 585 7 
610 33 581 34 577 1 584 9 598 11 594 1 570 14 571 36 593 28 574 42 606 15 603 27 585 48 591 10 582 23 605 30 572 33 597 5 
585 43 610 45 588 36 581 23 584 45 594 46 580 1 608 27 599 37 572 30 583 37 596 37 600 4 587 24 606 12 603 13 592 7 598 36 591 23 607 23 
579 23 599 17 602 13 610 14 594 40 591 26 577 2 607 40 605 8 608 10 580 44 583 48 574 38 572 30 578 23 575 47 593 17 581 33 600 28 584 25 589 26 603 48 573 45 587 17 588 7 595 19 592 29 
603 33 592 11 574 4 577 28 
584 48 592 40 613 18 588 50 601 18 641 47 605 23 619 8 627 1 623 4 600 27 617 33 576 36 609 6 611 14 629 19 579 32 635 9 637 7 587 30 615 44 625 14 622 46 597 49 607 29 578 15 582 1 604 14 643 12 646 19 630 29 596 36 575 31 616 26 618 49 
616 46 582 32 613 12 605 41 578 17 598 38 590 49 620 43 
616 3 619 13 580 35 635 26 628 3 593 24 611 41 576 48 612 38 614 33 613 20 583 28 622 3 644 18 642 47 609 46 595 43 587 20 600 23 
601 27 618 11 581 35 616 48 645 4 600 41 607 49 634 18 635 25 602 15 608 11 624 16 597 48 580 22 643 28 614 40 640 4 590 25 610 37 615 29 591 48 579 22 646 45 623 10 622 26 612 39 633 2 594 45 588 9 613 48 629 1 589 31 
641 9 613 10 621 31 624 15 630 47 643 37 605 19 589 5 645 25 586 10 609 33 610 30 608 39 597 8 644 17 611 47 601 8 
588 23 626 46 594 44 612 38 633 17 597 15 643 18 621 25 603 13 579 26 591 31 619 10 595 49 642 13 618 42 614 34 613 20 607 40 581 38 639 45 624 43 584 8 638 12 640 22 600 20 616 38 593 47 635 28 602 30 630 41 615 24 
605 24 603 17 610 27 593 34 628 48 587 27 617 12 639 10 625 19 600 19 620 43 646 39 630 21 611 5 624 6 619 20 606 48 642 15 614 3 621 29 594 4 
641 38 621 41 587 17 638 5 584 25 618 12 
599 38 639 22 598 21 587 42 601 5 626 46 623 25 589 50 641 27 614 19 622 21 620 26 588 23 592 5 627 18 595 39 602 31 618 6 603 19 643 2 583 30 594 11 605 38 
587 38 637 13 609 23 607 48 591 49 585 38 592 8 622 25 589 46 615 16 596 46 641 7 646 11 619 24 632 48 600 38 
630 50 628 29 640 9 602 13 615 18 639 24 642 40 621 4 644 30 608 38 
585 6 620 32 600 5 591 13 643 20 617 25 644 1 615 32 637 21 593 41 597 36 592 43 625 24 639 5 595 5 589 18 606 22 627 38 629 38 612 30 610 34 641 15 602 31 630 39 633 20 619 20 614 6 628 10 608 24 622 38 598 12 645 12 588 25 632 36 611 28 
620 18 629 23 637 10 646 8 595 28 645 36 614 11 617 28 618 35 644 10 631 4 610 19 599 35 593 17 598 17 609 19 603 41 623 44 630 48 596 22 615 21 602 29 600 41 643 39 625 16 632 43 642 36 606 28 591 40 587 47 601 9 640 34 608 5 634 29 
616 17 601 43 620 13 603 50 602 6 626 25 645 39 646 5 614 40 640 21 622 48 638 29 609 14 639 24 632 3 592 46 610 42 642 29 615 47 629 7 599 47 
645 40 643 20 616 44 619 33 628 50 588 23 633 48 595 1 593 2 620 16 638 14 608 45 646 25 598 28 603 1 637 17 624 7 642 19 590 19 591 44 610 46 613 26 599 37 639 26 635 44 
612 25 617 17 626 21 613 22 628 49 
611 19 618 14 634 14 636 30 630 16 625 21 596 26 592 11 645 40 619 39 621 29 626 38 600 35 599 33 632 22 638 4 598 28 629 3 593 11 623 3 601 39 610 6 603 42 641 36 637 1 628 31 608 19 604 8 642 10 640 3 597 34 643 46 607 17 612 40 602 5 
630 7 608 48 609 19 642 19 617 9 623 9 639 50 593 22 600 5 616 16 645 43 615 12 594 49 614 1 612 24 604 13 606 15 
620 23 628 29 595 16 592 7 627 13 633 28 635 4 618 15 644 33 641 46 598 42 637 25 636 39 632 39 617 29 645 39 634 5 601 17 622 39 603 16 621 13 606 45 608 12 612 46 623 21 615 47 643 31 607 50 629 26 630 45 611 30 
594 42 598 36 612 35 639 31 638 20 607 18 646 11 637 4 593 44 597 13 613 4 611 10 623 33 617 30 
636 1 610 24 625 47 614 20 640 43 609 15 611 19 612 8 639 37 604 30 645 15 594 3 599 6 607 20 602 27 635 37 620 27 632 37 606 41 638 32 644 48 643 31 633 38 600 10 628 8 641 27 598 31 601 50 608 32 623 9 
635 46 636 31 608 42 629 38 618 2 616 39 640 40 596 22 605 50 600 27 628 25 634 9 641 9 607 30 
610 41 637 45 609 35 621 46 608 15 616 31 639 18 625 1 603 22 627 36 606 40 624 12 633 4 635 28 611 23 619 43 614 22 642 18 641 13 601 34 626 15 599 14 
643 37 605 32 620 50 622 37 613 31 628 46 621 4 610 19 614 37 603 35 639 26 646 27 637 41 597 1 602 46 641 6 626 20 634 37 615 14 638 34 630 11 616 42 644 40 623 40 636 23 599 35 606 8 609 48 624 28 607 1 631 2 645 48 
642 40 640 36 610 26 604 44 623 45 615 32 627 7 622 18 628 7 618 46 614 10 616 49 632 50 608 28 
612 21 619 3 604 10 616 38 609 11 637 8 603 20 614 19 602 27 634 29 617 36 632 25 630 23 638 12 601 5 646 38 620 31 643 40 
632 47 629 9 634 20 631 43 621 34 605 23 601 10 
601 5 637 29 623 8 635 49 611 13 644 3 609 4 610 26 646 45 608 12 624 32 638 13 640 29 629 40 636 10 630 6 625 48 641 48 613 34 639 14 622 8 616 33 603 13 631 1 620 10 643 17 621 37 
606 34 608 31 619 28 607 41 609 27 632 12 634 15 639 37 612 9 610 22 621 3 604 21 626 40 641 20 611 39 625 19 642 49 616 36 629 48 644 14 638 39 623 38 603 38 605 11 630 15 
627 42 611 1 635 9 612 14 626 20 645 44 632 35 619 35 621 5 613 25 646 12 608 21 641 23 634 38 633 3 643 25 622 19 604 19 629 14 603 41 606 31 615 47 623 12 644 45 618 2 624 23 
623 4 619 47 645 48 620 38 617 19 634 31 616 44 630 46 622 37 626 32 609 8 639 27 
629 29 634 22 624 3 623 1 620 48 609 3 606 41 628 48 643 46 614 36 612 34 638 31 619 22 644 50 605 21 621 17 617 13 
645 11 611 15 621 34 619 27 607 15 622 39 614 6 646 20 616 43 632 37 624 42 618 7 638 7 639 32 640 11 628 24 609 18 629 13 627 28 615 34 626 48 634 36 642 46 
640 3 625 3 639 2 643 14 612 30 619 43 626 15 617 49 641 34 624 44 621 43 614 37 646 29 608 25 634 27 635 47 636 1 628 7 610 30 622 22 615 10 623 12 637 6 645 27 631 17 627 12 630 7 638 42 642 43 618 5 
628 23 616 38 618 24 613 44 619 29 610 37 646 25 638 33 611 31 641 8 614 30 626 36 643 35 639 24 
628 34 616 16 611 4 631 1 637 4 625 33 621 18 644 39 638 19 
623 38 617 48 637 28 622 2 633 24 620 34 624 7 644 1 621 5 629 17 645 11 
642 49 641 25 616 17 633 7 643 8 634 4 631 33 644 17 619 41 627 47 611 38 621 43 622 21 639 34 635 34 646 37 632 3 614 17 645 30 623 26 630 33 615 32 625 28 620 46 628 40 613 38 617 9 629 24 612 3 638 47 624 17 626 31 637 30 
636 32 633 5 643 23 624 48 663 47 628 14 642 25 615 46 655 16 644 27 662 31 651 15 619 36 626 46 627 15 653 49 657 30 613 43 638 26 647 35 
642 10 665 11 625 38 645 21 620 31 613 5 652 30 666 44 661 10 627 5 658 25 622 29 641 13 630 10 655 45 637 8 651 40 650 8 664 24 
640 38 656 17 614 41 632 47 629 22 657 4 
631 38 622 42 620 15 649 50 627 27 652 29 640 11 625 5 654 27 
665 45 631 29 627 39 643 29 623 32 642 21 660 47 659 35 652 23 630 26 625 28 654 43 
666 27 617 26 653 22 659 17 645 31 661 9 
648 17 662 48 624 20 654 23 659 45 657 46 
654 40 635 13 643 47 627 16 666 3 658 23 630 28 640 43 650 13 656 32 662 3 664 27 647 4 631 30 639 47 638 36 653 27 
657 42 642 49 649 28 662 29 643 45 
651 49 629 43 
628 16 662 40 652 22 641 11 624 39 654 6 651 46 653 38 655 44 634 24 
636 4 643 47 627 49 
640 41 641 33 626 37 634 16 644 14 
665 2 627 32 640 38 652 15 664 39 644 1 
640 4 
636 2 630 46 655 36 658 33 632 28 
651 37 643 37 652 25 641 5 634 40 657 49 628 25 
632 28 663 35 649 8 658 22 657 14 643 13 651 49 640 30 635 12 633 43 644 29 
630 6 663 14 643 25 631 3 644 13 664 41 632 34 634 16 647 46 650 7 657 22 642 45 
639 16 642 31 661 16 646 39 653 43 640 25 645 3 632 44 644 13 665 42 660 12 651 2 663 48 631 12 662 2 664 44 637 34 
653 38 637 41 666 16 
656 23 
653 40 647 6 651 1 
658 48 639 10 651 33 657 12 645 20 655 3 644 25 648 42 660 6 664 30 640 16 636 11 654 25 641 31 666 13 661 25 643 29 662 41 646 10 659 2 
650 11 645 48 643 14 642 24 646 37 666 19 636 50 640 26 639 43 660 7 661 15 657 34 664 11 653 23 638 50 
640 22 663 15 641 12 664 10 666 14 643 18 642 47 648 43 665 26 651 27 662 21 658 45 653 7 646 6 661 25 649 40 637 24 
655 23 653 19 645 49 657 25 640 35 663 46 643 38 651 37 641 12 
645 28 659 20 661 2 655 7 653 9 647 11 654 49 649 15 657 34 639 23 652 46 662 36 658 5 644 16 650 48 665 48 
663 12 660 32 651 23 656 22 666 22 652 19 
648 7 662 46 656 7 659 29 642 15 643 29 653 12 657 18 651 3 665 36 647 9 650 20 644 14 666 30 658 35 654 4 655 43 641 16 
653 45 646 50 665 47 642 3 661 13 645 5 664 40 644 15 651 9 652 17 663 4 657 12 654 27 648 27 666 29 659 5 660 11 643 31 649 37 
644 34 645 33 659 22 643 48 662 45 650 22 646 31 
655 48 666 41 665 49 651 36 662 29 656 4 647 15 660 7 664 19 645 23 654 28 653 22 644 44 646 37 661 7 650 44 649 44 
658 12 655 48 665 6 649 8 660 31 645 39 661 25 652 39 657 28 
652 21 662 48 648 20 656 10 664 19 651 6 653 15 661 40 657 46 
650 35 652 37 655 10 653 21 662 6 665 6 659 25 648 34 651 14 660 37 657 31 658 34 656 31 663 26 649 47 666 35 647 38 661 33 
654 29 672 9 653 25 684 11 671 19 673 34 670 45 668 33 663 36 669 9 665 43 677 14 685 1 660 19 679 27 658 8 
657 10 652 38 655 46 682 42 660 44 678 49 
681 30 656 21 684 39 
665 39 655 45 653 13 680 46 664 22 651 17 673 13 669 10 682 20 667 17 674 18 681 14 657 2 683 50 652 31 675 41 670 3 
669 19 664 45 656 35 
686 39 653 12 675 34 667 42 677 8 660 7 666 8 673 30 676 33 
654 9 655 10 668 15 
665 2 669 37 683 4 685 45 667 39 675 20 680 32 678 42 657 33 663 46 686 25 681 3 679 28 
666 29 680 35 658 47 679 8 661 13 672 12 673 8 
680 49 662 46 679 31 658 38 665 50 673 7 683 13 686 4 668 33 678 44 676 1 675 45 663 47 
671 21 673 16 659 36 672 10 683 38 678 48 662 30 664 33 686 21 670 23 
662 19 661 8 681 45 667 13 672 38 
686 47 680 28 665 42 664 31 676 33 673 18 663 2 675 45 678 11 672 11 
685 19 679 15 683 43 682 34 669 44 666 24 684 49 675 11 686 6 663 47 673 48 671 45 672 27 668 32 676 10 680 20 667 38 665 28 677 18 
681 44 678 17 669 6 677 32 662 24 670 16 686 19 683 22 664 18 674 15 682 21 
676 36 675 7 679 36 683 20 681 41 667 43 664 39 684 14 665 37 678 16 685 22 671 39 674 26 686 40 672 9 682 1 673 16 666 32 663 33 
667 13 670 19 681 22 673 7 672 35 664 21 
666 29 678 29 680 32 668 26 682 22 673 31 670 48 665 24 684 36 
682 3 679 27 676 2 673 22 683 35 
683 38 679 36 672 4 686 22 675 17 671 11 684 40 676 48 681 40 677 31 685 36 680 39 673 37 667 31 
698 3 676 34 681 42 692 37 668 1 690 8 687 9 684 9 705 43 670 32 685 41 699 27 680 30 704 22 701 42 688 25 693 10 
683 10 
695 20 678 36 700 25 673 1 684 24 698 50 701 32 671 6 676 41 699 46 692 12 679 28 704 39 
691 48 701 18 683 46 685 36 695 42 696 27 702 31 678 18 677 7 681 16 680 23 698 4 
683 33 705 39 696 42 682 18 684 48 680 2 681 23 690 45 689 49 691 40 692 3 674 4 677 34 675 32 678 15 
688 21 692 43 703 34 675 20 678 49 686 32 691 44 695 33 681 22 694 27 693 23 687 44 683 33 697 47 690 39 
703 5 696 12 679 15 689 45 688 40 686 17 704 14 683 7 682 18 
687 16 690 9 693 42 702 49 
699 48 685 28 676 44 687 22 705 39 691 29 690 22 688 28 689 19 695 31 680 15 681 43 700 44 703 29 682 8 
701 1 699 23 677 22 690 6 
683 33 680 36 694 39 690 9 702 15 696 30 
680 18 689 2 705 22 681 6 692 8 703 46 696 49 688 5 690 36 
698 30 689 21 685 42 682 25 694 39 684 40 683 12 705 47 704 45 696 24 693 1 703 2 687 5 692 28 695 31 701 46 699 50 688 29 700 28 
702 4 686 2 699 29 703 10 682 29 689 14 695 19 688 12 700 21 
689 30 705 8 685 25 
695 50 
697 8 689 2 701 17 
689 48 704 27 691 18 700 24 703 4 702 18 685 33 693 35 688 7 695 1 687 10 694 50 
698 12 687 33 696 50 701 39 700 42 703 34 
698 9 690 26 701 9 697 13 
705 22 698 41 692 45 701 35 723 36 742 5 730 35 733 4 693 24 690 33 715 13 736 18 689 3 699 42 724 13 743 43 734 36 716 27 695 12 735 31 703 22 
721 37 705 40 709 19 733 33 716 14 698 45 740 39 723 13 735 46 720 22 691 23 742 11 689 6 728 27 708 27 737 20 713 3 694 23 702 6 729 40 743 15 726 20 730 40 719 14 706 36 725 13 696 40 712 6 692 26 703 30 710 24 717 25 700 6 
695 34 698 41 716 2 732 4 738 19 715 20 693 20 703 27 700 10 711 15 694 36 730 4 709 50 713 15 717 19 
694 10 727 4 710 46 731 47 706 37 738 41 741 27 735 19 697 25 725 23 703 10 709 18 728 34 704 33 720 28 719 25 698 25 692 14 712 12 739 31 736 8 722 11 717 49 695 6 691 37 732 5 733 20 708 2 729 12 693 32 742 30 699 18 696 39 701 41 707 43 724 22 
716 32 698 27 725 29 720 46 696 2 692 7 706 38 694 47 718 19 719 26 733 1 723 26 737 12 721 15 738 25 741 44 722 41 705 35 709 36 701 23 730 19 702 5 700 46 693 18 
709 34 739 24 721 6 722 12 740 38 708 6 727 4 704 6 703 4 741 15 701 12 736 41 738 13 720 33 726 18 712 28 715 39 728 37 724 5 725 24 713 27 716 2 702 48 694 38 729 2 705 36 723 4 707 14 697 35 695 5 706 30 737 4 696 15 
715 4 722 26 700 3 717 45 733 50 724 45 725 28 704 2 705 24 706 17 734 42 740 44 743 12 729 8 721 27 698 6 732 10 726 35 714 32 708 15 
729 27 735 5 700 31 727 43 736 21 698 26 716 9 715 11 723 9 724 30 740 6 739 48 734 36 728 15 696 30 726 14 710 8 706 14 702 25 707 4 711 45 
743 15 727 7 705 39 722 36 712 20 737 49 721 27 715 50 700 15 714 18 719 8 726 25 699 9 742 12 718 25 702 50 711 38 708 16 731 6 696 21 723 21 704 41 698 45 730 35 709 39 716 50 707 40 735 5 732 41 713 17 736 33 720 29 706 35 
708 24 730 28 702 44 737 16 724 10 742 15 721 5 698 4 739 4 728 42 712 6 734 17 713 18 704 24 741 49 699 1 706 7 729 13 
702 25 708 17 720 44 715 10 738 15 731 7 739 39 719 24 742 16 721 50 722 13 741 40 712 20 700 42 704 39 743 30 730 36 706 8 736 8 737 17 724 40 701 42 726 2 709 37 710 49 716 37 703 50 729 36 732 3 718 14 707 6 713 41 
729 34 713 39 699 38 
742 33 738 19 708 5 725 9 702 11 711 37 720 2 714 31 732 25 729 11 709 10 724 41 718 1 734 39 
701 21 725 35 709 5 739 48 720 36 715 32 740 41 
727 15 725 23 724 14 704 41 721 27 714 36 738 29 719 40 731 29 737 20 703 12 711 11 702 7 708 17 734 23 705 35 741 32 707 23 732 27 736 9 743 38 740 13 728 16 718 12 723 17 722 25 730 35 709 35 733 1 742 12 715 10 706 37 710 25 712 12 
704 38 724 47 738 41 735 48 739 44 717 8 707 15 703 18 720 28 705 48 714 24 711 48 725 7 736 30 706 1 727 49 708 19 733 14 728 2 718 34 
735 13 721 9 729 33 717 33 714 42 715 5 720 33 725 7 734 20 710 9 743 39 739 3 719 26 742 21 712 40 737 21 713 2 716 6 709 49 728 26 723 3 724 47 731 16 708 18 726 38 
717 15 739 37 741 9 707 11 711 44 715 13 736 47 738 18 721 34 708 23 713 19 720 46 723 40 727 15 743 33 729 8 709 25 710 36 705 28 726 36 742 21 714 23 732 40 731 42 730 49 724 40 728 31 706 13 716 13 
726 13 714 20 731 46 743 18 721 23 738 37 739 5 709 14 736 19 710 15 720 8 740 3 735 44 734 7 742 41 727 33 708 3 713 48 724 35 712 25 725 12 733 32 715 46 706 1 717 16 723 44 719 44 737 28 730 34 728 19 
745 13 709 29 
732 25 734 7 
748 15 743 46 721 18 741 9 716 22 
732 43 730 4 721 36 
729 7 719 27 715 31 730 32 728 30 
719 36 730 45 743 23 
728 47 745 17 
721 2 730 5 728 27 
747 27 734 11 
746 41 742 2 724 10 739 28 
734 48 731 44 
739 9 730 24 724 35 734 9 720 40 
728 45 736 23 725 31 
733 40 741 25 720 22 725 6 
742 16 733 28 734 46 730 16 
732 7 726 25 738 47 724 32 741 9 
741 22 
724 29 734 20 742 22 
747 37 
747 12 740 25 748 13 730 33 
741 31 
737 12 744 18 731 13 743 46 
734 24 747 5 
741 42 737 40 734 8 
745 32 743 3 739 18 
736 44 732 39 748 26 
735 35 741 7 
734 35 736 48 
742 39 743 4 748 30 
747 42 745 50 738 16 748 11 
742 1 739 37 737 26 745 19 
743 1 744 22 
744 43 745 33 746 34 
742 15 741 37 747 2 748 4 
742 4 746 18 
746 39 742 37 743 25 
743 30 745 27 748 4 746 27 744 32 
744 24 745 27 746 44 
749 17 
749 23 
748 47 
748 28 
749 42 

