-10 4 39 6 32 7 29 
0 13 41 2 5 7 30 3 22 11 29 4 46 10 12 17 43 8 32 20 3 12 34 9 48 18 50 23 35 
0 3 43 19 6 4 29 23 34 21 12 12 3 11 50 15 23 18 4 22 13 17 29 5 16 
0 11 10 17 3 22 32 15 32 6 33 7 8 23 45 19 7 8 48 10 16 
0 19 45 22 10 18 27 15 21 8 12 17 35 11 17 10 46 12 17 7 46 
0 16 9 13 47 19 43 9 17 17 30 6 16 8 10 
0 14 28 17 48 12 46 22 21 11 3 9 5 7 47 10 48 15 14 20 9 
0 20 12 10 29 
0 12 31 13 4 19 32 21 20 10 24 22 11 11 41 
0 10 40 21 42 20 24 13 38 23 23 11 44 14 24 
0 14 26 21 44 33 26 22 16 19 42 24 9 27 42 30 30 35 35 23 37 34 2 17 45 11 27 20 11 16 12 39 2 32 47 
0 40 8 15 28 23 31 20 43 14 15 35 3 26 48 32 2 38 1 
0 27 13 37 36 24 47 15 46 22 25 17 4 19 15 28 4 40 28 39 21 33 38 29 20 31 37 16 15 25 42 14 45 38 2 
0 32 21 34 8 35 45 14 15 25 18 40 10 33 26 
0 26 41 40 32 38 39 22 1 29 13 17 4 37 35 20 12 16 2 25 24 39 22 27 3 35 36 34 5 30 23 32 25 
0 33 35 22 20 32 36 21 1 25 19 27 46 20 46 35 29 40 31 30 48 
0 27 24 33 36 36 34 21 24 
0 28 24 24 31 20 27 23 5 21 42 39 15 22 26 35 39 25 10 27 5 18 28 38 37 32 10 
0 40 36 24 7 33 47 23 9 35 5 27 2 29 22 34 11 21 40 30 19 31 17 32 38 22 34 38 9 
0 21 9 37 32 35 42 34 7 23 34 39 45 22 3 
0 37 41 26 46 25 3 21 14 39 16 29 36 28 19 27 42 30 46 
0 29 4 22 29 28 48 31 23 37 1 36 35 33 18 32 47 39 21 35 33 24 19 40 24 27 23 23 23 38 21 
0 39 17 40 44 27 45 30 23 38 8 28 42 36 46 37 43 33 41 34 14 25 38 26 26 
0 29 14 30 4 31 42 
0 48 14 38 31 36 19 49 38 41 35 31 10 47 22 
0 31 38 33 23 49 5 39 41 30 16 27 42 43 22 34 49 26 7 
0 34 23 39 33 48 2 42 34 
0 34 1 39 8 37 41 45 22 48 3 46 30 31 48 42 1 
0 34 20 44 45 40 14 
0 49 46 42 43 30 39 40 44 43 3 37 35 
0 42 43 49 32 43 21 44 26 45 29 
0 47 43 
0 49 6 46 47 35 34 45 4 33 19 
0 47 15 44 12 42 5 39 13 41 43 43 24 35 49 40 19 
0 43 50 46 27 42 40 44 6 
0 47 21 43 30 
0 46 35 37 18 47 26 41 29 44 27 48 45 49 34 42 40 
0 43 31 
0 44 42 40 17 42 50 49 43 46 12 41 31 47 11 
0 43 46 
0 47 29 45 17 41 47 48 9 46 1 49 33 43 24 42 37 44 5 
0 62 27 46 1 50 40 51 46 57 23 49 40 43 24 59 24 56 2 55 40 42 48 
0 43 40 62 39 52 9 60 42 46 2 59 22 
0 45 13 61 38 52 1 53 40 50 8 60 15 51 15 62 24 48 2 57 46 
0 55 25 50 8 56 2 
0 61 12 50 43 52 30 62 25 47 49 49 24 57 21 46 1 
0 62 2 60 47 58 45 50 30 48 49 61 33 51 44 53 18 59 4 56 34 57 1 
0 51 47 53 13 62 47 56 49 48 45 49 19 57 1 55 3 59 42 
0 51 28 62 17 61 45 53 25 54 40 
0 55 5 51 11 56 6 59 38 58 5 61 32 62 5 53 6 60 3 54 10 
0 65 29 58 35 69 20 61 6 64 16 
0 78 23 69 20 66 50 57 39 52 44 61 10 67 49 53 27 75 13 
0 65 48 76 14 60 5 
0 72 22 71 1 75 46 73 26 67 2 76 9 56 27 
0 65 25 58 47 62 31 60 3 73 33 63 1 66 33 68 31 74 5 77 43 57 40 76 33 61 43 64 45 
0 59 24 69 43 72 19 
0 64 50 58 10 66 50 63 34 
0 62 4 75 17 78 39 
0 74 44 69 45 
0 70 1 69 11 74 2 64 29 71 28 61 6 75 11 62 22 68 34 63 28 66 48 77 23 78 21 
0 64 31 77 16 69 39 75 43 65 33 61 4 66 49 73 2 68 32 62 11 76 33 72 37 78 6 67 27 
0 67 9 68 24 77 28 
0 76 24 70 16 63 8 73 11 72 50 77 39 75 50 74 5 78 17 71 46 67 42 65 1 69 1 64 46 66 29 68 28 
0 91 30 94 31 90 2 
0 83 47 78 30 91 21 89 38 67 13 84 18 92 8 80 17 95 8 75 10 81 28 70 16 72 48 
0 93 46 88 37 92 5 86 6 81 18 
0 72 36 90 17 75 43 81 23 71 45 70 38 89 31 93 20 88 27 92 45 87 16 95 20 77 33 
0 68 1 69 6 87 7 79 26 73 27 83 32 
0 76 14 86 40 87 23 95 3 70 29 78 45 75 6 
0 95 25 85 21 78 8 
0 85 36 90 24 83 37 79 30 77 6 81 5 91 36 84 17 
0 93 46 80 47 77 42 76 40 94 3 72 11 78 36 73 18 87 6 75 1 92 43 81 9 91 29 
0 81 27 83 45 85 9 77 19 93 15 82 17 79 24 84 24 94 46 89 47 92 6 73 40 87 39 78 37 90 42 76 8 
0 89 32 
0 90 43 
0 87 30 85 40 80 4 82 45 92 30 83 6 90 44 86 13 94 10 89 10 91 26 
0 79 2 90 13 83 42 84 34 93 31 95 12 80 18 85 17 87 6 92 37 
0 89 47 86 32 
0 81 11 88 36 86 42 84 39 85 34 83 19 92 48 95 49 87 42 94 9 79 40 91 49 90 30 89 33 93 31 82 10 80 41 
0 91 22 87 18 
0 83 2 92 9 
0 89 49 
0 94 31 88 15 86 41 
0 91 38 
0 93 32 97 37 
0 97 27 86 11 95 15 
0 89 9 92 40 87 2 
0 89 37 
0 96 22 
0 92 13 95 36 
0 98 22 97 32 95 21 
0 96 6 
0 97 22 98 1 95 40 
0 97 16 96 45 
0 98 41 
0 98 36 97 41 96 31 
0 98 41 
0 98 27 
0 99 14 
4
