-10 11 17 34 48 25 1 21 39 12 11 31 28 9 34 
0 35 9 41 20 19 31 
0 19 34 29 35 46 8 53 42 49 17 27 32 17 50 22 45 10 7 7 6 30 16 55 27 37 17 39 41 35 16 51 7 43 23 
0 19 29 56 5 53 49 11 29 50 28 23 23 40 43 6 9 24 26 54 26 7 21 36 17 30 2 33 2 34 16 8 15 52 5 22 27 20 36 32 12 
0 54 44 36 45 26 1 29 30 46 47 42 41 31 15 
0 44 16 8 33 24 14 52 3 45 38 53 46 19 28 34 33 15 50 56 2 32 2 21 28 46 40 29 6 30 9 51 34 12 21 6 48 
0 32 32 17 41 36 11 26 13 13 4 48 7 44 44 46 41 51 17 38 36 16 39 24 21 7 14 55 11 11 26 50 17 29 27 43 37 40 40 37 42 
0 29 33 28 20 8 3 46 10 20 24 56 2 22 43 21 24 9 1 
0 9 19 39 36 17 12 
0 18 42 30 25 46 44 15 38 45 49 16 5 20 17 52 43 22 29 21 15 19 20 33 36 10 10 13 42 44 32 23 14 28 16 
0 20 12 19 35 
0 53 39 27 30 56 45 42 26 
0 45 46 52 28 30 40 33 37 29 12 48 22 41 16 
0 22 7 42 29 
0 44 43 53 12 42 8 18 43 15 34 
0 22 31 23 36 39 24 21 42 46 37 40 30 52 28 20 24 30 17 32 28 27 44 45 18 43 50 29 33 26 15 
0 44 20 37 4 47 8 38 23 43 7 36 5 26 35 19 34 48 2 33 24 
0 46 42 35 7 28 30 30 17 43 24 40 14 19 27 22 41 26 22 52 1 20 29 41 1 
0 29 4 45 24 38 36 27 45 
0 22 24 27 10 48 16 41 34 39 5 28 25 47 46 44 24 51 1 53 36 29 29 45 26 40 14 
0 26 8 49 46 41 17 31 50 51 3 37 49 53 31 23 34 40 19 29 6 56 9 30 11 25 47 45 7 50 24 43 28 39 35 32 36 33 30 44 49 46 41 48 44 
0 40 50 41 45 49 23 24 31 36 44 32 11 29 44 48 28 44 19 
0 32 2 37 20 23 46 31 37 24 50 51 12 48 6 29 46 38 13 36 35 50 32 41 45 45 16 47 20 53 44 39 27 52 34 46 4 35 37 44 21 33 34 28 28 
0 56 18 35 2 51 43 48 7 32 40 52 44 31 19 45 4 44 35 43 15 49 42 27 48 42 24 34 44 53 41 
0 29 50 31 31 41 1 45 48 48 11 33 25 46 22 36 50 54 35 27 23 55 11 51 36 53 14 26 15 
0 32 10 30 13 40 41 33 9 34 26 31 50 39 4 38 25 52 4 45 42 55 14 54 46 29 29 53 38 56 3 26 40 28 48 46 6 
0 28 20 42 47 39 20 40 38 50 22 
0 47 37 52 8 28 29 43 7 30 15 53 23 46 18 35 25 33 44 48 26 40 38 56 21 31 44 
0 48 44 
0 36 24 
0 50 44 45 30 46 24 33 1 43 28 31 21 41 8 32 11 55 35 
0 54 6 41 41 48 9 42 36 32 9 37 50 36 42 51 18 56 50 53 44 40 14 35 19 55 3 47 6 
0 42 47 43 43 49 1 48 2 35 34 36 29 44 1 54 14 38 10 41 20 47 40 50 19 45 44 
0 56 44 43 50 47 19 44 30 37 19 49 45 
0 44 30 47 44 35 17 56 42 38 49 40 21 41 11 45 10 42 7 37 30 43 3 48 39 46 44 36 35 49 36 53 7 
0 46 4 55 19 47 16 73 20 74 47 64 2 49 35 56 38 62 49 52 14 65 12 
0 40 48 59 35 67 26 38 9 47 5 75 4 
0 71 50 57 24 66 33 48 35 74 34 73 19 64 43 42 29 63 41 72 46 67 50 59 4 43 7 
0 59 29 42 23 66 50 52 30 68 42 62 31 53 29 75 14 41 42 70 5 73 10 72 17 69 11 67 20 61 14 
0 59 15 43 47 55 5 44 42 70 17 
0 45 30 58 48 64 7 
0 51 16 57 39 71 6 52 30 54 21 60 4 56 39 43 28 
0 51 32 59 9 53 46 43 3 62 22 66 2 48 6 68 45 58 23 49 40 50 8 61 34 63 45 45 21 52 20 65 10 73 5 
0 52 31 62 24 64 11 56 7 68 40 66 5 50 47 69 5 73 1 54 23 74 31 60 24 65 44 61 33 51 29 
0 73 13 46 22 55 36 62 22 61 42 48 21 58 43 75 45 59 16 53 1 45 24 64 28 
0 52 40 73 18 58 6 71 44 75 47 55 2 60 24 57 21 49 43 54 12 56 33 47 2 65 10 72 18 64 35 
0 58 40 60 46 49 44 61 22 52 1 63 41 71 2 54 11 
0 60 44 68 48 54 36 72 25 51 11 74 26 67 5 75 49 61 40 57 27 73 13 65 5 56 16 53 6 52 33 50 7 69 31 
0 64 30 74 15 75 45 73 38 66 33 53 24 58 1 56 12 68 8 62 40 57 47 54 2 67 38 
0 69 11 67 2 61 23 63 11 51 41 50 14 55 32 
0 60 44 64 39 51 13 56 29 69 32 58 33 66 1 52 23 55 49 65 3 72 17 68 13 59 46 63 45 62 30 67 19 73 31 70 40 
0 69 6 65 28 66 30 57 50 64 7 70 44 67 12 63 37 55 5 53 23 
0 58 41 60 31 73 35 
0 72 24 61 46 62 17 56 4 71 8 68 34 
0 75 29 66 34 64 46 73 16 65 10 56 11 70 20 71 35 60 5 61 30 
0 69 11 67 8 61 19 63 22 68 44 70 40 72 48 64 24 60 3 66 10 75 30 62 42 71 13 74 47 
0 74 44 69 12 68 20 73 34 61 14 63 33 
0 59 42 
0 62 7 68 49 63 2 93 3 
0 78 15 80 3 74 40 69 9 68 13 62 32 
0 67 14 86 33 71 41 92 17 83 48 64 23 69 31 76 47 90 13 
0 83 26 85 15 81 50 88 2 77 27 78 41 73 43 87 2 92 50 93 32 89 24 74 40 70 46 
0 91 24 72 17 88 46 70 50 75 45 74 26 67 29 64 6 68 1 80 41 65 16 79 31 82 9 63 20 93 27 76 29 
0 93 45 76 22 79 33 82 46 72 27 84 4 69 31 87 9 64 1 85 31 75 20 92 3 68 37 
0 65 24 77 50 75 29 87 38 79 46 82 21 
0 89 39 92 37 81 37 74 43 86 30 73 39 87 30 69 41 77 46 83 18 67 16 78 33 91 13 
0 87 24 84 44 93 40 
0 72 11 74 15 89 8 73 9 82 1 71 27 92 44 79 12 78 19 84 38 90 8 75 31 70 17 80 43 
0 75 50 81 41 82 41 83 17 78 28 92 21 74 44 
0 82 28 78 36 83 6 86 28 74 49 79 2 84 21 80 21 90 12 72 19 88 39 85 26 
0 72 21 92 47 77 44 83 36 90 32 88 32 80 32 73 6 93 46 78 13 71 41 
0 85 31 81 27 87 46 79 49 77 48 90 18 78 18 76 20 82 24 
0 80 31 90 41 79 35 81 5 75 1 87 42 93 19 78 8 89 47 77 33 88 35 92 34 76 17 85 2 
0 84 35 89 1 82 13 87 31 85 32 74 11 88 16 81 7 77 34 76 27 91 43 83 43 90 21 86 39 80 20 79 27 92 4 
0 78 12 81 8 84 49 90 49 88 8 89 27 83 23 87 50 86 12 
0 78 48 87 9 88 48 89 36 93 10 92 4 91 1 79 40 83 14 85 45 84 38 80 8 77 44 90 35 
0 80 27 112 26 99 39 
0 108 35 113 25 98 42 105 42 111 10 83 24 78 17 107 16 95 37 
0 102 45 
0 85 24 90 28 93 50 113 40 106 5 
0 106 49 82 4 107 17 104 14 91 49 88 8 85 14 
0 105 14 84 46 109 24 113 15 94 21 93 21 99 2 108 29 97 27 101 20 112 22 106 42 
0 93 42 99 6 110 3 92 20 113 3 87 12 86 17 90 3 96 6 109 15 112 22 84 41 83 12 
0 108 26 90 6 85 12 103 39 106 40 
0 96 4 97 42 99 13 108 8 
0 101 24 112 23 99 45 91 49 113 33 92 9 94 8 104 30 96 7 111 44 87 27 89 6 95 24 90 5 105 28 102 26 106 45 107 37 98 26 97 19 
0 93 45 106 46 97 4 107 46 91 48 89 47 102 20 104 15 100 5 90 30 105 48 110 6 98 42 99 11 96 2 103 15 109 45 101 49 111 8 
0 89 29 109 40 111 29 98 49 104 50 100 35 105 16 108 14 107 17 
0 109 31 103 45 107 37 99 20 100 23 92 26 102 8 112 5 98 29 106 41 90 27 93 17 96 10 91 23 110 11 
0 93 47 109 47 98 6 95 8 113 2 97 26 
0 101 3 113 42 94 2 95 35 100 41 93 27 105 49 102 14 104 25 97 38 98 43 103 34 91 21 111 12 96 23 112 9 
0 100 22 95 28 111 15 112 27 101 16 92 6 107 15 103 15 105 37 98 18 99 22 104 20 93 32 108 47 110 14 106 24 102 13 
0 111 19 93 19 99 6 
0 107 29 112 33 103 1 111 13 102 16 105 47 99 35 97 13 106 29 100 41 113 28 95 46 98 25 110 38 108 20 96 5 94 1 109 15 101 9 104 34 
0 104 50 97 43 96 19 118 32 109 50 
0 118 48 112 3 102 41 100 10 115 23 108 40 129 8 116 35 120 46 121 7 126 1 106 33 125 30 109 38 
0 124 8 121 32 108 33 123 44 
0 130 18 101 22 107 24 122 5 119 30 
0 127 25 100 21 103 7 110 22 108 33 128 23 106 46 102 20 109 28 117 8 114 24 111 8 
0 119 37 127 49 118 6 113 19 103 20 102 9 109 33 104 5 125 50 100 47 129 20 130 42 106 26 117 46 128 45 121 4 
0 124 8 
0 123 27 118 8 128 29 117 47 120 48 124 29 102 3 104 48 103 28 
0 109 42 113 27 103 37 
0 125 25 106 39 120 2 124 25 130 7 118 12 104 12 113 14 105 31 108 5 110 34 
0 129 27 130 1 108 44 
0 123 11 129 40 119 40 121 24 117 4 112 49 124 22 109 37 108 7 116 50 115 38 111 12 130 8 107 42 125 2 
0 129 44 128 8 108 18 116 47 123 42 125 22 124 3 109 30 130 9 119 1 113 12 112 9 127 19 122 22 111 22 121 8 115 17 
0 113 39 110 22 112 14 128 49 124 30 125 30 118 17 109 42 121 40 129 13 119 42 115 39 108 19 123 7 
0 121 22 120 2 111 31 116 3 110 40 112 36 126 15 124 1 118 38 117 18 128 16 114 45 
0 127 35 111 27 121 49 119 27 113 48 122 20 118 18 120 30 126 49 123 30 117 34 112 46 130 20 124 4 129 15 
0 121 28 115 29 
0 117 27 124 49 114 23 129 19 127 9 125 28 123 45 121 14 112 11 115 44 116 18 122 22 120 11 119 10 
0 121 26 130 17 115 26 125 39 114 17 122 49 120 9 127 5 118 48 
0 117 23 116 1 130 44 128 22 114 43 122 36 129 49 120 37 119 26 118 26 
0 133 24 123 7 129 11 135 45 117 48 160 27 119 33 163 34 116 37 148 14 142 45 121 42 137 48 154 43 125 22 149 46 161 20 151 27 131 38 132 17 136 18 138 6 134 42 126 11 120 20 147 17 
0 139 41 145 1 131 22 121 11 125 6 161 19 151 4 122 46 124 4 160 5 144 48 140 32 138 1 162 21 123 33 149 12 129 33 128 16 130 16 152 11 136 21 158 16 153 50 148 27 155 36 157 49 137 19 133 5 
0 131 16 147 13 143 3 146 15 141 21 134 20 119 17 136 1 151 42 127 49 145 22 117 28 135 49 150 38 154 9 124 47 139 20 161 33 125 13 121 34 118 10 
0 122 1 156 21 145 16 151 49 123 43 161 2 159 40 139 10 138 27 137 29 130 47 118 39 131 31 143 38 140 42 148 7 144 36 
0 124 17 121 2 145 31 147 18 122 6 162 46 151 3 143 48 163 7 123 8 120 42 155 48 127 10 159 15 139 38 125 46 153 50 136 28 158 24 161 1 156 35 150 32 134 31 157 26 146 32 135 15 131 20 152 10 129 42 119 40 142 22 160 47 
0 163 28 139 22 133 15 128 31 142 27 160 45 138 26 131 10 151 9 
0 154 27 132 1 163 35 149 37 145 7 150 34 127 50 148 27 146 8 
0 139 14 147 2 149 14 138 49 123 8 126 22 161 28 163 1 140 34 129 23 124 23 160 16 141 11 136 6 133 26 148 26 162 10 155 13 130 31 143 23 135 6 156 27 
0 161 2 154 40 145 26 
0 148 33 163 40 124 45 140 40 153 21 152 3 145 29 161 12 129 36 134 43 147 48 126 19 141 8 158 4 142 23 125 29 
0 162 20 148 41 143 42 133 48 141 5 158 49 137 2 136 35 135 16 140 1 154 13 138 18 
0 128 42 148 45 159 12 133 49 153 34 146 31 161 44 129 48 150 16 138 35 
0 130 49 131 35 161 4 138 7 136 47 148 13 141 13 132 13 147 30 159 14 145 25 134 9 152 39 135 42 153 17 133 40 139 19 143 18 149 38 146 2 155 24 140 32 137 10 129 35 162 8 
0 143 49 138 49 155 23 131 35 
0 156 23 146 4 162 9 160 36 130 16 137 16 132 18 141 31 142 23 154 40 152 10 151 8 155 31 158 21 157 29 140 32 133 6 136 20 163 48 138 12 159 37 134 45 143 19 
0 136 16 160 4 157 17 137 43 152 27 154 41 153 41 131 6 140 19 162 31 155 40 148 2 139 40 159 26 142 37 132 12 144 40 145 13 138 5 150 21 158 28 141 29 135 18 147 23 146 25 133 26 161 46 130 29 143 17 
0 154 35 158 42 136 50 157 6 143 21 
0 176 41 135 35 152 35 149 26 166 12 167 16 184 45 153 4 148 16 137 8 178 46 175 16 182 36 146 22 161 28 141 12 157 27 179 13 162 27 172 42 159 22 
0 166 17 187 39 157 39 149 41 170 4 
0 159 38 140 9 147 10 149 12 166 25 151 41 171 22 172 10 179 25 143 47 182 10 168 27 184 5 138 40 183 10 142 9 176 28 186 31 164 21 
0 138 13 136 1 150 19 159 42 143 45 157 47 155 24 
0 152 12 177 50 175 46 149 31 178 29 179 21 143 43 185 30 156 30 188 3 136 44 142 45 157 46 
0 157 10 148 44 165 38 
0 162 48 186 29 181 36 140 40 149 44 145 17 163 40 147 40 144 47 139 35 157 37 151 7 171 26 164 1 167 6 175 23 178 15 185 25 182 12 141 1 143 29 
0 164 48 152 23 145 45 
0 146 24 168 47 165 30 142 22 181 36 173 37 164 47 179 23 184 37 163 26 153 17 177 36 180 4 170 12 145 14 186 13 147 1 185 35 182 20 158 31 169 3 144 8 167 35 149 37 
0 161 37 157 8 167 17 143 7 163 10 168 21 149 31 169 5 166 23 153 28 174 36 181 6 187 18 
0 152 4 180 9 148 42 146 27 158 35 181 44 162 2 188 45 167 33 144 18 182 47 179 45 178 17 156 30 147 43 153 34 171 8 143 3 154 32 159 38 185 31 145 13 157 10 163 46 166 43 
0 168 3 158 23 147 32 184 39 156 4 173 37 
0 180 37 148 7 179 21 147 4 187 2 164 9 186 29 188 49 158 29 163 29 144 31 156 6 155 36 162 48 170 8 149 17 161 8 154 37 174 47 165 39 185 50 159 50 
0 180 8 171 25 156 16 184 25 147 8 153 35 150 31 163 28 161 23 176 16 173 23 162 21 151 34 185 19 181 38 152 47 172 45 148 11 170 21 169 27 145 13 
0 173 35 170 32 150 28 166 48 177 29 178 28 153 11 
0 183 47 152 10 161 47 156 47 180 25 153 45 163 9 148 4 186 43 159 20 157 36 150 15 169 19 155 37 173 14 
0 172 11 161 33 176 30 152 18 162 20 173 23 186 45 164 32 159 49 168 4 185 19 171 20 182 42 188 36 184 46 187 14 163 17 148 32 149 12 165 19 158 39 153 34 169 14 
0 149 35 164 2 150 13 173 45 
0 187 4 151 17 185 25 183 48 186 47 158 30 161 19 188 40 182 11 162 26 159 10 168 27 173 19 
0 179 31 161 30 172 31 184 40 168 17 155 10 173 12 159 16 154 25 152 34 157 13 166 8 187 43 182 15 158 18 169 47 185 9 171 25 156 35 177 31 164 50 163 34 165 9 
0 163 8 177 29 168 28 164 7 153 37 187 32 160 39 173 48 166 3 171 26 178 4 170 40 184 20 176 41 162 44 159 43 186 41 165 44 183 7 156 48 
0 166 29 178 23 172 44 168 3 182 20 154 14 179 44 169 9 170 37 155 16 181 19 157 13 177 19 
0 182 33 164 32 187 25 159 42 184 5 180 37 183 30 178 25 171 14 172 2 157 9 165 48 
0 169 19 187 9 185 25 166 1 171 43 164 16 178 2 161 1 180 29 177 14 
0 165 29 161 6 184 26 162 48 181 24 174 38 186 47 163 25 158 24 187 11 173 40 188 25 157 18 172 13 170 16 176 10 164 11 166 5 175 46 
0 183 19 182 34 
0 187 7 179 31 176 47 182 43 184 7 158 4 163 37 186 30 188 35 185 32 171 47 180 3 169 35 162 12 175 23 161 34 160 50 165 28 168 17 159 50 
0 172 50 185 46 182 16 178 41 175 35 173 24 183 9 163 6 166 20 174 10 184 2 165 4 170 17 188 37 159 16 181 45 168 28 180 44 187 49 171 40 161 33 186 50 162 26 169 22 164 13 
0 175 48 179 43 180 43 
0 161 35 180 2 172 7 181 22 188 13 173 42 176 45 166 6 168 2 164 12 175 43 183 35 178 28 169 31 184 24 177 25 170 46 174 49 
0 183 50 163 13 162 1 182 9 169 50 187 26 168 44 180 6 166 35 185 33 177 6 186 21 167 47 179 45 173 29 171 34 164 24 
0 186 49 173 11 179 39 178 5 165 5 164 5 176 29 188 2 168 49 
0 169 22 185 6 
0 201 41 168 24 192 50 176 45 184 23 196 18 186 39 166 24 170 29 202 46 187 19 198 34 173 17 206 6 180 35 204 49 171 38 210 33 167 34 194 19 
0 208 32 169 45 171 32 190 49 195 12 185 17 191 2 186 5 198 16 200 38 173 5 203 37 193 8 207 15 205 27 178 9 
0 192 10 193 15 200 2 198 17 
0 195 40 180 6 209 16 174 4 181 48 199 20 193 24 179 30 191 39 202 24 183 9 201 19 177 32 184 28 198 33 176 22 197 47 182 37 178 41 190 28 189 32 
0 184 37 182 44 178 42 189 39 176 39 198 8 180 45 196 39 173 10 175 30 199 21 206 41 203 48 205 30 192 38 
0 192 34 181 30 194 16 173 30 205 17 176 1 175 26 208 37 
0 198 18 203 49 190 5 189 37 208 49 181 33 185 21 175 40 192 4 177 48 193 47 
0 193 12 177 7 192 15 
0 188 15 175 26 179 4 186 44 199 44 210 16 183 20 194 8 
0 184 6 208 40 186 30 183 14 209 15 192 34 191 48 175 19 201 10 177 17 182 4 176 1 207 38 197 37 195 30 199 38 188 26 203 3 193 13 
0 176 31 203 1 205 28 188 37 193 5 189 11 177 20 180 31 179 28 196 33 210 11 199 28 187 30 197 17 202 4 207 23 191 39 209 28 
0 197 40 210 7 187 17 
0 189 4 205 42 180 40 191 44 198 2 
0 199 46 205 3 
0 204 19 193 9 195 32 191 39 209 39 207 2 188 12 182 28 199 19 196 39 187 25 198 45 203 39 190 40 208 8 185 44 181 27 210 18 
0 191 44 
0 200 24 197 36 192 12 181 20 199 29 184 20 185 21 210 30 207 27 209 22 204 5 189 22 187 2 
0 194 26 206 24 185 48 204 17 187 45 183 30 198 16 207 31 210 49 192 26 188 17 200 27 197 28 189 15 205 38 202 17 
0 183 35 193 45 194 29 
0 196 9 201 30 185 24 189 31 209 23 210 20 191 49 199 17 200 31 203 3 195 5 190 7 
0 207 1 205 25 196 41 193 41 186 28 210 34 190 21 
0 209 37 203 4 205 14 190 48 206 42 207 29 204 33 188 25 201 48 186 20 191 31 195 42 189 47 
0 199 12 188 22 197 16 200 4 196 34 192 38 195 6 202 5 198 31 208 13 201 5 205 3 209 15 210 18 191 5 187 43 190 7 206 25 
0 192 35 188 24 210 5 204 4 191 49 198 16 209 37 189 40 208 30 195 32 196 6 201 47 203 50 197 44 194 6 193 44 206 47 200 44 205 40 190 8 
0 207 15 192 10 202 7 195 43 190 23 209 8 210 33 200 10 193 7 201 33 
0 223 41 
0 205 5 206 49 
0 218 10 208 6 
0 217 13 210 17 221 36 195 46 199 20 219 41 226 40 
0 225 13 223 28 220 22 195 3 207 27 
0 207 32 210 2 
0 206 19 225 23 205 47 196 44 214 40 198 34 211 18 218 31 209 28 208 36 228 34 200 24 215 43 
0 226 47 207 25 216 1 228 20 223 16 203 11 206 25 225 11 197 25 205 12 208 21 222 32 
0 203 28 199 44 209 19 206 16 218 14 221 27 205 32 228 36 
0 223 31 213 34 218 45 199 31 203 35 215 15 227 21 202 27 220 38 208 9 
0 211 24 224 19 229 10 202 22 216 20 228 30 200 2 220 47 226 22 209 41 
0 204 50 228 40 224 12 217 23 206 34 201 19 205 30 220 19 229 39 208 28 227 48 
0 221 19 224 38 218 40 210 42 215 5 226 40 213 5 225 25 204 28 219 4 205 42 229 39 216 37 223 20 
0 229 9 203 23 209 46 211 17 208 37 206 30 216 32 205 17 222 25 
0 207 18 227 6 218 42 
0 225 28 216 40 214 34 205 38 210 50 227 17 215 23 220 3 223 21 222 11 217 46 
0 227 39 229 32 210 27 217 5 211 24 
0 226 23 209 39 216 12 213 13 222 4 229 48 228 35 
0 208 47 228 16 209 4 
0 214 22 229 26 223 19 224 26 213 27 209 10 210 29 216 1 215 8 221 34 212 34 211 20 218 47 219 12 222 18 228 50 220 46 225 10 
0 210 8 225 34 228 43 212 35 215 9 217 30 229 1 214 46 223 44 216 35 226 27 218 16 213 45 224 37 221 14 
0 217 11 222 2 211 47 213 5 220 38 221 4 225 49 218 45 214 35 228 1 229 6 219 21 216 6 227 31 224 27 226 11 215 7 223 13 
0 213 17 227 2 220 47 245 24 238 42 228 46 225 28 234 9 231 44 218 9 249 2 232 30 253 39 223 19 248 5 233 19 
0 220 38 230 7 233 33 239 9 213 48 248 7 236 47 250 47 238 14 243 40 234 2 219 22 227 38 244 4 225 2 247 49 245 5 216 10 218 10 221 16 217 1 246 48 237 37 214 36 
0 226 9 245 41 247 5 248 47 240 33 
0 232 15 
0 253 24 233 21 228 40 252 17 248 12 247 24 246 45 225 21 216 45 241 39 245 26 
0 239 24 233 43 240 25 250 42 232 38 230 41 248 35 249 26 245 23 228 25 
0 251 47 232 28 226 34 240 46 248 4 243 20 247 46 239 8 227 47 
0 251 26 250 46 246 36 
0 250 34 225 47 232 41 242 46 237 14 229 34 220 4 236 22 231 9 241 23 222 35 243 49 227 34 221 4 226 44 246 34 
0 226 44 231 45 
0 228 14 233 2 243 49 224 9 248 21 222 26 252 17 244 16 247 23 240 31 251 42 226 37 241 34 249 36 238 17 245 28 234 44 229 26 230 11 
0 237 36 252 47 236 21 251 44 228 21 244 2 230 49 247 3 233 26 229 25 241 10 245 9 253 2 227 46 
0 247 34 246 33 241 33 238 43 231 17 234 29 236 19 224 36 251 29 252 46 228 15 240 11 229 10 239 12 230 27 242 23 249 40 
0 228 22 244 37 251 31 234 38 229 11 236 40 252 5 253 49 247 22 
0 231 1 242 5 236 13 247 16 233 36 232 47 239 23 234 31 249 41 243 50 253 47 230 18 246 18 241 37 252 50 229 17 226 23 228 17 240 19 235 26 
0 244 50 240 13 253 21 227 41 
0 241 6 
0 246 30 239 28 231 47 237 14 233 6 243 49 230 12 244 39 250 38 247 34 242 36 248 4 241 2 252 7 236 34 238 35 249 48 
0 234 37 231 29 241 44 236 29 233 49 247 32 248 38 239 25 
0 249 33 264 3 233 48 279 15 243 32 269 46 280 16 259 20 237 5 283 3 256 14 238 25 268 35 261 20 246 33 263 4 270 29 284 18 281 21 236 40 282 42 244 2 257 15 265 11 277 12 253 25 
0 268 5 250 47 259 34 254 8 282 24 240 47 234 18 269 2 255 20 272 28 251 23 256 32 
0 259 36 284 31 258 9 
0 234 5 270 3 277 36 259 11 243 43 274 6 264 12 250 18 266 15 256 46 265 19 241 50 278 43 247 16 282 32 281 30 242 49 272 48 273 29 
0 272 39 275 36 236 30 240 25 280 45 254 24 247 45 257 18 271 7 269 39 249 18 282 46 238 47 246 1 276 42 270 31 264 28 253 31 242 24 237 18 261 28 266 23 235 11 243 36 284 23 239 47 277 31 244 36 256 45 251 3 
0 245 36 265 12 254 36 276 21 279 12 241 18 270 4 262 1 249 1 256 20 252 46 246 25 278 26 260 50 273 45 257 16 242 49 236 42 271 27 282 31 243 30 261 3 281 28 275 12 
0 274 1 
0 257 49 242 15 266 10 264 20 256 46 262 8 252 33 253 49 277 24 
0 258 3 275 28 281 28 273 28 282 21 244 12 256 28 
0 261 6 267 28 269 34 277 1 278 46 259 34 260 32 268 44 263 44 250 30 
0 265 10 283 9 267 24 268 17 261 9 254 19 266 49 245 12 255 48 277 33 253 16 281 48 262 6 264 10 257 48 247 21 249 30 275 45 279 27 260 1 259 3 278 15 250 14 284 19 252 47 258 17 
0 263 8 
0 266 2 254 48 247 3 261 25 265 47 253 38 245 22 
0 254 35 259 8 249 37 252 25 262 16 257 36 258 50 244 13 272 33 255 3 276 5 278 27 256 26 273 26 263 27 248 46 264 3 283 26 245 10 
0 284 9 250 42 248 8 268 16 249 38 262 20 257 16 
0 275 45 280 33 257 21 254 31 252 42 277 13 250 19 264 11 269 34 266 1 256 42 248 50 251 7 268 33 247 30 260 45 272 21 255 6 283 18 
0 282 9 249 26 278 3 279 47 275 34 269 22 259 34 253 23 266 21 248 43 260 15 268 28 265 42 250 25 271 37 257 21 251 17 283 49 274 45 280 17 277 40 263 25 
0 277 41 274 18 272 45 264 30 258 16 257 2 273 32 263 23 280 49 262 24 260 6 254 26 
0 261 10 249 6 280 42 278 35 263 5 250 34 258 43 266 4 276 10 255 5 272 35 259 2 254 31 274 22 283 20 257 12 
0 268 46 255 20 275 1 265 43 257 45 252 49 250 24 271 25 258 35 281 11 282 2 260 1 277 10 259 8 280 32 253 47 278 48 283 14 276 28 269 7 273 47 266 4 256 28 274 3 251 19 270 2 261 31 264 40 267 12 254 3 
0 258 48 
0 263 2 269 44 275 10 272 48 274 17 265 43 284 26 276 16 253 30 254 15 252 26 258 14 270 18 280 28 
0 280 9 268 1 253 44 281 14 266 21 269 36 264 28 
0 255 43 271 26 284 43 272 27 270 36 254 43 274 40 283 33 264 26 280 15 275 11 263 25 277 34 279 3 281 26 260 38 278 14 257 33 268 22 262 28 256 17 276 24 282 33 
0 267 47 298 5 285 34 268 1 309 49 303 5 266 37 278 30 288 16 269 12 304 44 297 14 301 20 306 22 264 18 262 40 311 24 281 48 282 37 283 40 265 45 259 4 284 42 286 9 277 6 279 8 256 14 
0 263 5 256 43 297 41 269 48 306 30 275 25 285 6 281 47 292 19 301 45 298 3 273 33 259 48 303 19 296 13 264 11 266 17 308 46 304 23 278 48 282 36 260 33 295 48 291 6 271 7 289 37 
0 310 12 263 38 289 39 280 42 312 45 271 1 293 43 295 12 261 25 286 27 305 14 282 19 294 50 281 3 309 31 299 50 285 31 257 7 
0 266 1 289 18 305 5 294 47 271 45 279 48 
0 311 13 271 45 276 30 294 31 277 34 285 30 308 36 289 42 293 22 263 29 
0 264 40 287 23 278 36 297 28 262 41 271 23 265 7 
0 279 15 313 50 308 46 294 42 
0 293 33 285 25 
0 305 18 296 14 265 30 287 45 288 19 263 46 274 33 292 48 283 33 276 46 312 26 271 11 298 10 301 5 303 27 297 34 273 16 269 27 281 3 268 47 291 30 294 45 308 28 293 50 280 17 310 47 
0 284 2 276 49 289 47 303 8 277 22 300 33 287 37 311 38 299 44 282 32 302 35 274 30 297 17 312 9 308 44 267 48 269 5 286 4 307 33 280 16 265 41 268 49 
0 282 44 
0 290 32 270 34 291 18 
0 273 26 287 8 
0 272 6 288 45 281 32 275 12 284 5 271 48 296 50 298 28 286 27 268 27 
0 296 42 281 39 311 6 277 12 299 16 305 4 288 47 279 49 284 4 283 37 276 28 291 29 310 32 269 9 306 1 290 5 270 28 280 35 274 19 294 4 289 32 295 43 302 29 298 10 297 26 301 25 282 43 300 27 292 10 
0 310 50 290 17 270 22 
0 272 50 273 7 289 13 287 32 279 9 295 5 281 30 313 47 306 27 301 50 303 41 297 13 298 43 312 42 305 46 300 30 280 28 296 11 299 36 308 10 294 16 277 8 290 26 
0 277 39 313 34 298 3 292 49 305 9 308 28 300 42 276 28 284 26 291 18 281 13 279 28 280 43 283 41 304 8 311 4 285 30 275 40 294 39 301 49 
0 273 3 306 37 292 25 301 32 276 45 298 17 303 6 275 27 286 35 305 36 282 9 287 48 281 43 289 11 283 47 277 40 293 6 296 42 310 47 274 41 309 12 311 7 278 1 291 6 297 17 
0 308 26 283 9 276 50 312 24 311 16 289 41 281 2 297 33 277 24 285 43 288 14 304 42 284 47 300 8 307 14 310 42 279 9 286 19 303 15 
0 276 18 303 21 304 38 290 34 292 33 281 32 289 17 279 23 291 32 295 1 288 13 277 17 298 6 299 25 
0 277 37 312 23 308 23 291 6 294 38 290 21 284 8 298 29 313 31 280 19 292 44 279 29 281 18 278 34 288 8 311 40 
0 307 27 312 35 292 8 
0 279 48 297 30 288 11 299 7 304 6 290 5 307 20 281 18 303 9 284 10 289 50 282 44 294 30 311 22 301 36 286 37 293 45 287 30 
0 283 47 302 23 293 31 
0 312 32 295 44 294 49 282 8 297 46 288 21 293 34 301 43 280 10 303 17 310 19 311 24 300 45 302 9 313 25 285 8 281 18 291 25 292 28 
0 308 15 312 7 304 22 282 3 288 4 293 40 281 24 303 12 
0 302 25 306 12 285 24 293 16 299 43 311 7 290 48 288 18 295 3 298 43 291 48 284 45 287 42 294 50 297 24 296 27 303 12 300 18 307 38 313 27 312 29 308 10 301 49 289 34 310 47 
0 311 17 296 38 306 27 313 29 284 4 299 28 307 37 309 7 283 18 290 34 295 8 287 7 310 9 312 40 305 23 293 36 285 14 294 26 303 32 302 43 289 4 288 6 304 42 286 41 301 45 297 28 298 41 300 42 291 42 
0 296 40 307 15 300 4 285 21 297 9 290 26 291 44 308 27 287 16 310 6 304 24 294 46 295 14 292 46 299 32 311 32 293 17 
0 301 43 306 29 288 45 308 39 289 24 299 44 290 42 294 46 286 17 302 29 312 40 296 42 287 24 305 44 313 28 311 42 307 17 292 7 303 41 295 34 
0 307 14 303 39 292 22 322 34 296 49 341 11 320 4 308 49 298 26 323 11 301 23 315 8 300 38 331 4 291 18 297 50 321 27 305 5 333 38 346 9 290 36 310 35 312 37 294 28 339 23 
0 297 29 336 41 317 6 287 2 294 26 332 23 348 40 326 19 341 40 322 1 310 9 345 12 343 49 328 4 302 36 344 25 305 5 347 49 312 7 
0 316 31 321 25 340 18 335 2 300 15 348 17 320 40 315 26 298 49 337 10 336 7 308 48 306 4 329 10 294 14 314 15 296 29 289 23 325 45 330 44 317 50 342 42 292 43 332 27 347 47 312 13 341 32 299 17 319 19 328 1 345 9 326 47 339 32 
0 339 26 322 10 320 29 306 42 341 21 304 17 
0 291 35 290 3 320 10 342 19 346 9 306 37 311 42 313 3 312 49 332 48 298 13 331 15 334 43 300 40 302 17 339 1 333 4 303 6 335 12 
0 348 21 303 22 334 49 340 30 293 21 341 21 301 47 298 21 291 14 318 15 339 20 322 35 
0 343 20 323 29 324 27 301 12 342 35 293 19 319 45 345 11 308 31 303 18 305 38 292 8 348 3 346 27 335 40 307 5 312 31 297 33 328 3 318 50 327 22 316 7 320 44 
0 296 11 301 45 321 15 332 49 326 45 328 46 341 24 325 12 345 33 293 14 294 14 315 28 295 38 308 27 344 13 317 17 343 49 348 15 305 14 303 16 338 34 324 48 316 38 322 50 309 29 299 17 298 43 320 26 
0 342 26 317 11 338 1 307 30 319 24 330 21 322 28 324 14 335 28 334 26 308 18 295 27 346 31 304 36 294 16 303 43 297 26 301 47 327 21 
0 317 50 318 18 331 33 316 34 314 47 315 15 325 48 309 18 312 45 307 38 303 8 327 46 296 6 342 26 301 30 330 37 333 15 299 11 343 31 339 18 305 38 322 32 345 19 308 33 344 35 346 47 334 43 335 41 336 5 340 17 338 36 300 38 324 39 313 20 
0 336 40 340 5 312 13 314 2 317 12 321 16 301 47 343 35 338 13 347 32 297 33 332 47 320 12 333 40 302 25 310 35 318 37 323 27 344 40 330 47 303 31 316 14 313 40 328 4 299 44 327 9 339 17 342 18 304 7 305 28 
0 348 14 306 25 336 15 346 18 316 8 318 44 
0 302 50 331 25 330 35 326 44 320 26 303 39 336 12 341 39 335 4 307 13 309 26 338 50 306 38 
0 300 20 343 28 342 12 313 5 303 36 328 10 324 9 320 11 327 12 332 9 316 40 312 30 308 39 310 9 323 1 302 29 319 48 304 14 317 16 305 50 309 49 339 10 299 29 307 30 318 40 321 46 306 43 335 28 347 29 
0 305 25 306 8 314 33 318 24 335 47 319 1 331 44 333 40 313 41 300 36 303 42 322 44 309 12 340 50 332 18 345 10 315 49 320 6 311 4 336 24 
0 305 14 325 48 331 34 337 40 341 14 329 19 335 15 306 4 332 32 314 43 342 34 348 4 343 33 340 30 336 30 309 43 312 44 304 11 347 14 301 30 330 16 307 9 320 41 326 1 
0 317 6 334 7 310 34 328 5 337 22 327 42 316 37 338 7 343 6 342 29 313 37 345 32 323 36 331 31 311 42 344 32 319 43 308 7 304 17 348 25 306 23 326 30 346 42 341 3 318 12 329 26 
0 333 38 
0 329 32 311 24 334 5 340 50 315 24 328 28 306 5 309 16 347 46 335 46 320 22 330 4 343 14 345 37 346 9 321 42 312 48 337 4 341 31 310 6 344 8 342 21 323 37 316 31 305 41 336 33 313 1 319 25 307 30 
0 315 2 335 10 340 30 334 27 343 27 313 7 327 21 311 38 329 2 310 25 339 38 347 36 312 24 324 24 338 41 336 12 341 48 325 15 326 47 305 20 318 3 314 34 317 17 308 10 321 35 328 46 
0 345 27 318 13 341 32 326 29 339 37 312 29 
0 330 31 329 6 324 7 342 25 312 2 315 27 323 44 336 25 339 10 345 16 344 15 325 22 338 2 326 18 341 26 346 47 320 11 331 2 318 9 340 14 334 31 309 42 335 33 319 29 343 24 
0 333 34 315 13 332 28 329 12 347 12 317 25 348 3 336 46 316 21 346 43 338 2 313 4 344 6 318 11 320 16 324 8 334 4 345 1 325 14 327 26 339 19 312 9 
0 322 22 338 46 324 7 317 14 321 29 347 5 327 31 
0 314 40 339 35 328 20 334 26 317 11 
0 328 29 325 1 318 7 335 4 341 25 329 37 313 23 321 22 334 31 338 5 311 9 336 34 333 32 326 15 323 2 346 41 327 28 342 11 
0 334 32 346 24 343 19 345 27 347 6 338 2 340 6 339 16 328 50 327 45 337 46 336 47 330 4 329 4 
0 320 29 317 5 340 44 336 20 314 24 338 23 345 7 321 10 331 33 315 37 344 5 332 13 337 27 318 18 324 44 335 1 346 11 329 18 313 43 330 10 343 45 
0 340 24 325 4 337 49 331 7 314 21 315 38 327 44 317 11 320 46 338 26 342 12 322 5 328 24 346 16 347 16 339 34 316 21 341 17 332 8 345 49 336 10 330 50 343 31 334 39 323 29 324 5 319 10 321 13 333 36 348 11 344 34 335 26 318 28 329 6 326 31 
0 360 41 337 11 317 34 356 43 322 18 332 44 315 21 345 49 371 15 344 20 348 35 361 2 326 21 330 13 366 28 331 8 
0 359 33 339 31 349 19 328 48 321 7 329 13 370 47 323 42 325 49 324 3 357 15 322 17 338 46 366 48 343 22 369 31 356 38 
0 342 2 352 49 321 2 371 44 355 45 344 29 350 4 338 36 359 42 329 29 357 27 360 40 341 9 
0 358 12 337 27 331 21 334 12 343 40 363 11 367 8 357 48 339 13 321 4 329 37 348 30 364 10 
0 319 16 
0 349 2 324 44 357 18 371 16 342 31 354 44 
0 350 1 368 26 356 12 325 24 365 8 
0 361 12 338 25 326 32 339 30 356 24 346 14 362 39 352 21 342 37 336 12 334 15 332 38 329 8 337 27 347 32 324 32 335 22 333 50 366 36 358 26 365 7 
0 367 23 349 47 344 22 353 24 357 45 361 47 351 39 334 15 324 38 348 8 369 47 352 28 336 37 358 6 335 27 359 13 340 15 326 26 331 21 365 24 350 16 323 19 327 19 
0 335 22 
0 350 8 366 37 
0 343 15 363 9 336 26 357 49 354 48 328 19 350 5 333 38 327 25 335 36 341 18 356 3 334 20 371 49 329 41 355 36 338 30 366 25 331 32 
0 363 2 368 8 
0 351 32 334 19 370 8 347 1 364 3 357 47 339 5 336 47 349 40 333 21 362 3 
0 348 4 362 39 335 35 338 44 370 41 369 34 363 42 336 27 342 50 
0 363 27 369 32 342 30 337 27 357 20 371 2 339 31 347 32 332 39 364 48 358 1 362 9 351 30 331 2 
0 350 13 338 1 348 42 366 30 360 1 346 39 369 22 364 43 361 17 353 15 331 41 344 27 339 41 347 50 343 42 365 5 354 50 371 16 355 41 340 7 341 8 352 27 367 39 
0 363 41 343 13 360 26 339 16 348 18 357 2 335 8 352 27 353 39 366 25 
0 354 3 343 12 340 35 350 47 349 41 358 20 361 45 359 38 368 37 360 16 345 30 370 1 339 43 
0 340 35 350 30 366 48 359 49 368 20 362 12 356 29 338 9 353 18 346 24 360 35 337 35 
0 346 25 350 26 370 10 355 10 369 8 335 3 360 3 336 46 
0 361 26 346 23 354 42 362 18 336 3 353 34 
0 341 17 356 6 360 6 344 5 338 6 346 22 366 33 339 47 358 19 370 11 348 35 363 32 361 47 349 4 345 40 350 4 354 9 
0 342 43 341 26 
0 354 47 345 32 359 48 355 50 361 28 360 47 366 23 367 23 358 35 348 16 369 44 357 14 364 19 342 48 371 2 370 5 368 28 349 26 350 33 
0 362 19 345 8 349 9 367 24 341 4 
0 360 12 351 23 
0 351 27 356 47 364 1 345 10 348 7 371 24 363 34 344 26 349 34 369 21 366 50 365 19 
0 343 4 361 18 357 29 362 11 354 25 351 43 366 22 352 17 370 10 350 18 368 21 359 48 349 26 353 9 363 13 356 44 367 26 346 26 
0 371 45 345 36 367 21 365 19 362 17 355 3 360 31 348 41 346 46 364 31 354 36 358 21 352 26 344 15 370 26 347 26 363 36 366 9 356 47 350 40 351 37 
0 353 21 351 35 357 46 345 25 363 38 359 12 366 40 349 50 
0 370 11 358 25 348 8 364 10 351 11 349 2 359 19 350 46 360 42 347 35 357 48 365 49 
0 367 19 354 25 352 43 349 49 351 14 
0 356 10 364 28 359 15 357 6 361 14 358 42 353 39 365 41 351 8 370 30 
0 361 22 370 2 366 23 362 34 355 25 369 2 351 19 353 13 352 7 368 42 363 26 358 31 
0 391 13 389 36 364 4 397 14 396 8 357 45 359 43 361 50 363 8 404 40 392 7 
0 380 42 376 24 352 12 366 13 395 22 371 11 360 10 363 9 396 7 385 4 375 10 351 48 387 1 377 18 378 1 356 25 393 16 398 42 373 50 364 1 365 23 370 32 
0 380 20 400 50 393 9 395 35 388 26 375 24 392 20 399 7 368 50 401 47 406 20 385 31 374 7 391 5 377 43 378 4 352 14 
0 372 47 401 34 397 37 365 10 359 3 355 4 393 36 377 5 384 5 386 12 375 7 356 49 405 49 394 26 354 26 379 15 389 47 363 6 395 19 376 3 382 3 353 26 400 32 402 5 399 49 387 49 358 34 362 29 367 15 390 11 373 32 366 16 380 38 374 17 
0 355 16 388 35 357 44 381 18 382 21 400 7 386 42 384 20 363 40 404 44 364 43 399 39 368 25 378 44 
0 372 11 405 44 402 40 359 8 394 30 387 40 370 31 366 37 399 4 390 12 377 14 376 44 391 41 369 14 375 44 368 17 393 14 361 40 365 6 401 49 356 1 362 24 388 28 404 31 385 8 367 40 392 4 360 49 380 10 403 37 389 49 400 19 
0 358 32 395 36 384 6 385 34 390 34 373 15 396 46 
0 366 12 385 8 359 41 399 6 374 4 378 22 396 42 397 22 381 10 363 31 373 10 371 23 401 19 393 48 370 22 365 27 
0 394 29 399 34 380 28 406 46 383 29 366 42 369 12 381 8 
0 385 19 395 41 393 27 390 13 400 3 381 18 379 41 370 1 362 32 365 23 401 32 363 10 398 23 359 17 364 25 378 48 361 12 372 21 383 28 399 9 386 3 377 14 371 42 
0 395 17 372 6 363 35 375 40 380 49 399 18 362 45 381 17 361 40 367 22 392 5 366 27 387 50 376 39 401 39 389 42 405 16 379 17 373 34 365 12 390 27 360 6 403 32 388 38 369 7 364 47 386 23 400 35 397 18 396 20 384 1 382 45 370 47 
0 398 21 366 18 363 5 380 3 376 39 385 32 400 8 364 47 397 40 377 15 404 18 369 24 395 29 372 23 371 11 389 22 379 12 394 2 382 23 401 13 396 42 388 31 374 21 406 37 365 8 405 27 383 12 381 3 402 26 361 21 373 26 
0 367 15 366 7 403 27 382 27 380 17 386 25 375 11 364 5 395 42 393 32 396 2 402 44 383 24 405 29 
0 364 43 373 20 
0 372 47 369 11 377 27 376 12 383 17 399 13 379 48 396 42 404 45 364 21 393 3 384 17 391 32 385 4 386 32 389 2 367 22 402 8 382 47 374 20 400 41 368 38 403 9 397 31 395 2 365 6 373 47 366 29 388 1 405 26 401 18 378 21 392 46 387 15 
0 370 13 384 6 373 15 392 43 374 49 377 3 382 15 400 13 398 38 376 11 375 35 388 48 378 12 404 26 379 40 390 39 391 39 381 31 389 45 372 18 406 12 367 1 397 29 369 43 365 18 386 11 368 1 393 16 394 21 402 42 403 28 401 9 396 4 385 33 371 1 
0 403 24 386 35 404 26 371 5 392 19 401 22 393 17 379 16 
0 394 21 395 28 380 46 378 32 377 19 379 31 387 45 390 9 373 36 400 41 398 2 376 33 406 35 397 33 383 6 396 48 385 40 392 45 402 12 382 39 403 18 369 12 368 48 399 22 375 20 386 17 384 38 
0 389 1 385 45 383 49 403 30 372 39 405 26 368 2 406 14 380 31 392 6 404 13 387 26 401 12 379 11 390 16 375 32 382 11 391 45 373 38 
0 394 1 389 41 398 2 390 13 372 50 374 3 404 33 400 24 373 34 379 10 387 14 393 7 403 23 392 10 385 41 
0 391 6 378 28 396 4 373 7 398 14 379 27 376 37 389 43 406 14 400 34 372 31 
0 397 14 406 48 386 4 374 16 375 45 392 26 398 9 388 46 399 1 400 25 391 31 380 46 378 28 394 47 384 23 
0 387 22 390 44 378 17 406 14 379 38 381 50 397 50 389 27 392 3 373 48 399 2 376 8 400 6 386 11 403 2 394 25 393 39 372 30 388 23 377 16 391 1 402 20 382 3 398 27 404 45 380 45 395 33 
0 400 33 398 35 397 25 422 15 406 26 
0 406 3 388 32 387 50 420 11 382 50 376 25 395 27 380 8 412 6 425 28 400 25 427 43 383 12 415 23 386 19 421 36 417 30 
0 400 29 387 15 410 37 419 1 395 23 409 25 422 39 407 25 403 43 402 43 393 26 412 22 397 5 426 19 406 39 375 34 
0 411 49 419 14 422 49 426 22 388 5 408 23 384 19 
0 379 12 418 33 381 38 409 4 421 37 390 34 405 19 
0 380 17 427 16 391 48 423 35 408 2 378 25 422 20 418 50 410 5 409 43 414 39 397 24 389 39 405 14 384 28 
0 414 27 425 8 393 28 397 10 
0 387 31 403 8 386 49 397 44 382 42 383 31 409 2 418 42 395 34 406 50 408 36 419 38 420 29 413 40 422 48 384 37 396 48 398 41 407 9 
0 418 15 405 20 
0 389 19 424 3 415 48 391 23 417 3 408 2 403 12 388 34 422 37 427 18 426 46 413 6 392 34 
0 392 5 416 5 412 29 420 17 386 23 418 24 389 3 414 24 413 15 396 2 388 4 404 41 422 26 
0 404 30 422 37 417 49 407 22 388 18 415 4 424 16 412 20 393 45 405 22 392 31 398 19 396 24 384 4 426 31 416 31 421 4 419 13 
0 427 43 411 18 425 3 403 35 394 10 
0 424 43 407 1 419 32 416 24 389 43 409 38 394 3 395 11 
0 401 47 426 36 407 28 395 3 405 48 414 28 425 6 413 26 
0 417 49 409 44 423 39 416 18 391 2 401 48 399 43 426 27 402 11 
0 413 24 424 50 421 22 392 7 425 41 426 18 407 24 397 2 390 6 404 38 391 14 416 40 
0 408 6 423 42 417 25 396 21 401 22 406 14 402 20 395 35 390 14 427 36 415 50 425 21 
0 411 10 
0 412 9 403 40 399 48 419 41 418 21 398 6 424 26 406 7 416 26 404 8 422 39 
0 399 40 427 45 
0 406 6 404 23 400 38 
0 417 37 419 42 420 46 395 15 421 26 400 46 424 21 412 35 399 8 426 2 411 10 423 38 427 14 416 3 404 9 403 25 425 17 410 49 397 47 396 1 422 46 
0 408 33 416 24 399 13 423 13 424 35 420 11 402 47 410 40 398 34 419 32 403 9 426 32 421 23 412 6 
0 406 20 405 14 427 10 421 6 422 28 399 36 413 6 423 40 400 24 403 23 417 36 401 3 398 21 402 29 409 38 425 11 397 46 420 39 416 46 412 18 424 9 
0 398 38 413 4 416 4 420 41 407 38 405 8 403 40 425 8 427 4 417 48 
0 408 40 412 9 417 50 407 20 423 22 421 19 399 18 400 45 
0 407 5 402 36 413 32 422 1 414 46 417 18 
0 418 36 422 31 402 30 411 4 415 39 424 39 427 48 407 12 410 18 405 34 413 19 404 30 416 25 414 50 401 10 419 48 420 29 421 4 412 39 
0 414 35 402 46 415 3 420 47 403 21 409 13 422 23 427 5 424 30 423 27 419 18 421 8 413 43 407 37 417 14 404 28 405 39 
0 427 12 403 45 413 7 421 38 
0 415 48 425 24 410 47 412 5 405 38 422 39 421 13 406 5 420 44 411 43 424 31 404 43 426 36 416 21 408 41 414 45 407 19 427 1 
0 415 6 413 49 405 45 425 28 410 29 
0 421 38 423 25 411 18 409 36 406 37 419 41 413 38 418 12 426 1 425 23 410 4 412 14 417 14 422 20 415 17 
0 420 48 407 27 418 2 425 7 
0 425 50 434 1 
0 433 36 440 22 444 3 414 39 413 25 
0 433 35 429 43 439 15 411 5 444 17 445 42 410 15 414 14 426 16 418 2 
0 447 20 443 29 431 33 412 20 411 3 436 21 422 28 419 9 441 1 442 49 426 30 428 50 423 2 424 38 433 18 
0 433 27 430 13 443 27 422 50 442 27 419 21 425 25 
0 443 27 417 39 435 24 430 4 440 46 438 18 445 33 447 21 432 13 437 5 418 18 428 12 439 39 420 17 416 47 442 30 423 23 429 16 427 22 
0 437 5 418 38 414 18 
0 425 24 
0 423 34 443 25 428 50 
0 435 48 425 37 440 29 439 5 418 8 447 27 421 33 433 30 438 47 
0 424 21 443 14 433 22 437 26 435 50 422 6 431 36 442 44 419 42 420 33 423 25 421 36 
0 430 33 421 13 
0 439 45 427 2 441 17 431 2 429 32 421 25 420 40 426 48 443 31 433 32 422 19 425 13 447 6 434 10 
0 437 43 423 26 433 22 422 50 434 35 425 25 446 22 424 47 447 2 421 24 428 30 442 49 439 42 
0 442 34 432 45 447 20 
0 440 24 436 30 426 34 
0 436 27 440 9 437 33 441 43 433 37 431 7 444 24 445 46 427 47 438 28 425 38 439 13 429 30 443 7 
0 446 1 438 42 444 46 436 47 433 25 439 3 432 49 442 2 443 5 441 21 440 14 
0 428 19 430 48 433 19 439 23 436 34 438 11 440 21 446 36 435 35 431 25 445 33 437 5 443 7 
0 437 1 441 48 429 11 442 36 443 21 431 28 446 48 433 29 447 37 440 14 435 5 445 15 436 2 434 18 438 31 428 17 439 1 444 27 
0 446 15 447 25 436 46 434 34 440 48 444 39 431 34 428 43 432 2 435 39 441 41 439 7 442 19 429 25 445 44 438 30 430 48 
0 446 17 444 45 432 6 436 6 438 31 443 29 452 37 455 13 460 16 434 17 458 18 461 34 451 16 464 34 
0 443 23 451 49 457 45 461 19 456 19 445 44 440 22 439 48 448 32 450 6 463 26 436 35 433 8 
0 446 41 464 31 444 6 445 19 438 44 465 4 463 19 449 1 462 31 439 21 452 43 431 31 440 41 455 15 456 1 451 6 459 38 
0 452 18 464 7 448 41 460 13 436 25 432 25 443 44 435 44 440 26 458 27 446 32 
0 436 8 439 39 440 31 445 15 456 34 458 22 449 10 448 44 459 9 455 34 454 33 447 30 461 29 435 17 441 1 
0 445 33 447 43 454 23 439 46 437 9 463 18 462 21 449 9 459 43 460 21 440 35 448 21 441 3 456 47 443 1 
0 459 47 441 11 442 33 454 16 447 38 440 43 
0 455 17 446 4 458 2 448 3 437 14 460 48 
0 453 20 445 41 443 5 450 22 460 4 438 20 451 34 459 3 
0 454 21 456 48 460 18 455 27 438 25 462 37 443 25 445 41 446 22 463 44 453 9 439 7 452 23 
0 456 17 445 20 449 39 
0 464 28 448 13 453 39 456 29 449 46 
0 451 41 459 40 458 49 463 33 461 9 453 40 454 9 445 44 462 32 464 26 449 37 456 24 465 13 
0 445 9 458 38 444 16 448 40 450 7 465 43 454 48 455 18 451 25 462 6 
0 449 41 459 15 443 18 446 27 462 14 453 17 461 48 457 18 455 46 
0 462 20 452 29 460 21 448 16 459 28 454 22 453 47 446 23 455 49 458 35 447 45 461 24 463 37 457 24 445 28 
0 449 41 450 16 463 39 448 41 
0 465 47 453 21 450 46 458 42 462 16 456 9 454 4 463 36 459 47 451 17 461 25 452 40 446 13 457 36 464 28 447 8 
0 460 35 465 45 448 7 458 14 451 8 462 13 459 6 457 38 447 29 452 44 456 29 464 8 453 15 455 42 
0 460 24 465 44 464 4 463 17 450 20 459 47 
0 460 25 449 3 469 43 451 5 456 24 450 18 455 3 482 37 490 45 474 13 452 7 475 4 468 25 487 20 484 42 476 8 454 4 491 4 457 2 492 48 470 8 471 43 472 22 486 36 465 20 462 18 466 13 463 13 483 22 
0 464 11 474 8 485 3 465 43 488 30 451 34 472 32 458 1 493 18 457 21 479 43 467 18 476 6 453 48 450 3 459 36 491 27 486 5 490 1 462 31 484 11 471 4 489 21 469 11 
0 475 13 470 32 473 26 482 31 491 16 487 6 486 1 456 40 472 24 459 29 474 7 465 4 488 17 489 14 
0 477 46 466 15 489 12 453 10 474 49 454 2 475 18 458 8 461 5 460 9 464 27 482 43 491 14 469 29 470 41 493 19 480 30 484 2 471 43 462 4 485 21 490 46 476 25 456 35 492 14 457 49 467 39 
0 476 46 466 11 491 46 468 11 478 5 453 36 484 27 459 2 489 22 458 35 485 24 487 43 473 35 464 20 486 33 477 44 467 35 463 45 488 1 
0 459 28 467 7 472 32 480 20 475 14 468 24 
0 482 19 491 34 476 46 478 4 483 48 462 19 488 45 469 47 456 24 474 5 465 20 468 11 455 27 492 13 489 46 463 24 470 44 467 12 473 11 460 43 
0 460 49 481 46 489 12 482 4 487 13 484 1 470 44 473 27 463 9 457 16 459 14 486 12 485 13 471 25 494 25 469 22 472 39 492 2 474 17 464 38 480 22 465 37 466 48 479 2 461 18 475 5 462 9 467 12 468 41 
0 460 18 477 19 
0 476 21 463 45 477 30 494 48 487 37 459 8 466 1 474 21 481 34 470 2 472 2 464 4 478 40 493 5 
0 459 42 472 5 487 28 469 18 481 10 462 25 488 50 491 46 476 29 484 29 482 18 478 22 493 10 485 46 468 20 
0 466 2 490 45 480 32 489 7 463 18 
0 483 20 484 10 487 28 494 46 463 16 467 38 474 46 488 37 485 21 489 22 470 14 464 9 479 2 471 42 476 16 493 9 
0 467 4 491 30 465 25 
0 463 20 478 49 482 41 469 49 490 16 494 39 492 14 483 17 491 3 474 11 487 17 476 39 465 39 486 17 467 35 481 49 
0 465 25 477 40 483 26 491 14 464 1 470 48 474 4 484 32 493 21 494 34 479 49 471 24 473 22 490 31 467 24 485 27 486 31 487 32 489 40 478 23 468 7 469 11 466 46 481 19 
0 465 27 484 43 469 41 494 16 486 6 474 22 
0 491 32 
0 498 16 
0 474 21 483 15 487 32 
0 470 12 496 41 481 6 
0 494 40 479 44 472 46 
0 487 38 
0 494 50 472 18 
0 485 12 
0 492 30 483 44 486 18 
0 476 45 
0 484 3 493 10 
0 484 5 479 8 
0 491 45 490 18 
0 480 38 484 8 
0 481 26 485 49 483 42 
0 494 16 
0 486 13 488 30 494 7 
0 493 1 484 10 488 41 
0 490 2 484 32 485 38 
0 492 30 496 23 
0 495 25 489 15 488 33 
0 494 12 490 42 497 23 
0 498 41 490 17 496 3 
0 493 26 492 42 496 23 491 35 
0 495 35 497 2 492 24 
0 495 47 491 2 497 47 498 14 
0 497 14 496 7 494 46 492 45 
0 494 30 498 8 493 15 
0 495 41 494 37 497 23 496 12 
0 498 25 
0 498 38 
0 498 7 
0 499 19 
0 499 4 
10
