-10 2 36 
0 2 15 4 36 8 17 5 41 10 49 
0 10 2 7 12 9 14 5 37 4 17 
0 6 32 12 36 10 42 4 6 8 25 
0 12 18 8 18 
0 8 19 10 5 11 36 7 30 
0 11 11 12 10 10 34 9 18 
0 8 44 9 30 10 24 12 36 
0 12 11 16 29 14 11 17 3 19 4 21 3 18 36 
0 13 5 
0 15 50 11 11 20 37 17 20 14 26 19 38 13 11 18 2 
0 14 7 19 35 21 23 18 45 
0 21 28 19 7 17 38 20 49 14 24 
0 17 20 21 46 16 2 19 47 
0 25 3 
0 18 24 25 5 
0 22 30 25 44 17 23 21 20 
0 19 35 22 26 
0 23 19 
0 22 22 21 17 
0 21 22 25 20 
0 22 24 24 20 25 35 
0 29 10 
0 24 29 27 31 28 40 29 26 
0 26 47 30 5 29 29 
0 30 48 28 27 31 43 26 15 
0 28 13 32 14 
0 47 31 37 37 28 14 38 45 34 18 43 47 41 29 29 46 46 21 31 48 40 46 42 47 
0 29 29 42 10 45 21 44 31 33 10 41 15 38 39 48 9 40 6 
0 34 3 45 15 47 17 32 23 33 13 30 24 48 16 43 1 31 43 36 9 39 28 37 3 42 1 40 5 38 32 44 48 
0 35 44 37 8 33 3 45 12 47 50 41 33 39 32 38 37 32 41 44 38 40 27 31 7 43 19 46 11 36 26 34 33 
0 47 20 39 4 32 7 45 4 35 12 36 24 38 33 
0 46 45 
0 42 1 
0 49 40 
0 47 18 
0 41 47 
0 46 24 
0 45 29 
0 45 38 
0 49 49 
0 48 19 
0 48 23 
0 46 49 
0 49 35 
0 48 44 
0 49 14 
0 48 11 
0 49 49 
1
