-10 18 37 25 25 14 3 33 49 20 32 7 7 17 50 4 18 3 48 12 2 16 43 34 18 11 11 32 41 19 29 6 6 39 41 8 24 31 23 1 24 27 14 38 18 
0 46 38 41 46 3 26 66 35 11 3 47 23 67 40 23 11 48 21 28 13 9 43 22 11 24 3 32 40 58 44 52 31 49 11 53 2 4 40 27 29 10 19 60 12 2 46 29 21 54 5 55 9 57 27 37 47 44 13 
0 62 23 18 44 31 49 51 27 3 26 7 33 55 45 44 34 65 18 
0 4 19 23 30 43 32 39 19 10 38 50 39 31 31 
0 37 32 48 38 16 29 33 40 7 49 34 40 60 1 56 10 11 26 54 22 6 23 5 14 57 27 24 29 14 25 
0 45 39 27 8 46 8 30 22 42 6 18 32 10 24 25 7 37 11 67 24 52 13 12 11 28 43 36 47 15 23 53 47 41 50 43 15 29 48 20 40 44 33 68 20 66 45 
0 68 31 19 18 17 19 58 9 33 31 13 45 23 5 20 6 54 48 27 47 53 30 57 46 16 47 28 45 34 21 11 25 67 39 9 43 63 13 29 21 
0 67 11 58 18 30 23 49 17 15 46 64 30 42 20 17 31 39 32 38 37 
0 13 27 37 27 52 3 22 26 
0 11 37 24 35 39 32 36 28 26 37 16 46 
0 40 15 15 46 30 28 26 18 18 32 29 24 60 28 59 23 48 9 41 44 
0 63 3 38 14 31 16 33 5 41 25 34 26 20 29 37 24 15 4 47 38 32 17 54 7 18 17 52 33 45 13 30 42 68 6 29 11 51 36 
0 61 9 20 41 16 31 34 29 13 46 35 40 22 35 41 1 52 12 51 39 26 30 15 35 25 16 31 3 46 11 38 3 68 44 28 9 45 30 44 13 55 6 21 46 54 28 
0 31 14 34 35 56 39 33 3 64 48 59 28 57 38 55 20 37 20 53 44 48 49 36 48 44 48 50 25 14 43 23 2 21 29 27 33 60 8 54 31 40 50 25 9 22 28 
0 57 28 40 32 68 35 38 50 60 2 64 5 33 16 36 35 46 37 41 40 54 45 32 18 25 21 17 5 56 44 67 8 31 22 61 17 65 32 55 25 21 34 45 47 35 39 27 41 37 16 26 6 47 8 63 31 52 2 
0 24 22 23 3 52 11 19 18 27 21 42 46 62 42 50 37 51 48 49 3 67 26 30 46 47 8 65 34 68 21 34 14 21 28 32 48 64 43 36 18 43 28 25 46 59 26 66 14 63 13 16 6 22 22 
0 27 35 24 14 33 50 49 26 54 26 40 6 42 12 57 42 53 13 56 34 43 15 55 40 58 13 29 26 47 7 64 8 20 41 18 9 59 22 48 21 32 35 44 49 39 12 
0 36 4 53 42 43 36 67 15 23 11 31 1 35 22 18 25 52 44 58 15 46 37 22 43 49 9 24 22 66 38 38 47 21 1 26 13 51 25 27 13 30 5 29 22 55 5 41 42 33 20 50 10 56 31 47 1 
0 27 28 38 23 67 24 45 14 65 45 64 46 19 5 57 27 42 25 35 23 56 34 36 45 61 48 32 46 60 24 41 13 39 38 40 36 53 18 
0 21 18 25 20 65 14 63 36 44 20 53 15 32 42 22 29 33 22 41 45 31 47 46 18 52 13 
0 46 30 45 49 61 26 62 44 21 17 66 20 24 4 40 22 42 50 68 17 31 20 55 22 22 4 25 49 38 48 29 45 50 19 37 37 49 18 56 43 63 11 
0 62 5 50 6 39 41 37 34 48 42 66 4 57 5 51 49 30 4 45 30 41 27 49 21 58 45 68 43 28 48 54 44 52 9 38 17 61 15 42 1 64 18 67 6 32 43 34 24 56 15 55 49 59 6 44 1 26 31 
0 30 32 27 5 51 50 29 11 33 2 37 14 65 35 58 22 36 32 46 37 53 48 49 39 45 50 35 27 28 19 44 42 
0 51 18 24 3 57 12 62 45 54 50 30 31 64 26 60 21 28 31 29 27 68 4 56 50 58 5 47 24 52 19 26 20 50 15 44 19 63 14 37 7 35 23 33 16 27 18 39 11 55 39 65 30 34 3 42 39 43 14 
0 37 16 50 13 30 6 31 33 57 33 
0 33 31 45 32 26 31 54 18 32 29 55 30 27 30 61 7 40 4 46 44 50 4 31 11 29 1 41 33 44 3 36 30 28 12 51 35 60 28 48 13 64 42 52 47 35 28 42 45 65 3 66 20 56 15 39 49 68 7 
0 43 44 28 20 40 35 63 24 34 41 57 38 31 42 33 31 61 27 66 36 60 45 49 42 48 40 36 42 58 4 50 41 47 24 68 18 41 15 53 47 52 37 45 15 65 14 59 23 32 48 
0 49 11 45 18 39 24 64 50 30 21 68 10 38 34 47 40 67 17 36 13 46 23 40 35 66 34 55 25 
0 31 42 37 36 36 31 42 40 59 45 46 14 40 25 53 34 39 46 54 41 
0 44 14 52 11 43 23 31 16 63 39 64 40 67 15 37 49 
0 35 31 58 47 32 25 37 50 51 13 54 6 53 15 40 18 68 27 59 35 38 27 49 16 50 36 65 24 55 27 42 20 57 44 52 11 62 17 45 12 41 26 56 43 36 10 64 5 60 10 43 18 63 39 
0 66 10 59 33 52 1 34 8 68 23 63 41 47 19 55 4 67 1 65 20 54 1 53 49 45 18 35 21 32 32 43 9 36 45 
0 33 19 51 15 43 20 59 32 49 7 53 41 34 44 54 42 58 11 64 47 44 18 63 40 48 12 68 12 37 11 40 7 56 50 47 47 61 40 60 36 65 46 66 14 39 17 45 34 35 18 42 26 52 12 
0 56 6 60 49 55 18 64 39 47 14 58 13 67 29 49 17 38 46 41 19 44 35 57 32 59 46 46 22 51 1 65 17 
0 58 12 61 28 56 26 68 14 43 42 40 41 39 32 62 41 36 50 57 42 47 24 35 27 48 37 49 49 45 21 50 7 54 8 37 37 60 35 55 7 64 10 66 9 52 20 46 46 38 41 67 46 
0 62 22 55 37 54 41 66 42 56 23 
0 58 50 65 9 41 1 
0 38 41 59 8 42 19 54 46 66 30 65 25 44 20 52 6 64 30 39 16 60 27 55 11 46 31 67 7 63 39 56 28 45 4 61 34 50 29 49 6 
0 40 27 65 49 43 14 63 45 56 47 54 37 60 8 51 47 55 17 64 33 39 10 68 27 47 20 50 4 49 1 53 14 67 11 44 50 52 42 62 32 
0 40 33 63 9 50 18 52 41 58 35 60 31 66 47 56 7 48 7 55 33 47 33 61 49 
0 95 9 79 22 99 46 47 25 101 13 71 44 97 26 45 30 87 17 57 3 53 14 89 50 68 18 44 34 90 25 54 27 102 21 52 50 77 23 50 9 72 1 
0 79 5 77 27 99 29 78 36 68 9 69 37 93 31 45 28 
0 58 29 99 8 85 28 83 33 61 40 72 21 67 33 79 24 63 45 55 35 49 45 97 5 89 15 45 6 100 28 
0 82 38 77 41 67 30 95 35 83 47 78 15 87 34 
0 74 29 56 28 90 8 71 44 96 1 85 6 67 28 80 43 
0 98 23 64 39 79 13 52 24 61 30 81 42 90 28 63 21 75 3 65 44 101 9 74 46 72 37 80 32 55 12 48 31 96 39 97 1 56 33 86 18 91 31 69 10 47 4 95 17 46 49 59 41 70 1 57 49 99 37 49 7 83 14 89 44 51 44 
0 66 7 67 30 99 36 100 34 90 32 97 34 60 28 58 21 80 37 94 7 77 1 47 30 51 23 95 10 56 12 98 29 71 20 86 10 82 41 54 27 63 21 70 37 48 18 57 11 61 33 68 29 65 40 92 24 59 2 76 33 
0 76 19 74 27 94 47 77 12 70 35 102 17 95 25 
0 49 33 87 24 98 46 64 37 65 20 84 29 54 7 99 21 97 33 90 45 59 21 52 28 94 46 89 18 88 11 66 38 62 36 80 44 50 23 51 14 57 9 83 27 86 22 69 2 60 40 93 47 68 9 
0 87 21 72 1 61 8 
0 93 3 84 35 91 35 63 15 53 41 83 14 51 14 96 8 69 2 89 22 54 42 61 32 52 36 59 3 81 3 67 46 75 11 88 25 90 15 73 50 101 14 72 42 87 31 70 26 66 29 99 23 94 41 79 15 95 5 65 46 58 32 60 27 
0 74 1 64 5 81 42 99 21 79 42 102 2 75 20 70 32 68 44 93 23 65 11 87 49 69 9 90 1 63 24 71 39 91 19 96 29 57 1 60 3 84 32 88 2 83 24 73 44 86 15 77 17 80 50 95 37 58 5 67 48 56 36 
0 84 36 79 36 57 8 67 18 73 16 64 44 76 5 62 38 85 28 91 34 77 25 99 4 81 49 78 31 69 32 92 31 102 12 101 13 59 22 71 16 63 4 97 49 74 23 66 35 56 12 86 11 82 38 96 5 72 11 95 38 75 43 
0 96 16 88 47 80 25 75 14 56 49 95 1 91 40 71 38 64 20 86 46 70 49 94 2 69 34 89 5 81 12 82 38 57 7 66 11 87 25 77 35 100 2 99 43 54 39 59 2 92 41 79 10 65 14 60 9 97 31 85 13 93 27 63 14 74 43 78 44 
0 79 10 82 9 78 43 74 20 61 33 90 35 60 42 97 18 57 36 101 15 62 15 87 33 85 11 71 34 58 5 100 19 67 39 86 37 88 16 93 45 65 26 64 37 56 48 72 45 59 46 84 31 63 8 69 16 76 43 77 42 95 20 83 10 
0 92 13 61 37 59 47 89 5 71 16 90 9 91 11 86 44 80 17 85 50 74 24 98 35 62 20 82 21 64 19 79 37 65 29 73 5 87 33 97 15 101 37 58 42 70 15 84 45 76 37 72 43 102 39 60 48 83 28 67 11 56 31 66 15 
0 73 10 64 45 90 26 81 45 86 50 63 32 58 1 83 32 66 19 70 36 84 20 77 7 88 3 89 20 59 29 82 7 97 50 
0 70 23 64 47 83 14 80 44 99 41 
0 76 28 102 29 66 21 77 6 90 43 72 48 78 28 101 1 99 31 71 27 85 20 79 16 81 3 96 2 73 26 62 50 89 43 91 34 88 14 75 18 84 36 97 8 87 33 80 20 86 45 74 28 93 35 94 21 65 28 69 42 98 20 92 28 63 23 
0 65 31 75 32 78 42 79 37 88 41 70 34 81 7 80 39 
0 83 5 101 4 100 17 71 43 76 27 98 46 75 37 102 29 84 31 64 27 85 32 96 43 
0 93 12 87 15 78 27 85 6 88 21 
0 73 7 72 35 75 8 64 34 66 31 74 29 96 7 78 14 80 11 68 31 91 19 67 20 71 32 100 44 76 25 86 30 77 23 83 47 79 48 94 37 81 14 69 2 92 12 88 3 102 49 90 35 65 41 82 15 84 49 89 13 70 28 85 43 93 33 99 48 
0 93 24 64 2 92 27 102 47 69 7 98 30 72 24 83 48 87 3 66 9 91 10 79 7 80 43 85 44 78 6 65 19 75 17 88 19 96 22 70 40 67 31 77 9 81 17 100 7 73 19 76 28 86 23 
0 96 41 97 27 93 31 81 27 75 32 79 47 78 8 73 15 88 29 65 15 98 16 76 19 100 16 87 33 72 35 91 5 
0 86 35 67 13 89 21 82 31 66 1 68 9 95 30 101 36 93 40 74 32 70 14 
0 83 6 80 31 90 18 85 11 96 21 69 33 71 13 81 19 
0 93 48 78 21 68 36 87 43 79 25 96 32 102 39 89 43 100 45 94 2 71 24 99 22 97 18 101 30 85 24 90 49 77 17 69 13 
0 71 7 84 50 85 27 79 49 83 6 
0 81 28 115 5 103 40 92 30 
0 116 6 122 10 125 21 88 31 112 39 132 34 77 13 119 10 99 37 94 10 73 11 111 22 92 7 100 23 
0 103 17 93 8 96 19 98 7 74 3 121 34 86 4 79 8 92 49 76 1 123 17 133 10 83 45 88 11 89 12 104 37 125 21 87 39 
0 133 34 86 48 74 43 83 48 89 39 93 1 81 10 131 4 115 22 78 37 120 19 103 46 113 23 73 10 127 46 116 3 104 50 122 50 85 43 79 48 107 10 82 18 77 16 128 39 
0 120 6 97 2 75 5 121 22 132 12 91 12 112 20 119 21 74 19 122 1 124 11 125 28 96 47 87 1 76 41 88 10 99 17 107 10 90 25 126 33 133 3 114 35 104 41 123 8 89 14 86 24 95 44 131 11 
0 118 29 102 43 93 26 119 30 89 21 115 38 78 13 98 46 103 36 79 38 107 19 86 31 104 24 
0 129 22 111 50 128 4 96 7 106 48 83 20 85 45 115 41 132 14 112 17 121 20 92 5 123 31 105 27 76 39 
0 102 38 131 1 86 39 108 5 105 20 104 3 128 39 82 6 78 1 80 28 98 5 95 12 87 48 103 35 85 35 106 5 77 34 121 34 
0 127 5 103 9 99 23 117 26 107 49 124 14 108 15 82 16 109 29 131 10 81 11 93 48 83 14 78 28 115 45 79 35 121 1 101 15 80 30 98 50 128 41 100 16 133 44 97 24 94 3 106 43 123 42 86 19 113 24 118 30 91 11 95 7 
0 115 12 96 49 106 14 84 32 111 24 119 5 125 49 86 48 108 24 82 35 103 47 122 30 90 43 88 4 116 2 
0 89 37 125 23 84 16 
0 120 22 133 49 91 12 128 3 81 23 117 7 130 40 107 41 
0 109 46 96 14 113 35 129 10 90 38 111 19 97 23 107 6 120 40 83 39 101 48 92 39 128 6 122 37 119 21 91 15 95 10 105 33 114 22 134 42 110 27 86 14 87 33 121 20 116 1 
0 104 13 102 48 116 19 98 17 90 32 107 13 131 48 134 41 105 28 95 13 103 34 133 5 127 35 110 33 97 25 86 4 118 12 130 47 84 42 109 29 126 29 87 19 106 23 94 15 123 4 96 42 120 17 83 48 
0 112 13 133 50 116 14 92 14 128 21 98 33 
0 108 30 90 36 96 25 87 46 112 25 98 18 119 30 99 34 127 35 131 17 121 7 115 29 106 35 86 29 101 34 88 49 123 39 125 10 100 12 92 33 132 39 
0 109 32 114 30 92 22 89 30 123 10 86 1 122 33 98 33 100 31 125 40 106 3 87 39 126 41 
0 120 29 128 45 102 7 132 12 118 12 109 29 127 7 108 12 91 16 94 23 116 34 92 31 103 14 125 37 98 16 122 37 115 47 105 22 104 35 126 7 110 35 130 50 117 24 96 5 111 13 88 4 113 45 89 3 97 7 
0 123 3 93 41 97 7 88 31 134 5 103 31 133 17 94 31 100 7 122 34 99 38 117 21 129 17 118 48 89 30 115 12 112 33 
0 99 15 104 44 109 12 107 26 125 34 121 27 122 13 119 25 
0 106 24 92 49 97 5 
0 102 34 128 41 119 12 111 22 104 44 129 44 101 17 117 44 93 11 120 25 
0 125 29 105 7 97 42 99 39 121 37 103 27 132 43 119 20 127 6 100 45 130 32 111 26 131 11 104 19 
0 111 50 99 30 94 32 112 23 116 26 122 16 133 14 134 47 106 35 108 43 127 36 100 11 126 32 104 37 123 17 129 46 93 2 115 41 
0 110 39 104 21 103 12 
0 95 41 127 22 99 7 130 4 112 24 101 15 116 15 
0 132 35 119 17 109 17 126 23 103 48 110 3 113 35 100 11 111 24 127 7 96 15 120 8 107 2 106 1 114 7 134 1 102 15 131 3 122 23 129 19 116 43 
0 120 2 112 13 98 9 116 5 128 5 124 3 119 29 101 19 133 43 111 27 97 19 107 44 100 27 130 23 125 3 114 4 115 14 129 23 110 49 102 23 127 23 118 40 106 20 126 47 108 34 121 7 
0 127 47 99 27 111 49 133 49 113 41 105 32 115 27 118 49 124 33 114 7 103 24 107 29 102 37 123 35 106 20 104 20 120 8 134 2 108 19 125 46 128 5 121 9 119 21 132 39 109 25 101 37 
0 118 39 105 13 107 41 119 9 132 45 128 31 123 18 115 14 122 21 112 41 101 45 125 1 111 41 124 47 120 46 103 14 121 47 102 48 129 18 106 47 130 42 104 49 113 23 110 43 134 6 133 48 126 13 116 49 114 1 
0 108 36 112 22 109 48 119 27 110 23 130 44 103 9 111 33 102 17 125 12 101 30 106 26 105 40 133 41 118 12 131 36 122 26 123 39 121 10 116 26 128 33 
0 131 46 122 21 117 9 111 29 132 4 134 19 129 20 110 22 112 26 109 19 107 31 103 27 127 43 101 20 121 11 133 6 116 3 118 13 126 20 119 10 102 5 104 35 
0 134 13 105 5 123 16 118 20 107 22 113 42 126 11 116 31 117 24 119 47 127 15 132 21 108 24 115 8 114 20 110 46 
0 121 17 128 26 104 6 131 3 118 2 132 15 120 38 117 24 122 1 109 25 119 40 107 9 124 6 130 23 129 22 126 46 103 33 105 23 113 50 133 6 116 14 123 38 125 19 114 16 111 23 134 41 127 34 
0 141 24 118 18 132 47 145 38 119 3 161 43 144 2 113 15 105 44 109 1 108 37 142 18 
0 117 24 141 8 112 31 143 33 151 48 155 15 139 40 
0 110 43 111 44 106 25 140 33 107 9 134 22 122 6 120 26 130 24 126 6 153 6 163 4 143 36 146 45 151 40 113 20 149 45 157 20 125 39 148 40 141 31 156 29 138 36 121 19 
0 146 24 125 17 120 3 163 26 149 35 147 4 110 1 128 23 136 23 139 10 153 37 144 13 157 20 152 2 113 19 109 4 134 7 115 48 126 4 151 32 148 31 114 2 
0 117 37 110 40 135 7 115 22 131 4 129 30 145 9 
0 158 17 115 2 162 16 143 7 153 27 114 47 129 43 142 48 163 36 131 48 154 36 109 18 144 26 134 21 126 20 140 3 124 36 152 13 146 4 151 20 147 41 111 3 110 35 122 28 130 47 161 40 
0 140 31 162 11 117 48 
0 124 29 150 34 147 32 138 30 111 15 144 38 118 45 126 34 145 27 152 18 133 10 136 27 163 40 131 22 
0 150 5 114 43 137 36 153 25 160 41 112 22 
0 128 9 124 3 121 29 122 10 115 31 153 21 158 7 120 9 133 22 135 40 149 17 161 29 123 4 141 11 155 13 116 35 132 30 163 11 156 9 151 20 139 29 162 5 114 12 140 10 
0 148 34 130 19 140 40 134 22 155 32 162 4 119 14 131 31 132 13 141 13 126 14 160 14 153 18 157 19 142 32 133 16 139 5 149 32 151 15 154 47 129 6 118 42 150 27 152 30 143 24 159 12 138 42 164 41 
0 125 48 153 38 123 4 135 25 143 18 120 36 132 47 150 31 
0 130 13 127 25 164 31 131 43 149 46 137 36 
0 146 35 142 29 141 1 154 19 163 19 128 16 148 23 
0 133 50 136 33 119 31 164 49 153 41 137 47 157 3 118 49 123 46 124 14 156 32 
0 140 8 143 33 154 43 123 47 147 49 155 35 137 30 157 20 124 19 127 12 151 18 121 14 162 46 139 19 160 16 144 30 142 5 131 22 
0 123 50 142 47 158 7 138 7 156 43 164 43 151 50 147 6 159 18 155 26 146 42 150 44 
0 125 48 130 33 141 29 132 19 131 15 145 45 127 1 129 42 139 1 150 2 124 40 157 27 144 28 159 9 128 17 136 8 122 42 149 45 154 1 163 30 
0 136 21 144 30 159 2 
0 164 22 161 20 162 43 157 13 123 5 147 45 152 34 
0 136 10 126 46 142 49 134 15 131 46 137 7 143 15 133 16 150 11 148 38 124 36 156 16 
0 143 44 151 34 163 50 139 39 142 20 135 6 149 17 157 42 136 41 146 49 164 37 131 9 160 2 138 26 133 36 150 12 128 2 125 24 145 33 147 38 153 22 152 5 158 15 
0 134 8 162 15 140 35 126 21 136 46 129 3 157 8 159 17 135 38 152 15 145 17 163 13 137 7 131 46 148 5 132 14 151 2 161 16 133 39 155 5 143 29 156 6 
0 147 22 152 43 142 5 136 13 163 27 134 31 164 5 157 8 139 24 131 31 148 22 146 32 159 49 162 50 144 20 155 48 149 24 128 32 135 14 158 8 143 4 137 3 140 40 156 29 130 16 133 15 
0 150 15 146 39 160 46 143 4 162 7 148 37 131 18 142 28 163 31 
0 164 33 145 31 140 7 162 30 142 31 136 22 146 11 147 8 154 41 153 34 132 7 
0 153 33 158 16 155 49 148 9 150 2 137 47 139 10 135 46 160 3 149 41 145 38 142 44 131 30 132 21 
0 143 6 141 23 142 40 151 20 148 9 139 37 136 34 132 26 145 30 138 5 156 50 147 3 149 31 133 21 155 45 140 30 160 49 164 50 
0 134 37 133 21 159 45 153 16 148 36 141 23 162 39 145 13 161 42 137 45 156 40 136 43 132 42 151 6 150 30 154 25 160 30 163 24 155 15 142 31 140 25 139 12 146 36 157 9 144 22 143 40 147 24 
0 164 1 136 45 133 24 141 17 155 15 135 48 145 27 148 16 153 39 152 45 146 22 157 50 139 45 140 12 154 20 142 2 150 19 161 26 149 39 163 41 137 6 151 1 144 2 138 43 159 14 156 8 
0 152 48 155 36 163 17 144 4 134 1 
0 154 26 144 36 160 18 149 14 146 2 164 6 162 4 148 9 153 11 159 4 143 7 156 49 155 44 
0 141 29 169 5 142 20 145 32 143 29 190 45 194 6 181 22 151 21 189 31 174 11 
0 201 17 197 46 160 19 153 48 190 17 165 49 195 24 166 30 171 50 154 11 178 8 167 35 169 41 139 13 
0 158 27 141 22 172 31 163 25 159 18 176 24 156 18 196 48 183 2 164 5 154 15 157 41 151 6 166 40 155 32 146 38 189 5 
0 147 44 168 33 145 1 180 5 153 39 144 2 192 6 191 49 157 5 170 32 185 4 198 43 171 34 179 49 175 43 187 33 146 47 182 40 160 46 183 16 181 2 143 2 149 49 177 8 165 28 161 21 152 39 148 43 178 11 166 8 150 10 
0 174 25 167 8 160 7 175 24 144 41 166 37 187 43 186 38 198 31 155 42 173 5 142 12 164 19 153 14 169 28 147 33 146 13 
0 194 38 165 1 153 34 151 12 174 8 188 7 187 47 146 29 149 15 173 4 167 4 171 12 152 16 191 6 147 8 179 2 176 12 189 25 145 35 
0 153 31 196 39 182 27 
0 178 41 194 49 181 25 183 38 169 46 192 25 153 47 173 6 
0 197 43 152 4 153 17 193 29 149 19 175 36 161 5 170 17 194 3 180 34 157 9 176 28 188 24 145 12 198 41 166 20 
0 149 29 163 35 152 37 182 42 167 44 166 45 187 37 153 17 180 44 158 43 181 21 146 18 184 11 155 13 188 23 164 28 196 17 201 15 194 19 154 39 177 16 191 7 186 15 156 29 179 24 161 36 
0 182 20 196 26 160 4 
0 149 20 179 42 148 1 
0 178 7 174 22 187 29 180 46 
0 193 34 178 49 185 38 200 43 191 49 194 40 162 24 201 43 198 35 149 27 167 41 161 44 183 25 181 42 165 20 197 7 166 39 189 47 157 46 
0 186 13 182 10 194 44 151 21 170 32 162 26 165 45 160 38 190 8 196 30 189 44 166 15 197 12 177 30 174 45 184 17 155 2 198 33 185 1 172 48 201 38 164 21 191 35 199 27 
0 160 2 157 27 185 14 163 5 192 6 190 29 153 11 184 18 172 43 151 1 154 14 152 46 168 30 166 17 175 28 181 5 199 6 171 8 200 48 178 28 179 32 159 44 158 47 188 4 201 8 191 44 189 23 193 29 183 10 186 5 162 23 164 3 195 33 173 30 187 5 155 14 197 42 
0 158 28 153 27 177 25 184 21 180 18 187 17 176 43 188 26 162 22 201 31 170 29 161 35 171 25 186 17 169 32 198 33 
0 159 9 180 45 158 50 186 8 191 26 172 1 163 16 188 17 193 30 176 45 187 23 154 39 165 33 190 37 156 16 183 28 169 5 194 50 178 27 171 13 174 38 160 15 162 9 170 24 185 26 197 8 173 13 201 12 184 10 164 16 182 28 157 8 
0 155 31 180 11 171 20 154 35 174 35 188 31 182 31 190 37 189 29 179 46 197 48 164 10 201 50 183 22 165 3 176 19 158 4 167 41 199 20 195 2 168 42 170 16 157 29 200 29 166 45 161 41 162 39 160 10 
0 155 29 198 45 193 21 177 1 185 44 192 20 173 36 160 8 184 49 194 14 181 35 197 39 191 27 178 17 200 8 168 7 190 11 162 26 195 37 
0 172 44 158 34 
0 191 29 169 45 194 39 196 37 168 24 178 16 163 6 201 35 172 38 193 16 166 29 181 28 
0 179 28 163 19 182 8 188 23 193 39 161 10 158 28 186 23 197 24 192 31 195 18 198 20 194 36 166 17 172 39 199 16 184 45 168 47 189 35 177 40 180 50 170 4 175 44 159 10 196 50 160 36 165 24 190 5 171 23 
0 171 33 191 32 174 19 190 32 180 40 182 19 193 34 163 15 179 19 200 31 197 3 169 41 185 42 162 44 194 25 167 21 168 14 176 26 159 9 195 49 
0 191 34 192 26 170 20 179 44 200 37 168 35 162 6 160 14 201 44 178 39 171 12 185 32 164 37 169 50 175 49 198 3 187 23 199 34 177 27 195 45 174 20 197 30 173 21 176 50 193 23 186 15 188 48 
0 193 33 175 15 179 22 196 6 165 49 192 10 194 41 198 1 173 29 188 27 172 49 
0 173 7 171 48 178 10 186 9 193 36 194 3 198 49 201 50 162 11 185 11 176 34 168 14 164 14 165 20 187 40 184 9 200 17 
0 183 39 163 23 198 47 168 36 165 20 170 21 
0 180 17 188 35 192 32 195 11 200 8 197 3 171 32 178 47 165 3 176 13 168 42 167 26 175 49 177 1 173 42 201 26 174 16 185 14 191 37 186 49 190 42 199 26 193 27 179 11 196 13 198 48 169 7 166 50 164 9 182 10 172 16 184 29 189 21 183 41 187 26 
0 166 36 177 22 
0 198 29 213 1 222 25 181 44 184 2 190 31 191 50 185 48 188 11 
0 204 6 202 15 167 33 200 29 222 25 214 39 191 34 168 35 173 4 216 2 194 21 218 15 188 43 190 6 223 4 184 10 189 15 175 15 209 45 172 37 179 18 182 10 
0 212 38 205 40 189 9 195 29 178 22 
0 181 27 188 15 192 8 209 34 210 28 222 30 185 35 186 47 172 46 184 30 206 45 207 4 170 27 177 19 213 19 214 27 178 43 198 2 
0 209 50 222 26 217 46 189 39 193 29 207 21 194 26 181 42 211 13 200 19 196 40 188 41 
0 183 9 210 17 202 12 192 39 177 2 178 10 191 40 175 2 217 35 189 45 215 14 172 41 
0 187 32 182 32 179 44 185 26 199 37 220 41 181 29 222 22 177 27 192 11 189 17 173 39 176 21 174 34 186 34 212 36 214 7 221 8 172 16 211 22 203 30 
0 197 39 203 47 201 30 185 9 204 12 221 15 218 36 211 21 199 3 207 23 210 38 192 12 186 32 177 48 198 45 
0 175 31 187 3 186 29 203 40 216 44 212 28 217 9 223 8 
0 214 32 202 37 215 37 196 46 191 41 207 18 217 10 181 20 180 12 182 26 199 41 194 37 209 48 
0 219 47 196 50 182 20 200 33 
0 208 30 202 19 195 5 217 47 223 46 201 16 188 37 185 38 177 45 211 4 194 8 191 15 184 50 221 36 209 19 222 12 200 32 
0 193 6 207 49 
0 201 16 214 34 202 38 223 19 185 45 195 16 
0 210 25 
0 210 13 181 17 199 48 183 4 212 6 182 37 192 49 222 15 197 22 205 29 191 10 208 8 193 3 223 19 
0 190 15 210 39 221 5 183 2 189 18 216 10 213 47 
0 215 35 192 36 205 16 214 22 212 1 185 31 217 36 191 34 221 24 201 31 219 2 184 8 183 41 188 12 222 38 203 5 209 30 
0 194 13 189 37 186 31 210 30 217 9 223 36 209 31 191 14 193 29 205 43 200 29 218 38 196 5 192 40 221 41 195 24 185 13 
0 190 40 206 24 199 30 187 11 218 41 216 45 205 42 195 40 193 13 185 30 223 32 203 20 194 41 
0 221 31 207 43 195 34 201 11 210 21 192 47 206 26 211 20 202 26 187 36 189 46 204 32 
0 210 3 
0 214 34 192 7 207 24 196 25 190 19 200 9 
0 200 23 220 44 216 44 190 49 189 23 199 7 209 24 201 8 194 20 196 18 191 32 214 34 204 29 202 39 203 11 219 33 212 35 205 33 206 27 223 30 207 30 
0 204 1 196 6 212 45 218 14 223 29 199 40 215 42 205 14 210 34 213 17 211 33 193 22 191 31 194 15 217 3 
0 212 15 213 41 193 11 210 15 198 23 221 6 205 14 
0 216 5 210 27 208 36 196 16 
0 221 46 193 37 200 45 197 20 205 3 201 22 223 15 
0 209 40 196 11 198 9 201 34 223 33 206 18 204 11 212 48 220 18 207 8 195 35 194 37 215 18 205 41 218 20 222 39 197 8 210 16 202 23 211 42 
0 219 24 212 36 221 43 216 5 202 22 200 49 209 12 204 40 196 48 218 28 203 16 207 37 
0 215 35 217 27 210 18 197 6 211 22 220 16 206 4 199 16 204 5 202 47 213 27 219 33 212 49 207 14 222 5 203 47 214 15 221 34 208 1 200 34 201 27 
0 214 50 217 42 205 24 211 4 198 33 204 12 208 18 222 46 218 23 219 45 210 26 200 30 202 15 199 29 206 37 221 28 209 21 220 28 212 13 
0 217 30 211 3 213 1 206 4 216 16 198 30 199 44 205 30 207 43 221 14 201 42 220 13 215 18 210 12 209 44 219 48 200 6 208 16 
0 222 8 
0 204 37 216 11 220 24 221 12 218 40 208 4 223 44 207 42 210 38 213 48 215 20 209 50 206 16 212 11 214 7 205 36 211 20 219 26 202 6 
0 216 2 221 6 208 7 212 5 220 4 202 47 223 44 218 50 215 40 210 32 211 15 207 48 
0 202 39 222 48 203 22 216 16 214 26 213 5 212 46 204 28 219 23 217 31 210 43 206 26 220 31 218 4 209 12 
0 229 4 222 22 
0 216 28 223 38 224 39 235 17 221 35 
0 214 30 212 6 209 38 245 44 222 33 207 46 233 42 228 12 205 29 236 42 216 44 244 28 231 48 208 47 239 28 218 45 225 16 243 50 241 15 246 6 215 3 206 25 213 12 224 2 
0 235 26 233 36 227 36 228 29 245 6 248 32 224 43 239 44 209 41 212 47 223 39 247 11 243 26 222 23 207 26 232 48 213 13 217 14 
0 243 7 231 28 208 19 240 32 214 43 211 4 238 20 220 48 216 29 234 45 230 10 246 38 242 50 215 19 217 24 
0 228 31 219 26 238 11 211 11 247 5 216 21 231 29 221 14 
0 226 10 230 37 229 42 218 30 228 40 234 39 227 6 
0 220 33 229 45 223 14 221 34 246 18 240 26 
0 240 28 232 28 237 27 241 20 234 49 
0 222 37 243 27 229 36 227 20 239 37 213 30 241 16 215 44 212 43 235 48 214 16 246 2 245 34 221 17 225 19 216 48 242 3 244 34 236 38 223 6 
0 247 4 221 20 227 45 240 14 222 27 225 4 246 12 
0 235 38 224 20 230 30 227 22 218 10 236 49 223 33 243 50 215 31 228 4 237 29 214 50 217 8 234 4 229 46 245 26 238 27 219 16 241 11 225 39 239 22 
0 236 41 237 34 231 16 233 46 247 1 232 28 229 47 
0 247 26 228 19 227 48 
0 231 42 245 15 232 8 238 45 230 14 240 38 239 46 225 8 228 36 244 15 229 40 226 30 234 31 224 10 220 32 235 39 241 9 218 28 246 26 219 48 243 48 
0 219 45 247 39 235 48 245 16 241 6 246 2 222 28 225 44 220 43 231 45 239 36 
0 239 34 247 47 222 2 232 30 231 8 234 25 225 19 238 7 220 14 228 41 230 8 
0 228 43 247 18 229 28 
0 230 29 229 4 242 50 243 39 239 23 244 4 225 20 223 43 233 9 240 16 227 39 232 42 221 25 248 4 234 45 
0 233 19 227 35 237 36 242 44 
0 234 22 232 10 
0 225 14 241 37 230 1 
0 243 25 239 26 247 24 244 18 267 41 227 14 248 13 242 43 225 4 263 13 
0 248 41 240 27 251 28 
0 270 2 241 38 250 6 240 49 260 42 236 19 243 41 
0 261 43 241 8 257 30 262 50 240 19 265 44 242 32 245 49 231 44 269 21 229 31 233 24 248 42 266 10 249 23 260 27 243 26 
0 243 5 257 26 255 12 267 2 253 7 233 20 260 10 237 43 252 5 244 12 265 34 264 15 236 50 238 49 263 47 262 8 
0 237 32 260 23 245 8 259 31 262 3 246 50 253 50 236 16 234 22 243 47 247 17 251 9 244 34 
0 235 39 238 39 237 30 234 32 241 32 231 6 246 47 252 9 242 46 261 14 240 1 254 24 250 14 
0 235 23 264 42 263 42 245 28 241 30 251 41 259 35 234 47 
0 253 30 263 50 252 38 233 22 262 16 268 41 264 4 237 4 254 2 259 15 
0 240 9 267 45 257 41 255 35 
0 266 31 255 30 244 38 243 23 240 28 270 25 253 19 
0 251 24 252 34 245 16 259 18 246 13 247 24 256 42 250 44 244 43 240 28 254 50 266 48 258 37 268 8 262 28 257 18 236 13 243 43 
0 264 36 254 32 260 43 261 13 252 9 245 6 
0 270 43 265 9 245 40 250 22 257 12 238 34 268 29 241 14 239 7 253 48 247 12 242 22 
0 245 23 270 41 264 2 249 21 255 27 257 16 265 8 266 41 253 5 240 23 261 20 269 30 244 1 267 45 254 4 260 37 263 20 251 6 
0 244 18 254 20 248 32 259 13 257 28 267 24 255 5 241 17 268 13 264 24 251 39 253 36 246 45 249 26 263 45 243 49 
0 243 3 267 30 248 19 241 35 
0 246 42 255 24 270 12 251 28 263 33 252 36 262 46 265 49 268 1 256 5 247 32 259 3 250 7 254 47 267 11 245 43 261 47 258 30 243 30 266 28 260 22 
0 255 26 259 29 258 5 247 27 246 16 266 12 249 17 260 13 252 24 264 8 262 17 268 15 265 1 267 23 254 7 270 36 251 19 250 38 263 25 253 28 243 42 244 42 
0 247 50 251 9 
0 252 4 255 2 266 3 260 32 257 9 269 15 261 35 268 12 265 28 
0 266 21 247 37 246 18 261 19 264 30 249 49 257 32 250 39 252 34 256 41 258 44 270 43 253 36 254 8 267 48 255 40 260 5 262 40 265 26 251 40 259 7 
0 266 11 269 48 254 15 261 11 268 49 252 29 255 44 250 26 270 5 
0 260 41 253 48 
0 267 20 255 1 264 19 
0 289 23 281 32 254 30 255 44 278 31 273 11 286 19 297 8 260 20 271 18 295 22 252 36 280 37 272 15 262 2 253 40 261 29 277 4 269 43 294 31 259 9 296 28 292 45 274 10 265 45 263 12 
0 295 6 268 24 253 12 257 34 273 21 260 14 276 29 286 12 280 18 278 38 269 34 
0 286 15 284 49 264 16 293 9 278 42 261 47 283 30 275 9 279 41 271 6 265 23 258 25 267 23 269 47 272 18 252 18 287 9 273 35 259 48 262 45 288 24 280 4 253 9 
0 288 42 256 30 268 1 262 20 293 10 270 15 255 19 283 28 290 28 296 12 257 36 275 22 267 41 286 13 266 42 260 10 261 20 284 28 271 28 
0 281 44 270 46 297 16 293 27 274 39 267 9 277 29 268 9 
0 292 2 291 10 285 3 282 38 266 26 283 19 257 38 290 12 276 31 264 10 255 19 259 29 262 1 274 43 258 4 293 48 289 4 265 44 260 38 294 6 286 19 279 9 280 18 281 37 
0 294 15 291 45 293 20 269 21 281 9 278 17 262 48 259 1 276 36 272 43 263 38 284 35 256 4 270 37 290 29 280 26 273 34 287 19 267 37 296 27 260 3 297 13 275 48 
0 283 12 272 14 280 49 271 6 276 47 260 7 263 49 284 2 279 15 
0 284 20 
0 268 40 293 17 292 22 281 42 285 48 276 9 
0 271 5 264 18 272 45 277 24 287 18 266 26 
0 297 26 265 11 295 6 273 23 288 2 286 16 275 26 270 19 261 36 285 17 277 4 294 25 279 4 289 19 
0 281 32 293 41 270 48 286 4 290 18 278 46 296 26 271 27 263 6 288 29 295 41 284 11 297 7 275 42 265 21 292 4 272 48 269 45 280 5 291 17 273 10 276 14 287 24 294 11 282 34 264 38 
0 286 37 266 5 291 43 289 27 276 2 264 39 287 39 263 10 269 22 271 18 272 30 297 17 278 39 282 29 275 43 281 37 265 32 288 27 
0 281 24 288 24 296 1 277 14 280 29 285 3 267 26 286 35 276 37 274 7 289 16 264 50 279 43 271 3 265 6 283 28 273 44 275 1 293 38 290 10 294 9 272 36 295 14 297 33 268 6 
0 280 50 270 10 288 10 283 21 276 21 274 30 291 13 293 48 269 40 297 43 294 44 292 17 265 22 271 19 272 46 286 29 282 23 290 13 295 45 275 5 284 14 277 25 268 9 
0 273 39 276 16 294 45 266 44 295 47 293 33 297 37 285 10 290 27 268 16 291 7 279 42 296 44 271 35 289 24 281 36 278 34 286 4 267 36 292 11 282 18 280 26 274 12 284 50 
0 295 29 288 8 267 19 278 18 273 16 277 20 286 32 274 29 285 1 279 39 282 46 276 35 291 9 269 8 293 37 294 27 287 48 275 31 280 4 268 23 289 35 290 44 296 14 297 17 283 22 
0 277 28 278 10 297 30 273 13 272 16 
0 289 50 283 50 288 13 285 5 292 29 296 17 275 13 271 18 281 42 
0 275 19 280 9 277 10 293 20 272 21 276 45 290 13 273 22 296 43 289 7 274 39 281 20 292 11 297 31 278 48 286 19 287 47 283 13 285 40 282 10 291 22 270 45 271 46 
0 284 49 271 49 282 6 286 8 288 3 297 24 280 7 295 3 277 1 283 19 293 35 274 41 292 33 
0 279 46 293 47 313 46 311 5 317 14 296 11 298 2 303 4 
0 311 6 298 16 291 12 307 16 304 13 309 50 296 39 
0 284 37 302 39 289 41 295 13 314 39 309 7 287 13 316 49 311 16 276 27 288 14 312 47 303 28 305 19 292 5 299 9 317 14 307 19 277 25 304 9 
0 313 9 280 16 299 5 298 9 295 31 283 13 290 47 
0 295 15 313 21 280 35 302 8 298 7 297 29 290 42 277 35 
0 295 3 285 30 296 36 289 28 302 13 298 1 291 17 311 25 288 19 308 5 304 39 
0 279 20 
0 296 37 303 37 311 32 312 41 297 50 
0 310 42 
0 288 45 299 14 283 42 308 11 316 3 
0 282 43 307 42 301 25 303 4 298 9 316 31 290 17 293 41 300 24 311 22 283 13 295 12 294 22 288 39 289 19 292 11 302 17 310 50 
0 293 36 300 22 289 42 
0 316 17 300 2 295 21 304 45 308 44 306 20 303 9 299 49 294 4 301 23 293 24 309 4 
0 297 18 298 13 295 29 300 28 289 44 310 10 301 8 294 28 305 27 308 15 296 40 292 13 287 24 307 22 
0 314 50 293 9 303 23 312 7 290 32 313 7 286 13 306 10 
0 315 35 305 50 316 41 291 38 311 38 304 18 313 38 300 4 287 7 297 19 
0 312 49 294 20 292 32 288 34 299 21 297 13 301 42 304 41 316 14 306 8 307 36 314 43 290 35 296 7 302 28 
0 300 10 309 35 305 22 311 34 293 25 297 15 314 50 295 16 292 10 306 35 296 25 304 2 299 33 313 43 298 12 291 49 316 50 315 35 
0 299 2 302 12 
0 315 48 295 36 310 39 302 24 300 46 303 36 298 49 299 46 304 3 309 4 314 44 296 48 301 31 291 47 
0 307 4 303 2 298 37 299 40 295 18 
0 305 20 297 47 317 12 310 30 298 40 293 14 294 32 309 10 316 44 299 28 313 10 296 22 307 38 311 26 308 35 
0 307 24 
0 304 25 316 28 298 13 296 40 303 43 302 20 309 35 305 41 295 16 306 32 308 37 317 20 310 25 315 38 314 39 300 42 313 11 
0 310 18 316 47 308 45 301 36 305 40 313 43 315 21 306 41 314 39 303 14 304 1 311 10 
0 309 42 304 44 
0 307 46 304 6 299 18 312 33 309 5 317 12 315 10 306 46 310 31 305 17 313 40 303 21 
0 329 4 299 47 300 6 341 43 348 32 309 26 308 24 325 11 351 47 336 46 335 10 347 33 304 47 323 42 340 45 306 22 343 22 312 38 339 48 337 26 311 21 
0 319 20 322 22 346 32 333 28 343 22 304 36 348 28 326 8 312 38 351 16 315 11 316 38 307 35 337 23 328 29 317 40 342 22 323 1 334 37 318 23 308 31 325 41 302 8 341 27 303 36 335 22 306 37 350 11 336 30 332 10 339 21 
0 308 15 322 29 343 46 313 20 323 20 315 19 351 24 338 6 327 15 326 22 348 15 346 45 302 16 318 45 332 6 320 2 307 29 330 46 334 38 333 2 
0 335 23 310 19 309 18 334 31 315 3 304 5 320 20 346 3 336 44 338 33 344 41 316 2 352 28 314 45 345 3 318 10 348 49 330 47 339 32 333 35 343 38 312 5 337 17 342 13 349 13 311 9 302 19 
0 329 2 313 45 305 3 347 45 351 18 344 31 315 36 319 33 327 42 339 36 310 24 352 48 340 43 348 16 322 47 346 21 309 40 328 10 336 20 304 13 342 16 314 9 307 7 331 42 318 1 303 5 312 39 350 19 320 7 321 46 332 7 308 17 326 47 349 8 341 12 
0 344 23 314 2 324 26 322 12 350 5 342 42 326 42 346 15 348 14 336 32 308 9 312 40 337 38 347 43 333 4 309 23 319 26 343 11 305 3 313 30 339 49 
0 317 12 338 31 346 28 319 42 329 11 343 37 324 17 344 4 325 5 323 10 318 40 335 44 328 40 308 49 314 18 340 7 333 39 334 5 320 15 341 45 332 31 306 40 345 29 348 37 315 22 339 30 307 43 309 50 350 34 347 24 316 29 326 31 312 2 
0 325 41 331 48 332 26 335 11 334 30 342 30 319 4 328 50 350 37 307 15 316 30 322 40 323 17 308 44 338 10 312 7 309 1 326 45 341 35 317 3 315 44 352 49 306 16 318 28 321 34 311 17 349 47 340 30 314 24 339 3 
0 341 12 312 50 337 36 335 26 
0 343 26 
0 316 45 311 2 346 45 331 27 317 45 323 20 324 34 320 49 313 24 335 34 348 14 334 50 345 23 321 50 
0 320 44 335 19 346 26 332 30 315 34 324 30 345 22 337 39 316 49 340 10 341 28 311 31 326 32 347 41 329 10 338 49 344 8 319 34 333 40 351 14 339 19 342 23 334 15 321 33 318 26 322 4 330 32 
0 331 17 328 40 314 28 347 3 320 45 326 24 327 21 352 29 342 2 319 20 351 34 339 12 317 50 345 11 340 19 316 43 335 50 321 20 346 42 349 45 323 42 
0 351 39 314 42 318 32 346 50 344 15 342 32 348 21 335 39 313 26 338 8 316 37 317 18 324 38 331 25 347 34 323 3 345 21 321 40 322 42 332 32 
0 352 4 324 21 344 9 341 39 330 28 339 48 338 37 347 14 318 16 325 48 334 4 346 14 315 9 327 18 321 50 333 9 343 9 329 28 351 34 349 4 319 44 340 35 348 46 314 42 320 11 331 8 313 7 322 27 316 37 337 33 345 38 328 48 350 17 
0 344 19 350 33 349 19 332 14 
0 319 6 340 38 349 37 318 5 345 27 342 9 326 24 343 35 317 1 323 28 338 9 328 15 348 19 351 29 341 11 344 15 352 44 324 30 337 44 332 17 322 27 330 26 321 49 331 43 334 44 316 26 315 47 333 47 325 23 
0 343 23 320 13 340 20 322 10 318 41 351 6 319 3 347 9 334 15 317 9 330 24 337 15 341 41 352 21 329 4 338 14 335 8 325 47 328 34 346 19 
0 322 41 325 2 343 37 336 40 346 12 340 2 342 10 323 8 347 22 327 30 
0 338 26 349 12 321 31 334 6 346 31 339 42 347 50 345 14 337 49 352 26 348 46 327 47 335 14 342 21 343 49 320 22 323 3 333 3 340 8 
0 350 33 325 1 320 15 374 42 351 37 357 45 338 36 319 45 365 47 371 7 355 2 369 49 342 1 
0 337 1 365 12 325 33 370 16 338 2 342 23 331 4 362 29 348 2 
0 348 38 
0 346 41 331 21 373 6 339 41 
0 361 43 344 34 354 7 368 11 340 45 330 38 333 21 371 39 326 3 328 11 338 28 339 48 323 28 362 33 
0 329 28 339 46 326 1 331 35 367 4 351 25 
0 353 41 342 4 368 20 341 41 
0 349 12 338 12 347 40 327 10 358 23 361 48 369 39 374 1 331 34 328 2 352 39 337 33 333 36 
0 328 28 345 29 369 49 342 28 356 37 367 42 364 43 334 8 332 30 333 50 
0 348 10 369 39 365 2 364 44 372 3 338 29 343 7 
0 342 34 356 11 335 10 332 15 359 31 368 32 365 16 362 47 333 49 339 27 373 8 354 43 355 24 337 15 329 18 360 30 341 42 
0 368 15 356 26 347 7 373 18 353 48 330 49 335 29 372 10 374 46 352 6 333 23 370 9 359 20 336 46 361 43 337 25 343 49 363 49 344 31 
0 346 26 374 33 332 5 351 23 331 31 348 14 340 39 370 24 
0 346 25 333 26 
0 361 26 355 2 366 31 372 33 374 9 334 9 337 3 367 47 365 27 346 19 349 11 
0 349 37 368 15 338 10 370 13 337 39 348 42 352 17 360 4 342 12 347 20 365 48 364 49 363 19 353 44 346 35 355 28 357 8 366 37 343 10 340 47 369 27 
0 367 33 335 43 356 9 365 4 358 49 364 12 343 17 355 30 336 39 363 48 
0 362 9 364 2 347 47 358 24 367 41 355 7 345 50 373 1 343 9 339 50 363 11 352 38 349 4 374 26 356 2 366 29 
0 369 34 362 45 363 22 352 44 350 4 346 50 351 12 340 2 374 6 355 23 365 16 371 16 344 17 342 42 345 11 368 45 361 39 348 44 339 24 343 9 
0 349 49 350 10 339 41 359 5 369 41 362 16 
0 342 27 341 23 369 4 343 13 354 7 355 1 370 43 371 43 352 11 344 34 360 29 358 21 367 5 353 33 339 43 350 14 356 41 340 15 373 32 363 9 361 30 372 39 
0 367 32 368 9 350 5 342 16 370 22 358 49 374 17 360 24 369 37 359 29 343 29 365 37 362 25 355 7 361 4 353 1 363 17 371 46 351 35 
0 362 12 372 9 352 20 371 27 368 8 348 28 349 5 365 38 373 27 356 28 354 35 350 3 346 5 357 12 347 4 344 18 351 31 355 10 345 15 343 15 
0 360 40 343 12 356 6 358 41 355 33 354 25 347 6 
0 348 19 367 9 354 33 351 25 372 30 360 4 362 4 368 4 365 34 349 39 346 6 366 42 350 8 369 17 347 26 358 37 344 29 
0 374 24 355 1 352 6 363 48 358 3 369 46 372 9 360 41 344 37 370 33 351 18 361 4 350 38 365 46 
0 367 46 354 8 371 4 359 41 373 42 350 18 365 25 345 19 347 3 362 43 357 37 353 22 364 42 363 22 
0 367 14 366 43 361 33 372 25 371 18 351 25 373 5 364 5 368 47 348 11 
0 357 34 374 32 367 18 372 16 355 6 348 50 360 46 366 24 350 2 370 46 359 24 354 49 353 4 351 35 358 35 
0 352 29 357 49 362 40 358 25 363 6 364 50 360 45 355 40 350 38 369 49 371 43 349 35 
0 359 13 367 7 372 13 368 18 352 8 366 49 374 14 363 34 351 18 357 27 373 28 349 12 362 25 
0 361 33 358 26 364 37 369 20 365 3 368 16 351 35 359 36 360 4 367 39 356 35 352 9 370 3 353 2 372 21 374 41 350 25 371 18 
0 373 1 365 26 359 1 357 16 366 8 355 42 353 19 
0 365 13 361 16 366 21 352 50 353 33 363 10 360 27 359 43 
0 363 21 358 41 365 1 368 24 357 34 371 47 373 38 364 10 370 8 367 31 362 25 356 30 374 40 353 11 369 33 354 30 366 44 359 32 355 38 360 48 
0 354 2 385 49 393 12 397 45 379 19 363 12 386 27 394 18 401 3 355 48 405 46 400 19 378 44 391 30 361 50 369 49 390 38 
0 405 9 401 44 384 45 386 29 394 12 383 24 391 8 390 15 377 9 373 24 395 7 385 44 380 23 397 35 356 42 366 23 363 12 388 7 404 13 392 15 381 24 365 40 400 15 396 33 359 39 370 44 403 38 387 7 382 42 393 22 361 29 
0 370 31 366 16 359 1 400 20 405 29 367 1 373 26 399 22 369 32 372 13 398 6 392 2 360 10 379 35 403 40 363 5 375 10 357 42 387 3 404 28 362 22 395 35 364 41 371 2 385 50 374 17 381 36 382 27 386 10 365 1 358 42 
0 393 46 395 18 
0 393 25 398 16 373 25 368 26 365 24 381 28 378 28 370 33 397 47 374 24 364 47 376 47 400 10 383 33 391 32 402 34 405 6 369 36 
0 379 37 388 35 397 24 394 1 402 35 364 2 399 27 383 25 361 13 
0 396 45 376 28 372 26 367 42 364 4 397 30 393 7 389 4 377 6 366 14 379 48 368 6 404 50 361 28 373 3 375 7 387 25 381 23 401 2 384 19 386 28 363 6 380 14 365 17 403 19 374 40 385 17 392 22 394 12 
0 382 22 404 28 383 1 361 4 374 39 370 2 397 43 368 30 401 14 402 49 381 40 
0 373 36 376 48 394 33 377 20 375 39 393 46 385 13 401 24 374 17 390 5 405 44 362 41 395 9 363 20 381 11 388 35 384 10 364 15 387 30 403 24 389 44 391 5 
0 389 48 387 11 365 15 388 8 375 44 400 9 372 31 363 28 380 39 394 2 402 38 366 11 364 19 374 21 381 33 397 6 391 22 393 41 368 37 398 20 385 32 403 6 390 27 370 46 371 14 401 26 399 13 392 39 376 31 
0 402 20 385 29 394 37 399 36 364 39 390 30 403 42 377 49 393 23 397 23 379 12 380 21 373 9 
0 394 17 374 24 403 46 396 22 389 39 400 8 393 41 385 43 379 28 369 18 368 40 392 19 366 39 404 20 
0 401 45 390 25 395 11 405 32 369 2 391 12 377 36 370 36 383 42 403 38 388 20 394 12 380 15 368 34 396 50 375 28 371 31 378 50 387 8 366 46 402 31 376 11 398 30 389 4 392 28 404 13 397 23 379 6 372 19 
0 371 31 381 30 376 22 395 7 380 34 404 46 383 41 391 49 398 45 396 19 388 24 384 42 402 38 405 19 394 19 370 3 372 38 368 29 403 9 393 27 399 45 379 39 400 18 401 13 374 33 389 6 386 50 390 47 369 29 392 20 377 24 
0 368 37 392 33 398 50 383 27 376 2 391 48 371 43 375 33 379 10 394 8 385 17 400 4 384 41 388 17 372 50 402 1 387 34 403 45 390 50 380 50 374 23 369 33 382 28 395 46 393 19 
0 387 27 379 50 375 25 388 30 403 12 381 18 378 9 394 5 377 9 399 20 398 6 404 33 391 48 389 6 371 35 369 18 376 7 380 39 374 48 405 9 401 20 397 5 400 9 396 9 383 31 382 20 
0 377 37 
0 376 26 385 34 378 27 381 29 399 47 394 47 393 36 
0 392 46 390 48 398 11 377 14 378 21 402 48 380 19 399 23 387 8 396 34 404 49 397 41 389 8 386 16 372 42 381 25 394 39 400 47 388 39 376 14 383 21 395 46 403 31 375 41 
0 396 31 373 7 378 25 377 34 374 11 388 16 397 11 395 29 384 35 405 2 392 32 404 26 402 2 391 22 376 10 381 34 385 28 398 9 380 26 375 1 394 12 401 25 383 25 390 17 
0 386 46 401 11 391 10 381 23 383 41 385 41 390 5 405 23 387 42 380 40 374 2 376 7 393 25 389 30 384 8 392 15 398 43 396 14 402 26 397 4 404 48 375 24 
0 386 32 378 7 392 17 403 31 401 35 387 6 381 31 394 45 389 29 379 9 380 34 393 47 399 9 405 39 390 3 376 6 388 11 382 32 384 28 398 8 383 22 397 43 396 28 385 44 402 27 404 7 
0 401 12 
0 430 4 407 8 423 25 400 19 419 32 414 19 410 30 417 20 411 7 395 32 388 15 391 43 428 21 420 28 416 14 401 38 405 6 402 11 409 50 396 43 382 16 413 17 
0 389 1 430 26 408 34 401 35 379 22 403 17 415 7 404 29 412 13 391 40 
0 427 39 382 47 386 35 388 18 402 37 420 11 412 32 396 16 413 29 415 28 428 16 429 21 403 11 398 45 425 11 410 29 426 46 
0 426 28 389 8 384 7 427 20 388 26 403 14 390 15 404 36 399 22 428 8 385 36 414 12 411 18 
0 392 28 402 7 414 10 420 3 426 15 419 12 403 3 421 1 400 41 417 41 390 44 424 32 411 47 423 13 394 7 
0 423 31 408 25 391 24 410 39 418 19 392 11 430 42 414 13 427 1 384 15 403 47 425 26 406 41 429 9 421 15 416 31 386 27 409 22 407 13 415 23 412 8 382 16 396 23 398 12 401 7 
0 403 49 391 25 388 41 398 30 420 4 385 9 392 22 409 29 404 37 386 33 416 6 422 18 
0 426 29 404 45 429 14 421 42 396 43 
0 426 22 415 17 387 31 410 42 406 14 393 48 424 10 
0 422 17 429 19 386 47 389 47 397 13 388 37 404 3 
0 428 18 400 8 417 40 399 22 387 26 426 42 
0 416 24 
0 424 34 403 22 391 47 392 24 
0 399 12 424 34 420 2 407 45 393 39 406 3 411 42 426 36 428 3 
0 414 29 394 32 430 26 398 21 391 38 403 12 392 38 425 5 423 2 395 31 408 14 
0 404 8 411 24 419 20 406 5 393 6 409 36 398 26 407 28 414 1 412 42 
0 411 46 419 13 409 23 403 29 
0 412 6 423 44 397 42 418 11 410 18 416 45 405 25 415 18 399 50 398 5 402 34 394 14 420 48 429 39 
0 406 2 403 31 399 34 412 26 424 49 410 11 402 15 
0 402 40 420 30 405 19 415 35 397 38 422 27 396 27 425 19 414 18 410 47 403 21 399 16 413 24 416 39 430 17 418 4 423 4 426 16 429 30 412 49 
0 426 36 414 23 423 21 425 13 409 22 410 46 400 8 407 38 429 4 415 24 416 41 417 26 405 22 406 32 401 32 403 26 424 10 418 22 419 4 412 35 411 5 404 41 
0 417 3 402 28 411 36 427 15 415 43 401 41 422 21 409 29 404 28 425 27 421 29 426 23 412 47 407 41 403 47 430 8 419 28 410 20 424 36 423 42 400 17 414 49 406 44 405 26 
0 415 43 423 16 418 12 412 33 420 31 401 22 419 43 427 16 404 11 408 20 400 2 406 42 409 29 407 7 399 25 428 46 403 27 426 49 411 2 429 35 425 50 417 37 413 38 416 15 421 38 
0 409 39 417 31 414 45 427 48 415 19 403 18 425 42 411 39 418 18 420 11 428 18 401 15 406 15 
0 407 47 408 21 409 37 
0 406 23 404 6 410 20 418 5 428 25 430 35 411 3 408 5 407 43 409 50 427 37 416 14 403 42 402 48 421 20 429 25 426 50 419 22 420 34 424 15 417 3 413 42 
0 418 17 404 12 416 16 405 30 415 8 407 7 417 49 412 40 421 7 423 13 427 12 411 15 425 25 429 26 410 41 408 21 426 28 
0 427 35 421 21 407 25 
0 417 31 429 25 408 21 414 11 421 2 410 12 428 12 
0 430 49 409 10 426 3 419 48 428 33 425 39 413 4 412 38 416 31 424 21 422 23 427 4 
0 453 15 417 35 412 5 451 36 424 32 413 31 428 25 429 25 426 1 416 16 458 47 414 17 441 28 423 16 431 39 421 25 410 13 430 34 443 31 420 15 418 36 436 4 457 22 419 27 454 5 415 22 
0 428 10 463 46 460 43 441 5 461 7 421 19 408 43 419 29 412 15 452 17 422 43 456 23 424 43 449 20 420 5 411 20 418 9 413 17 434 13 462 19 443 15 429 31 435 25 
0 410 24 465 48 423 36 442 24 411 3 433 13 414 13 425 31 416 50 438 18 459 10 439 34 463 15 440 29 417 42 432 37 441 38 456 31 457 2 421 14 
0 450 42 440 8 422 20 435 49 462 42 452 17 427 46 446 33 457 37 430 29 431 39 418 21 465 47 420 3 461 11 451 35 460 35 417 13 425 47 
0 451 44 459 36 458 25 439 36 436 21 464 26 456 40 428 11 450 50 440 34 452 39 411 30 462 46 447 50 435 32 463 8 423 23 460 14 457 6 448 39 421 27 445 48 414 47 453 24 465 16 431 14 434 43 438 1 429 13 
0 424 41 414 15 415 42 416 34 419 22 458 11 432 14 451 8 443 3 447 20 435 1 456 34 426 3 441 18 434 37 429 19 430 45 412 46 420 37 461 4 453 24 418 41 448 32 413 6 450 22 417 12 437 19 425 30 445 14 449 30 440 32 442 10 
0 457 41 
0 457 25 464 36 460 23 416 3 437 6 427 7 435 36 425 5 452 17 429 33 426 29 447 22 433 42 459 29 414 10 450 9 445 34 453 8 456 11 430 27 454 50 432 11 423 45 
0 419 44 463 8 446 32 450 26 437 31 427 16 453 32 420 26 434 47 460 31 461 33 455 25 464 29 436 36 444 28 416 1 465 35 438 37 458 47 426 49 432 9 439 37 425 16 431 31 433 5 462 14 
0 435 45 436 6 437 27 450 42 
0 461 28 444 7 451 10 432 37 443 33 441 12 421 35 452 49 437 27 431 42 457 36 449 17 429 35 434 2 426 27 424 20 464 5 417 13 439 26 448 8 428 31 445 13 423 6 438 20 
0 454 22 432 7 425 33 450 21 449 41 458 35 440 6 465 38 456 16 433 27 421 12 441 20 429 29 459 24 420 6 434 12 418 47 423 43 463 26 419 8 
0 443 5 456 29 428 48 460 30 430 28 441 28 436 48 463 32 433 31 448 20 
0 431 39 442 8 457 7 422 2 438 21 461 26 430 1 425 48 428 29 454 7 450 23 441 44 465 14 429 37 458 43 424 23 451 19 453 22 447 18 432 35 434 15 463 15 421 27 445 26 462 11 440 17 423 37 426 4 446 38 437 44 427 41 459 10 435 39 443 10 439 6 
0 439 16 433 28 452 3 430 26 453 45 431 28 448 17 424 39 423 43 450 26 461 24 444 19 464 50 445 32 427 5 436 35 429 37 456 50 449 30 459 8 458 46 
0 436 13 450 38 437 8 424 20 433 24 464 7 453 29 425 48 446 36 438 35 431 30 428 19 460 42 
0 424 6 434 4 436 48 432 15 444 42 453 31 440 9 447 9 464 6 452 23 425 30 446 1 433 33 437 16 
0 449 32 448 20 463 23 464 5 
0 462 46 463 21 451 35 425 6 433 2 443 39 428 2 438 15 426 49 440 47 442 3 448 50 431 17 455 40 
0 440 32 444 40 439 14 461 33 447 21 442 34 445 15 
0 461 29 449 11 455 15 438 50 429 38 464 42 446 26 465 40 456 48 433 17 457 37 460 40 442 38 
0 436 17 463 50 442 12 429 37 459 27 452 23 446 38 456 14 431 20 
0 439 39 459 18 435 14 447 31 441 34 460 44 457 19 452 30 463 42 449 46 443 17 456 43 440 43 434 34 430 22 455 49 461 37 454 35 438 24 453 36 429 38 446 34 436 27 448 49 432 14 433 31 442 4 451 10 
0 444 45 453 41 439 36 437 20 436 36 433 9 449 5 456 31 432 40 440 10 430 23 451 1 455 36 434 47 454 25 452 32 442 18 459 22 465 7 446 42 463 21 448 27 464 21 457 44 460 45 450 13 447 7 458 36 461 40 443 16 
0 457 25 448 39 449 50 438 36 452 34 437 39 454 47 453 29 455 28 433 12 459 1 442 47 
0 440 35 452 1 465 16 450 3 469 39 439 37 
0 441 25 451 35 442 32 463 17 481 20 447 10 492 29 439 24 440 24 
0 478 26 488 35 493 34 434 13 472 29 462 5 474 34 479 12 456 24 447 12 458 31 448 11 496 29 475 40 453 5 450 4 485 5 436 23 459 48 452 31 470 39 494 13 463 9 444 28 
0 489 39 445 19 436 22 475 9 435 32 456 7 468 10 438 37 478 30 441 25 485 7 492 19 472 7 454 26 482 49 495 30 493 27 450 35 
0 467 33 460 18 446 39 477 5 493 42 479 6 484 11 441 19 439 28 453 43 
0 483 44 451 16 488 34 474 22 464 25 439 1 480 20 457 22 463 44 492 49 445 19 482 29 476 25 471 31 450 38 447 39 444 28 486 35 478 42 473 38 440 6 458 3 484 33 495 26 455 11 462 45 468 5 481 41 448 47 490 41 
0 456 12 495 11 482 6 467 32 470 49 451 15 472 48 445 2 465 5 489 40 476 25 469 16 446 15 488 14 458 2 460 38 448 32 447 19 454 34 440 6 441 7 457 23 487 38 459 45 452 14 438 21 450 11 483 30 466 44 
0 468 24 484 43 493 22 451 42 485 14 460 12 463 50 456 34 476 7 494 37 449 18 481 31 441 31 443 15 464 28 491 36 475 31 446 4 465 31 461 12 
0 468 38 454 45 440 38 450 6 485 17 448 3 494 49 478 6 486 37 481 17 444 40 489 29 464 47 443 8 442 16 492 5 
0 444 42 465 28 443 33 460 23 468 36 
0 487 13 490 16 455 11 486 2 450 35 479 37 473 44 453 11 493 31 476 14 456 41 444 25 461 16 446 50 494 17 452 23 480 11 451 13 459 36 449 12 496 37 475 2 442 42 472 21 483 45 471 12 481 36 482 15 485 43 478 20 
0 450 6 443 20 464 10 495 10 461 28 455 14 465 18 483 17 487 23 476 50 456 48 449 27 494 3 
0 460 22 472 17 471 37 463 44 494 39 484 47 451 11 481 29 486 50 488 33 475 33 470 46 485 12 457 35 450 41 469 45 480 13 479 27 462 19 467 39 453 25 483 36 449 35 473 37 491 13 447 31 490 45 492 29 489 22 452 23 
0 494 44 461 25 489 41 476 28 474 21 463 49 468 27 466 36 456 42 462 44 490 17 472 43 480 30 455 23 486 34 451 38 458 32 459 11 481 34 492 25 452 3 491 49 482 8 484 3 453 19 
0 465 37 458 35 452 27 486 12 446 36 487 48 450 27 488 37 469 35 455 13 463 20 
0 473 30 456 30 479 26 496 5 478 36 455 17 458 35 461 25 448 2 487 1 452 20 457 44 477 46 462 43 481 9 460 20 486 48 491 40 451 29 459 45 485 50 449 12 465 27 453 11 476 2 475 28 482 33 494 2 493 14 463 1 474 24 
0 468 50 486 10 494 30 458 9 471 7 464 29 488 4 453 18 456 12 487 39 478 50 466 6 491 48 483 18 472 30 484 22 475 26 450 30 470 27 479 8 448 45 485 30 457 48 490 42 473 38 469 11 449 42 465 20 455 23 
0 463 49 494 41 479 29 466 35 451 39 496 21 491 43 474 42 495 14 462 24 459 32 475 5 493 6 489 1 484 41 449 31 461 49 490 41 465 19 480 41 454 30 
0 492 49 461 31 481 4 483 6 462 14 451 17 476 30 495 14 489 40 480 1 471 22 494 27 456 25 460 24 463 46 
0 481 27 490 14 489 27 479 3 457 40 471 2 459 37 467 22 495 11 465 10 492 7 474 24 462 47 480 35 483 20 452 16 461 14 496 4 478 34 487 9 476 17 469 17 475 11 460 1 477 50 491 19 488 4 
0 463 45 468 33 467 11 477 25 490 1 466 36 496 38 456 26 452 50 471 20 484 20 458 43 461 30 482 21 453 4 480 7 457 40 459 18 
0 477 33 488 14 484 33 459 41 492 18 457 26 471 14 472 18 493 50 461 20 458 38 466 27 479 25 481 40 486 50 485 31 454 45 453 33 478 42 469 32 465 31 480 3 491 49 475 4 496 35 467 32 489 23 490 20 463 33 464 8 476 41 
0 464 45 455 24 484 1 463 48 468 24 473 8 475 15 
0 489 3 476 10 496 6 461 34 466 43 495 29 456 35 457 11 481 41 468 41 487 3 472 36 469 24 484 11 490 5 485 40 464 50 474 48 470 26 465 40 493 23 471 4 459 6 477 43 458 36 463 27 475 28 483 21 492 25 482 35 486 24 
0 476 17 477 48 496 46 479 16 486 22 470 20 478 48 474 38 458 8 492 23 465 2 457 49 467 19 495 43 463 6 
0 477 4 467 26 474 35 473 7 469 44 482 20 470 26 458 48 480 18 462 19 468 25 463 23 494 12 472 28 475 7 
0 459 20 474 11 463 13 465 36 466 35 484 31 469 18 462 36 473 40 492 14 461 36 479 2 491 10 
0 463 29 488 32 461 24 493 40 476 24 475 41 494 1 460 32 483 33 486 9 464 29 478 4 496 44 481 47 470 6 465 25 480 50 487 47 482 3 474 26 466 17 477 48 
0 464 6 467 37 489 4 470 2 484 17 479 2 466 36 471 46 487 19 
0 485 16 483 20 463 46 467 3 486 22 478 29 471 46 469 3 482 30 492 36 488 11 487 17 473 49 462 22 490 9 494 35 493 42 491 1 481 47 474 9 484 19 480 1 476 28 495 37 470 10 
0 475 46 467 18 492 3 477 39 464 12 473 19 494 41 486 23 472 47 491 21 478 3 490 22 495 21 488 8 463 49 482 22 487 6 483 20 468 32 474 34 476 32 479 21 484 4 481 1 469 43 466 37 493 22 485 8 496 19 462 16 471 26 
0 496 13 487 22 491 24 467 30 488 18 484 35 465 19 471 28 464 8 483 2 472 19 475 40 480 42 482 8 474 29 492 49 477 36 490 18 489 1 469 34 463 5 466 39 481 26 486 4 468 24 485 14 494 45 476 7 493 41 473 15 495 22 
0 473 12 492 25 487 47 469 4 472 33 467 33 464 43 479 49 481 43 482 14 474 23 496 38 485 26 488 7 466 13 495 43 470 8 480 45 486 1 468 29 478 19 475 40 494 17 471 16 
0 477 10 483 17 476 26 478 23 469 26 487 45 484 6 471 41 496 17 485 7 491 42 468 19 475 43 481 31 465 32 488 12 494 12 473 14 
0 483 32 486 28 467 42 470 15 481 39 484 37 472 13 475 22 476 5 
0 475 16 514 30 530 20 524 30 522 19 533 44 479 3 520 4 493 5 505 42 469 26 501 43 495 33 487 3 507 18 474 29 488 37 480 10 536 28 
0 504 25 491 49 527 1 481 49 534 16 483 34 470 49 495 42 505 41 519 4 507 16 523 6 468 29 508 21 485 42 537 18 518 11 492 16 528 46 496 49 499 47 
0 494 30 478 12 535 5 523 14 480 32 469 25 509 44 521 5 504 36 498 22 537 30 527 5 501 20 513 5 503 11 534 6 489 10 508 31 495 25 493 41 538 48 532 2 511 15 505 10 473 45 477 6 522 16 486 39 514 24 512 32 474 23 496 39 531 3 529 2 519 8 
0 530 48 526 41 506 1 477 12 525 43 536 45 494 15 507 6 519 21 490 40 481 17 482 45 513 16 473 33 501 34 531 10 496 40 489 14 487 8 498 12 515 10 510 3 509 11 512 31 503 26 486 38 
0 492 4 510 5 501 41 499 26 491 37 505 28 534 39 522 18 509 4 486 42 494 18 503 41 536 18 480 18 495 45 525 36 493 13 533 38 484 38 531 5 508 26 473 30 515 49 482 25 496 16 535 48 489 28 500 34 526 19 528 24 516 41 507 46 520 17 
0 512 17 511 15 496 15 493 50 472 12 487 30 483 30 536 42 494 33 528 46 503 8 488 17 519 7 533 2 513 19 482 12 502 29 523 49 498 38 504 6 
0 481 50 517 21 502 23 485 13 528 45 490 46 
0 478 47 509 10 484 40 513 21 522 29 483 21 495 43 503 1 515 29 506 49 476 12 486 38 528 39 529 10 535 36 479 33 511 1 482 22 474 42 505 39 538 30 496 41 489 14 500 3 517 3 516 39 514 1 491 23 497 44 524 47 534 33 490 45 531 13 530 12 494 29 492 10 
0 523 12 475 1 516 14 528 36 478 39 492 36 520 36 539 35 504 14 505 25 497 40 511 4 482 15 498 3 506 37 533 33 519 3 487 19 500 28 477 26 536 20 525 40 513 3 490 30 476 41 
0 537 43 486 9 479 19 484 47 524 9 500 14 507 40 528 8 510 3 532 18 515 14 531 36 502 19 508 28 506 22 494 21 504 25 518 10 538 26 480 3 523 36 478 35 499 17 516 45 485 5 513 30 521 25 519 3 512 12 489 38 511 19 492 12 517 1 487 18 526 40 490 39 496 49 
0 497 16 538 28 501 36 478 48 493 44 506 37 526 50 494 15 512 20 536 49 519 19 499 27 523 15 503 19 521 36 495 29 502 5 481 32 529 32 496 18 507 7 528 5 514 35 535 46 534 48 525 15 477 36 511 39 522 20 539 50 500 39 504 16 508 22 482 29 517 13 531 18 515 34 480 22 479 17 533 19 489 26 
0 496 14 518 23 483 38 502 22 500 48 533 25 488 15 481 34 487 10 514 8 
0 489 3 503 44 529 29 507 48 497 25 512 46 479 12 486 7 508 50 480 32 527 19 509 39 518 31 530 3 490 49 535 18 510 30 495 27 523 24 517 5 
0 524 3 530 18 539 33 497 16 486 42 483 14 491 28 484 23 519 42 490 13 515 45 535 2 494 7 517 44 480 17 523 18 487 25 496 40 525 10 532 30 500 2 493 13 536 35 538 12 534 14 511 11 492 9 495 14 501 28 489 1 
0 484 26 492 31 506 47 507 10 527 29 531 41 517 50 511 37 537 48 509 6 490 20 496 33 501 34 516 23 532 3 513 27 481 49 498 26 539 37 499 46 529 34 528 20 497 27 493 1 495 3 514 35 530 27 487 12 510 31 536 17 533 36 518 18 524 46 512 23 
0 509 23 485 10 515 7 533 26 514 5 510 19 528 20 526 43 511 15 512 16 491 49 495 34 483 39 525 12 
0 490 49 489 46 520 10 486 42 495 29 521 35 488 2 504 49 522 50 526 48 496 32 530 40 494 28 514 35 516 42 491 45 
0 516 6 491 32 495 40 523 6 538 16 531 13 506 13 525 33 533 10 
0 519 1 531 24 489 24 520 47 486 2 488 8 525 32 498 35 515 35 526 12 496 30 528 45 501 36 497 47 494 48 512 31 503 6 493 2 511 32 538 41 499 31 537 1 487 27 535 24 507 14 502 17 509 12 492 37 506 32 533 7 536 8 505 4 508 20 485 31 
0 491 37 496 7 499 46 527 22 494 28 519 9 498 27 493 1 506 31 487 46 532 37 509 21 533 1 534 39 518 15 539 38 526 21 495 21 516 14 507 6 528 29 513 18 512 40 497 22 490 25 537 21 492 21 503 3 489 16 515 38 520 37 
0 518 46 531 2 519 47 514 38 498 3 517 35 504 34 487 6 521 2 502 13 488 49 527 5 525 4 497 42 507 42 493 47 509 39 539 16 512 48 522 5 492 32 533 42 520 15 523 10 516 46 526 37 511 29 506 31 508 19 490 26 
0 523 31 525 44 498 10 492 26 514 43 499 23 497 4 527 26 538 18 533 12 496 48 510 19 489 3 530 29 501 5 495 29 
0 489 1 528 23 497 34 499 16 494 6 526 45 518 33 530 47 512 47 502 31 538 24 501 34 519 13 503 17 
0 527 40 533 47 503 24 521 31 
0 494 38 531 35 533 43 526 22 536 11 502 12 537 23 529 41 498 46 512 17 492 12 499 14 504 14 532 2 520 35 524 8 518 37 495 19 493 48 510 42 511 6 538 26 523 49 525 12 515 31 501 10 506 46 505 33 509 1 513 44 503 33 514 15 535 31 519 5 534 16 500 32 530 50 516 43 491 11 527 42 507 23 
0 502 49 503 1 518 41 538 29 514 37 522 31 
0 496 1 534 6 514 18 519 36 526 25 517 33 511 21 515 49 493 5 502 45 536 13 520 30 504 46 527 38 537 28 503 37 518 38 522 11 494 23 500 29 501 29 506 21 528 41 525 15 499 49 513 50 508 31 533 23 
0 519 13 513 36 525 19 536 21 511 49 528 39 522 15 504 29 534 30 500 4 523 40 496 41 520 45 507 37 529 33 514 1 499 28 537 14 518 34 517 7 521 36 497 37 538 9 530 47 495 10 501 9 494 28 509 4 533 11 506 17 531 16 
0 519 26 506 12 522 35 496 9 495 18 501 3 505 22 502 1 507 28 517 14 532 47 536 25 500 1 504 29 535 24 514 41 516 48 539 4 521 3 528 14 510 48 533 9 523 50 527 4 520 2 
0 529 17 498 29 526 18 497 34 525 21 514 5 537 29 496 21 530 37 523 36 516 28 522 36 533 43 532 30 500 33 539 9 538 10 501 5 528 39 505 35 515 10 499 31 518 27 524 39 527 23 
0 534 21 527 37 529 30 535 13 498 26 500 41 533 45 532 21 509 43 499 9 506 19 508 49 516 48 504 50 536 29 530 11 539 37 520 39 503 48 538 42 531 19 502 44 513 6 505 41 522 36 512 49 497 43 523 21 524 15 518 35 515 28 525 39 526 31 528 12 537 34 
0 556 48 537 31 507 26 571 35 501 42 531 40 552 18 528 10 554 8 535 12 518 49 569 36 565 5 551 42 560 32 543 11 550 28 523 32 522 28 541 31 540 15 504 12 545 27 510 46 516 14 508 5 
0 508 49 555 39 542 16 567 38 517 44 557 32 522 12 536 5 521 11 
0 564 38 535 46 505 3 525 37 523 48 546 33 555 21 562 27 527 21 511 30 566 35 558 38 541 24 561 6 518 32 548 4 528 13 508 48 502 42 551 39 534 37 540 16 519 50 526 28 530 40 516 16 
0 558 18 513 45 553 28 504 27 544 13 562 49 526 41 561 31 560 12 547 38 549 47 554 30 545 47 520 35 536 37 559 46 566 42 508 7 522 28 521 23 510 5 556 37 
0 559 35 528 8 529 37 565 15 509 20 532 16 558 16 554 16 561 35 551 16 544 20 510 27 530 5 515 16 504 20 541 20 567 46 560 43 525 33 505 10 569 10 519 41 539 37 556 19 513 30 533 8 550 36 503 23 511 18 521 3 563 21 
0 507 31 563 27 535 35 549 46 509 25 552 42 545 50 568 15 562 35 527 4 551 23 542 21 565 30 518 5 510 50 547 37 559 46 528 32 531 33 514 39 546 18 544 13 550 19 541 28 519 8 553 46 503 44 534 15 520 36 
0 514 22 524 4 528 21 522 7 536 44 548 29 518 16 559 29 526 27 570 48 507 47 557 21 519 27 556 12 562 47 510 45 534 15 542 9 516 35 569 49 527 5 546 20 509 27 544 22 517 1 552 11 554 3 
0 564 7 522 7 505 7 525 30 542 26 
0 523 31 533 5 554 14 522 6 516 10 561 36 562 20 539 19 565 47 556 12 546 18 569 19 518 31 564 22 531 16 528 11 
0 536 49 
0 552 9 523 8 554 33 527 38 516 48 535 14 
0 526 32 520 35 524 34 568 1 535 33 556 14 517 13 528 29 565 42 538 21 534 9 545 35 511 9 523 1 510 48 519 33 532 49 562 13 542 32 514 9 555 31 518 44 533 18 509 4 539 3 567 39 
0 516 47 522 29 525 10 539 25 563 26 530 43 567 18 514 7 529 15 542 38 537 39 
0 539 42 552 48 571 13 565 10 564 41 546 21 529 1 563 46 526 40 560 40 556 27 541 32 532 13 554 45 547 42 517 39 518 3 542 33 535 12 569 36 557 10 523 4 522 21 551 17 544 11 562 17 533 9 534 26 
0 523 14 
0 550 17 546 7 527 24 519 19 555 3 564 48 
0 536 49 554 47 514 24 534 36 561 29 530 39 542 49 
0 534 40 525 36 557 24 530 27 567 37 555 5 517 15 526 42 
0 530 40 523 9 517 46 571 29 527 14 
0 528 5 560 33 568 40 517 45 564 14 521 30 571 34 532 15 557 49 523 42 530 17 550 7 518 17 561 5 562 42 520 5 558 46 569 5 522 8 
0 552 4 545 12 523 47 535 7 562 47 564 13 525 14 570 45 
0 555 5 561 31 566 19 519 14 540 19 551 26 567 23 521 25 523 15 522 2 559 3 535 34 528 12 543 3 531 49 569 29 
0 530 44 557 47 538 20 559 8 554 5 
0 533 50 531 14 550 18 563 49 562 11 544 47 526 50 559 33 557 4 532 12 543 5 567 16 525 49 571 35 530 34 554 21 
0 566 38 557 46 569 48 562 46 564 36 546 25 525 30 556 18 547 39 537 42 539 23 561 2 530 47 559 17 542 34 527 8 550 3 526 22 570 42 535 36 545 9 533 24 552 48 524 32 529 1 568 17 551 24 522 32 555 3 528 11 544 20 
0 559 50 542 42 552 42 536 38 553 39 561 33 571 29 525 36 532 30 546 47 568 37 533 41 570 13 541 14 524 2 534 34 528 45 569 45 538 45 529 22 547 34 562 22 
0 529 15 548 34 550 24 554 33 570 16 556 35 551 13 543 5 544 12 567 36 
0 534 24 532 24 546 20 558 18 531 18 526 6 525 26 554 4 544 20 568 25 542 27 552 9 555 22 563 19 543 4 553 13 570 36 557 25 527 38 549 47 529 32 556 7 533 38 559 31 538 9 560 7 565 16 
0 566 35 526 41 539 1 542 21 563 44 553 27 540 24 546 29 568 27 531 6 562 34 528 34 549 45 560 12 556 20 529 47 541 40 569 12 536 4 567 32 543 36 565 37 557 31 561 22 535 33 532 28 554 35 530 17 545 35 534 39 538 47 551 38 
0 553 17 561 7 548 46 533 7 546 33 531 37 568 41 534 36 554 19 527 2 547 23 555 13 557 43 559 30 542 12 564 4 532 13 552 22 570 2 540 39 528 17 530 23 535 7 541 48 544 27 550 27 566 40 558 9 571 21 551 44 563 13 
0 558 12 548 17 562 17 540 29 536 29 552 23 532 10 546 50 530 7 571 25 542 6 566 13 545 1 556 48 565 27 559 6 549 24 570 19 554 8 538 7 567 14 561 21 560 34 529 43 550 16 564 25 534 21 541 46 528 4 535 29 553 49 
0 571 5 566 29 553 27 537 35 559 27 555 20 544 43 535 49 561 11 542 14 532 30 567 22 529 12 552 1 549 6 543 34 547 12 545 19 564 28 554 18 562 18 539 39 568 24 
0 549 35 530 44 565 18 569 19 540 28 567 36 553 29 544 8 532 22 552 30 562 24 551 10 538 25 
0 532 14 537 24 541 8 550 48 539 4 561 25 560 27 571 42 544 22 536 24 534 10 566 14 533 19 570 12 553 20 
0 563 43 540 18 561 45 536 7 551 14 532 6 566 50 546 48 543 1 549 11 567 22 544 9 533 43 558 1 565 46 568 20 555 47 
0 569 4 566 9 544 33 535 44 564 40 546 39 553 7 549 10 555 44 568 38 534 39 539 25 536 37 540 33 537 39 
0 551 43 557 39 546 2 561 33 537 16 540 27 549 11 563 9 565 49 539 47 545 4 547 22 559 11 555 41 538 35 558 32 550 23 534 1 542 48 535 19 564 32 562 10 556 20 543 31 570 19 571 29 536 47 544 47 
0 567 19 
0 562 3 567 49 550 35 564 4 559 9 569 30 544 14 549 17 563 18 545 18 546 14 561 30 554 33 538 7 
0 567 41 537 24 549 26 551 47 545 23 565 42 570 23 556 40 559 8 571 21 538 18 557 9 569 33 563 23 555 36 544 19 554 42 568 22 541 12 562 38 561 8 548 15 543 6 553 46 566 8 564 26 550 40 558 27 542 29 
0 563 15 567 8 539 8 568 13 556 44 555 30 
0 555 4 569 29 547 27 544 45 556 17 567 43 558 46 540 23 563 39 542 8 562 41 559 22 541 12 
0 553 50 552 16 549 33 561 30 544 11 554 5 557 41 559 10 555 24 541 7 570 6 543 33 571 44 540 7 547 17 551 35 568 15 
0 551 5 583 4 547 13 575 37 563 45 544 50 585 16 572 37 592 2 586 46 584 16 553 44 555 37 550 50 566 24 545 8 565 26 571 38 543 49 
0 582 30 546 26 562 14 565 14 
0 574 21 571 3 558 47 581 26 590 4 543 34 
0 581 9 558 43 576 26 554 15 552 25 549 49 555 43 587 9 565 25 
0 568 3 589 46 579 31 581 50 
0 560 34 578 6 587 22 584 47 553 8 557 17 549 19 567 36 588 48 547 7 585 23 582 32 564 12 581 12 574 47 570 19 579 14 572 33 
0 575 1 579 20 
0 578 13 570 5 587 49 553 4 549 50 582 25 574 8 568 43 581 13 591 49 592 11 550 41 590 8 559 47 552 9 561 45 
0 583 48 569 16 588 16 580 2 562 9 560 2 590 30 551 45 549 4 578 20 563 40 587 3 570 27 574 45 564 11 585 21 576 28 
0 558 43 
0 578 1 583 10 568 12 579 21 590 22 564 26 576 43 552 39 557 20 560 3 551 33 575 14 584 6 586 47 587 39 589 24 
0 556 44 576 2 583 20 589 41 563 23 579 34 560 3 569 29 564 44 575 10 587 48 
0 559 36 575 15 578 38 563 26 
0 555 27 562 14 587 21 570 20 568 22 572 12 576 35 581 2 
0 565 49 559 39 566 39 561 31 564 6 576 8 574 34 584 16 563 8 589 36 579 6 581 47 
0 556 31 588 44 582 10 591 13 578 30 585 3 563 28 560 20 559 9 569 26 580 19 571 10 567 9 574 23 562 49 566 42 568 44 581 9 573 9 565 37 
0 570 7 587 31 568 46 562 17 579 26 591 39 580 17 558 24 588 6 590 7 589 15 582 27 581 24 563 36 585 22 583 19 
0 579 32 
0 571 50 580 20 592 8 573 24 586 46 591 26 568 21 570 50 572 26 574 47 576 7 589 34 578 29 583 50 587 40 588 18 
0 585 43 586 36 587 22 574 8 571 10 
0 583 36 591 14 577 24 570 50 563 13 572 14 562 47 567 23 574 44 
0 564 37 567 37 568 3 565 17 577 8 575 43 570 28 585 42 579 25 588 3 
0 566 17 575 41 585 45 568 16 567 22 579 41 563 49 591 49 589 23 580 41 
0 567 34 
0 580 11 573 40 591 7 566 21 587 48 592 4 568 33 577 31 565 39 569 42 581 25 585 17 
0 586 4 581 23 580 28 584 1 
0 585 50 576 35 583 2 587 42 579 45 590 11 586 19 589 27 568 19 581 18 575 26 580 5 584 31 572 11 571 18 567 11 573 36 591 23 574 42 578 27 577 10 
0 588 44 575 34 569 8 572 44 577 21 574 44 573 49 581 30 578 22 586 12 
0 584 1 582 24 575 43 590 12 587 45 570 18 580 8 588 16 586 13 573 26 589 29 581 42 585 42 576 44 
0 580 39 577 43 588 29 570 38 583 47 576 12 589 11 579 45 571 48 586 32 590 21 575 16 578 2 
0 577 32 578 10 591 46 590 8 
0 572 9 577 45 589 10 592 21 584 29 590 3 579 7 580 1 576 18 582 43 581 33 587 40 588 13 586 1 578 31 574 33 573 32 591 22 575 16 583 11 
0 607 33 594 16 614 46 573 49 611 13 579 15 599 35 609 18 588 50 610 39 589 12 608 22 
0 579 35 596 26 584 15 614 44 602 10 
0 582 45 586 2 600 50 577 13 608 1 601 17 575 46 580 9 592 12 614 27 591 19 595 6 585 23 599 9 609 47 589 27 576 45 615 33 602 2 611 3 605 4 613 36 604 22 
0 597 44 
0 585 26 598 23 581 8 599 39 590 4 595 13 593 45 577 31 583 36 589 8 594 22 612 38 592 43 607 26 605 2 580 46 604 10 597 17 606 9 579 29 
0 610 12 580 9 591 10 599 19 593 19 606 1 596 20 603 31 582 13 583 50 600 41 604 10 597 15 
0 600 45 590 41 606 26 587 3 596 30 614 43 599 45 597 12 594 27 
0 585 27 600 8 582 29 586 8 612 26 597 12 614 37 593 22 607 20 587 35 613 26 604 36 588 3 592 3 583 21 589 28 602 5 596 16 608 17 611 38 609 7 581 16 595 44 
0 594 43 605 3 592 39 
0 589 24 603 17 601 16 583 24 590 46 598 15 595 5 
0 596 43 605 14 607 29 601 10 609 3 614 46 584 17 593 26 604 8 591 43 598 46 608 19 611 40 589 32 612 24 585 1 595 32 
0 585 36 598 29 588 4 
0 596 46 585 14 597 15 614 9 590 41 586 44 606 2 608 14 601 28 587 5 593 21 594 9 591 13 592 23 610 46 612 18 615 18 598 45 595 43 
0 608 22 604 7 596 39 591 9 598 21 613 37 589 50 586 19 612 31 595 49 600 34 614 35 610 2 606 37 615 9 594 11 590 27 
0 594 2 597 8 595 44 607 5 603 3 587 13 612 13 589 11 598 26 599 48 
0 593 8 614 46 590 2 601 39 603 50 602 3 598 46 611 19 605 26 609 49 604 36 595 47 610 2 599 15 591 3 
0 604 15 600 23 607 47 597 46 605 33 603 47 606 28 591 34 594 49 596 27 592 20 598 22 613 37 595 12 
0 607 36 610 29 603 48 614 26 
0 598 10 593 38 600 18 606 33 
0 614 10 607 10 596 45 613 12 615 22 594 45 606 25 
0 604 5 603 50 614 25 598 40 613 5 597 45 596 45 602 37 609 31 605 2 
0 595 18 598 20 
0 596 21 614 7 613 50 629 3 599 38 647 22 628 5 612 4 634 6 618 38 637 16 633 48 615 22 597 49 635 49 626 47 607 37 631 37 
0 651 9 638 36 601 46 617 25 598 28 628 41 614 6 600 15 635 10 604 44 623 6 596 18 612 27 616 44 619 11 642 24 620 13 610 47 627 39 629 34 615 6 646 20 613 29 
0 614 38 637 42 615 34 629 30 635 43 617 22 610 18 638 42 623 36 628 13 639 20 600 32 613 12 606 11 608 30 
0 602 28 635 44 599 19 618 2 633 16 610 44 645 38 614 19 623 7 642 34 631 47 619 20 616 29 613 21 609 35 620 40 603 34 632 32 607 25 604 43 639 27 624 44 611 2 648 30 650 4 608 42 
0 644 34 636 50 610 24 620 46 616 39 599 21 613 16 624 13 630 36 604 26 645 29 646 15 607 22 608 37 648 7 628 26 642 8 612 31 637 36 611 28 605 7 649 22 629 31 635 10 632 16 650 44 606 19 622 9 
0 649 39 602 42 611 11 608 22 601 39 647 40 628 14 643 17 627 3 651 15 629 35 619 15 644 33 626 15 639 20 615 35 632 19 609 9 610 19 631 19 650 35 606 50 630 34 633 40 642 20 645 18 607 22 616 30 612 46 624 34 634 15 605 23 
0 641 10 640 11 607 18 642 13 624 32 611 37 631 32 627 41 605 13 634 18 623 50 626 46 636 19 608 43 622 3 619 3 630 32 615 36 638 31 618 46 643 30 650 2 629 47 609 24 651 31 603 47 610 9 621 41 632 23 613 1 648 29 
0 621 2 651 18 640 26 602 7 632 17 619 41 628 4 626 18 635 27 604 23 650 1 610 42 637 42 606 17 623 26 647 6 648 46 615 18 631 38 618 9 642 44 627 24 649 23 607 16 643 10 616 8 605 37 
0 633 33 651 22 618 27 606 29 626 49 624 12 629 46 610 21 631 24 645 34 649 42 630 26 605 40 635 28 627 35 636 10 643 22 614 11 609 42 611 36 
0 648 8 649 22 642 21 615 4 637 3 618 36 643 33 647 22 636 47 
0 611 49 648 7 605 5 606 21 624 4 627 49 621 34 615 49 626 29 
0 651 33 614 5 608 19 639 2 624 16 629 37 615 40 606 26 607 43 621 26 641 5 647 50 616 9 638 20 
0 636 23 620 37 643 38 613 25 641 18 633 25 624 41 647 43 612 14 621 34 639 45 646 39 626 11 609 21 631 32 630 3 645 44 634 3 635 26 640 42 615 39 
0 648 33 621 2 651 37 
0 629 23 630 2 639 18 615 47 609 30 647 40 644 21 616 25 637 30 
0 642 6 635 41 625 12 628 28 610 26 649 34 650 39 643 26 
0 626 2 611 13 628 21 615 6 630 5 622 34 635 3 637 11 613 15 631 19 625 37 627 20 618 48 641 27 643 39 638 42 645 2 633 7 647 23 632 41 649 28 648 42 634 38 639 30 644 21 616 18 651 14 642 50 629 37 617 48 640 2 620 15 619 28 612 26 624 43 
0 634 29 636 12 616 5 620 9 619 11 626 50 645 6 641 5 621 27 647 49 644 2 615 44 630 40 633 17 643 43 623 28 648 20 624 10 637 37 632 20 649 31 613 30 614 28 
0 640 9 615 17 630 10 620 49 643 9 641 20 625 19 646 1 648 31 626 8 614 38 647 39 644 15 621 43 629 10 623 46 642 7 631 29 628 38 624 7 638 24 637 2 650 26 651 38 632 41 
0 616 33 630 27 635 34 651 10 645 37 641 22 633 33 639 42 637 47 648 1 629 11 640 48 631 47 634 30 642 21 
0 639 34 642 35 621 37 648 16 629 23 646 7 644 7 618 39 640 34 
0 642 29 617 17 636 39 640 17 645 43 622 2 625 23 638 42 637 33 634 11 633 8 646 26 620 7 616 40 
0 619 32 617 29 692 33 635 39 637 34 626 34 678 38 647 1 630 23 650 22 675 31 686 10 662 18 643 47 664 40 691 33 620 29 651 26 638 42 623 29 656 22 672 9 624 17 682 17 680 25 628 20 636 44 653 38 
0 655 2 628 24 664 15 626 45 631 19 646 35 639 45 654 38 665 11 642 44 627 19 653 10 671 46 636 47 675 8 635 47 687 33 672 27 625 49 623 45 637 2 652 26 660 34 682 7 669 8 673 11 690 7 643 28 618 8 666 7 629 32 647 44 645 27 633 33 644 22 689 33 640 32 650 49 680 16 641 17 
0 626 41 679 22 628 4 643 1 662 11 646 19 667 15 663 24 629 17 671 21 656 44 684 43 661 50 638 18 657 49 672 10 641 8 621 14 681 47 642 42 669 12 636 41 677 13 645 9 660 4 683 6 666 50 682 48 632 38 686 3 691 18 634 11 655 37 685 42 
0 639 50 620 11 662 49 661 13 668 29 631 1 633 25 
0 624 18 684 26 634 36 691 1 673 39 663 19 688 18 648 43 670 32 669 27 622 32 675 43 666 28 638 37 623 49 682 22 650 22 679 9 689 1 662 21 685 5 621 18 629 17 630 50 633 13 687 12 632 48 654 10 644 36 677 47 641 30 690 38 686 24 668 30 
0 663 50 677 23 627 42 687 23 632 2 682 44 625 29 628 25 680 41 692 31 673 20 631 25 679 36 
0 665 19 633 42 642 33 657 44 681 34 637 12 641 15 675 50 651 4 643 41 648 2 684 5 656 18 629 9 680 9 662 48 654 4 679 46 653 38 659 34 638 42 670 27 650 39 685 43 658 50 666 45 635 42 652 11 686 15 669 28 668 44 640 31 
0 668 36 679 49 691 44 660 23 663 10 685 27 675 25 670 45 647 46 653 43 645 46 643 8 627 27 632 27 626 33 659 9 648 15 673 4 687 26 635 37 683 8 688 50 636 47 624 49 674 44 664 18 
0 660 20 637 18 633 19 680 24 677 35 656 44 682 5 674 47 684 47 673 47 690 46 681 6 686 7 665 46 636 14 635 50 630 43 640 18 661 3 650 9 687 37 
0 640 37 689 39 637 18 660 36 659 43 647 17 684 36 646 15 651 33 672 33 687 43 644 5 692 13 691 6 671 30 685 18 661 50 638 25 654 29 683 38 655 15 639 13 635 45 
0 654 46 691 10 686 22 633 18 658 46 649 21 676 7 661 33 681 45 656 44 659 10 632 13 666 16 685 32 673 5 668 41 640 33 675 34 671 2 651 2 688 31 643 41 664 7 690 29 627 43 646 2 670 15 667 21 660 25 687 31 645 32 665 25 641 11 674 13 653 43 
0 631 23 685 13 672 19 651 48 666 35 683 46 641 41 629 21 653 10 670 5 660 40 690 40 687 17 634 1 650 39 655 13 645 40 688 10 654 36 674 48 
0 676 40 686 50 690 44 659 14 677 6 633 13 658 35 639 12 632 48 
0 630 12 683 43 652 41 646 28 665 50 656 9 644 16 664 31 639 37 657 41 658 2 673 24 648 45 633 25 645 31 692 21 680 42 675 40 691 17 638 12 688 45 677 47 653 15 642 37 660 28 686 30 
0 672 44 685 21 634 5 670 33 648 48 642 40 667 9 674 10 644 4 643 22 650 8 641 4 659 31 638 25 660 12 673 10 675 15 683 9 666 34 653 23 636 43 646 37 686 41 688 19 679 29 692 44 681 35 651 16 669 2 665 45 662 25 658 22 652 20 656 14 655 25 633 13 690 22 687 3 671 33 678 21 657 14 
0 688 33 650 44 673 50 644 19 639 10 687 35 652 50 664 48 647 39 685 39 676 43 661 44 
0 641 19 655 15 656 20 673 16 674 16 665 32 672 43 635 39 662 39 666 19 646 23 691 42 650 31 637 41 677 23 683 47 647 18 681 10 692 24 645 5 658 37 667 45 687 31 
0 643 24 655 13 634 13 676 16 662 1 660 5 687 23 668 24 678 14 661 30 646 42 639 18 686 4 659 23 
0 682 35 643 36 683 12 656 13 636 50 640 10 657 42 659 27 646 8 653 45 652 36 673 31 676 12 660 12 669 45 635 49 689 24 680 24 641 50 644 29 667 44 691 47 672 15 685 40 647 4 678 3 651 6 681 30 662 41 654 19 671 26 645 20 687 15 
0 669 8 689 46 665 12 674 9 670 31 652 36 636 24 637 10 654 18 676 48 638 33 686 21 664 43 677 8 672 16 680 31 666 29 663 13 657 4 685 23 646 24 653 47 687 33 641 42 658 14 645 8 661 11 644 13 642 34 688 38 656 18 
0 660 16 659 34 681 39 670 31 691 14 673 28 676 36 689 2 675 46 680 12 653 12 687 40 638 33 666 33 671 17 661 42 654 22 643 24 644 8 682 23 663 25 668 14 
0 677 8 668 18 656 21 688 14 687 24 690 9 675 34 679 9 643 3 680 7 649 39 691 17 640 35 692 42 648 37 685 7 646 41 
0 676 14 643 42 662 4 673 48 644 45 
0 663 3 678 2 641 30 
0 641 14 663 26 682 37 654 14 653 5 642 17 662 19 681 30 672 43 689 24 673 33 688 37 
0 690 42 676 14 642 49 675 4 649 48 644 18 647 39 654 9 663 41 687 8 682 39 650 23 691 24 680 12 673 15 668 1 664 15 652 4 666 2 645 50 660 30 688 3 685 4 667 5 678 15 646 15 662 27 689 4 655 10 657 22 670 26 
0 651 12 
0 654 1 691 30 660 39 652 37 648 50 646 42 683 6 689 22 663 39 676 25 687 42 674 12 650 10 658 36 673 30 677 13 657 18 667 6 656 19 664 20 662 48 682 37 671 4 690 17 685 38 669 38 
0 658 33 687 4 682 11 684 29 650 39 665 28 677 19 654 43 686 14 668 26 661 43 681 12 691 48 671 37 659 17 646 20 647 31 656 40 663 37 651 14 692 43 678 25 652 39 688 2 680 49 660 18 685 7 674 16 653 7 676 18 
0 686 12 648 27 656 39 650 42 659 31 666 47 677 14 680 50 687 16 668 14 684 10 692 25 671 4 652 29 657 4 655 19 646 18 667 11 670 4 690 28 647 17 682 29 663 39 688 15 662 4 673 4 672 34 
0 667 2 663 14 675 35 660 16 690 34 686 25 679 50 658 41 691 38 657 19 680 17 659 13 666 40 688 30 683 1 674 1 648 46 670 33 655 28 647 12 673 12 682 35 671 4 672 42 685 25 668 5 652 7 692 21 684 42 654 11 651 5 
0 670 50 664 33 681 6 661 7 662 48 651 42 650 40 685 32 677 7 657 43 691 21 653 3 678 27 682 3 652 5 673 5 656 42 674 36 658 21 654 47 692 40 668 47 684 16 679 3 686 12 667 18 671 23 660 9 669 36 683 42 690 40 676 6 680 35 665 22 
0 665 32 692 9 662 18 690 43 688 17 684 19 687 2 682 32 677 13 675 46 681 32 669 18 659 38 651 2 691 17 679 46 668 13 674 47 667 23 656 9 672 33 685 47 676 49 652 24 
0 679 13 
0 667 20 653 43 691 13 688 30 672 33 666 22 685 46 682 12 671 12 690 16 654 6 673 27 684 44 676 24 656 14 652 16 657 30 659 48 668 11 686 1 687 3 
0 689 17 
0 702 34 714 34 685 30 
0 661 31 672 49 666 9 713 29 681 24 697 34 659 6 700 10 660 15 657 15 703 12 670 19 
0 711 22 709 14 672 15 660 36 705 7 678 37 674 27 685 40 655 48 694 6 692 38 684 27 710 23 662 17 663 25 656 39 704 1 698 32 669 17 707 26 682 46 
0 693 5 681 15 695 21 662 19 687 3 703 6 706 34 671 26 701 23 676 24 691 42 704 22 686 4 675 7 710 19 668 42 
0 680 12 677 11 695 16 685 1 708 14 663 15 697 30 687 14 664 16 699 33 713 42 690 48 669 1 683 14 703 28 658 18 692 48 688 8 715 49 711 5 714 31 
0 694 24 692 48 666 25 709 48 681 11 713 39 
0 663 2 708 16 661 37 
0 669 1 675 14 706 21 664 27 677 11 699 44 695 1 698 11 660 41 685 16 703 5 680 15 667 12 711 40 700 30 666 8 710 34 
0 662 2 688 24 672 15 671 28 677 44 661 10 697 2 699 33 702 14 698 46 686 29 687 1 680 4 679 1 663 15 695 42 669 50 696 10 670 16 701 13 684 45 712 2 
0 684 47 693 5 672 49 701 49 692 34 679 3 705 40 686 45 663 39 667 33 664 27 662 23 707 42 689 50 676 32 674 45 
0 715 33 669 12 707 23 696 27 712 7 684 50 
0 697 34 668 4 686 28 
0 693 27 703 25 682 50 669 37 707 18 677 50 686 50 704 37 667 49 
0 699 7 700 35 671 13 684 8 681 1 702 1 689 13 686 48 683 23 670 50 667 37 672 14 
0 693 15 690 15 679 24 695 26 704 21 711 2 700 22 673 27 691 6 678 13 670 2 694 3 714 25 701 12 680 31 710 22 699 23 
0 681 43 705 13 691 41 677 11 
0 706 6 704 46 696 46 677 20 705 7 685 20 710 50 695 18 
0 670 42 686 6 676 2 687 2 695 36 674 31 706 5 698 40 697 24 671 14 677 5 696 37 672 44 707 20 713 2 683 8 673 31 708 3 704 12 711 45 
0 707 49 706 26 695 46 
0 715 22 703 22 677 40 685 47 710 5 698 10 692 19 
0 682 43 695 29 680 44 688 37 692 39 704 29 674 34 712 25 713 24 711 9 673 42 686 22 693 31 690 24 694 21 708 49 698 13 683 43 705 8 678 44 714 27 679 9 699 3 
0 695 7 675 13 689 40 676 46 
0 699 2 712 47 698 4 675 29 687 42 680 26 710 3 690 34 693 25 678 43 683 41 
0 702 6 694 29 
0 711 37 680 29 683 19 713 17 687 4 714 17 694 39 695 45 704 38 685 31 677 18 707 26 689 45 706 31 679 25 693 47 681 34 703 18 690 34 699 14 715 41 
0 694 16 697 9 700 13 692 46 708 27 687 42 704 36 707 48 706 3 686 6 695 50 709 46 680 12 701 16 685 13 678 50 710 41 
0 708 49 682 27 679 6 684 30 715 33 693 19 698 18 706 9 714 13 704 47 695 26 697 49 692 48 711 34 
0 701 12 699 33 693 20 696 8 688 3 690 14 689 46 685 1 712 37 713 16 
0 682 15 702 34 
0 715 31 691 43 695 15 708 18 686 32 714 33 690 39 706 35 710 8 700 24 712 41 702 10 713 14 707 21 701 21 685 47 
0 695 40 704 42 693 49 684 27 686 23 683 24 711 28 690 33 701 29 706 15 698 25 
0 694 47 695 16 709 7 693 5 703 29 691 15 686 46 687 29 701 17 689 25 692 34 708 12 707 41 699 47 
0 715 3 
0 707 6 701 46 690 12 699 32 698 30 695 41 715 39 
0 715 23 711 5 688 45 714 8 706 46 687 18 713 23 697 10 702 36 705 22 700 44 710 32 693 38 698 43 701 25 691 9 689 17 
0 702 27 715 27 713 12 703 40 700 26 704 38 694 19 
0 698 20 689 26 708 49 702 42 703 25 697 17 705 6 710 2 704 13 696 25 692 5 695 23 694 8 706 22 713 43 707 33 699 3 701 44 712 21 690 23 711 4 
0 713 27 705 47 704 31 695 34 699 28 711 8 696 20 715 24 708 45 
0 710 20 698 33 695 7 706 2 714 26 705 33 691 13 694 8 699 39 703 9 715 30 700 39 711 44 692 39 
0 702 14 707 19 709 15 711 18 712 8 699 42 713 28 693 46 706 16 695 28 704 1 698 39 701 47 
0 708 18 714 26 695 45 715 2 705 45 703 31 
0 702 39 705 6 697 5 
0 720 28 708 1 706 25 712 48 728 40 
0 699 17 707 39 724 49 714 14 721 41 728 34 700 47 705 33 727 44 
0 730 42 704 23 732 17 706 22 734 29 733 31 711 12 
0 736 13 704 5 701 20 724 50 711 36 720 8 735 49 734 9 707 3 
0 736 26 712 29 720 31 722 17 708 4 730 7 704 12 718 3 726 29 719 36 699 13 731 48 729 2 725 28 703 1 716 30 734 2 714 8 706 14 
0 701 36 730 27 715 23 713 3 732 35 735 46 714 47 721 30 722 22 733 13 708 20 711 26 707 18 
0 725 11 729 40 719 8 717 43 705 12 736 30 731 21 702 50 715 29 730 6 707 37 718 39 703 16 708 32 732 42 
0 714 26 703 5 716 36 725 11 730 19 718 30 722 15 728 35 707 42 729 36 702 42 
0 733 29 718 22 710 24 706 11 728 45 707 21 719 33 723 48 717 29 736 10 729 41 731 23 730 45 725 34 703 31 711 12 716 7 704 49 735 39 708 4 
0 734 35 735 31 721 1 720 32 713 13 722 23 709 11 715 48 732 46 731 22 719 25 706 30 736 2 711 16 
0 712 48 719 25 737 45 711 50 713 33 709 43 716 49 714 3 726 36 710 11 732 46 705 23 730 34 723 48 
0 736 10 710 6 723 27 729 8 727 41 715 29 728 49 712 38 713 27 721 12 707 31 720 12 716 12 711 13 737 47 719 1 709 50 718 29 732 33 722 32 
0 723 27 728 25 709 36 
0 731 29 715 19 734 46 717 40 723 37 712 6 710 36 732 7 733 48 729 40 726 10 713 46 720 23 709 26 721 23 730 35 725 49 
0 719 14 727 40 717 34 716 29 729 17 
0 713 26 734 11 733 12 725 32 
0 729 5 
0 713 18 731 21 719 38 723 31 720 47 712 39 730 19 716 15 
0 718 43 730 18 724 22 716 7 721 29 722 32 734 27 
0 730 47 731 50 736 35 725 42 724 43 723 43 718 6 726 40 715 9 727 49 729 4 717 30 737 44 733 17 714 32 735 6 720 50 728 8 732 32 716 19 722 38 
0 727 11 725 28 734 27 730 34 718 9 715 15 729 49 731 8 717 48 724 15 737 17 723 25 721 43 719 12 733 6 
0 730 15 737 35 724 33 725 29 732 46 733 7 735 7 734 18 718 15 716 16 
0 738 5 728 8 719 49 733 17 726 31 727 24 730 47 718 6 746 25 734 49 
0 727 21 724 26 
0 746 6 741 34 719 49 728 16 734 32 732 2 
0 738 33 729 41 733 45 739 5 743 39 725 11 727 2 747 23 724 29 
0 724 29 737 36 729 19 733 38 727 20 
0 739 12 735 16 747 23 728 25 733 43 730 5 740 22 
0 741 31 732 12 727 1 
0 738 35 742 40 747 39 732 46 745 14 725 39 729 3 731 25 730 1 
0 736 22 739 22 741 42 746 7 728 46 726 2 725 4 742 48 730 47 748 6 
0 728 30 730 36 736 49 735 31 
0 732 25 731 22 738 38 729 48 
0 733 3 742 2 736 34 746 16 735 20 744 20 740 45 748 41 745 1 739 38 743 12 
0 738 32 734 8 
0 731 14 739 42 730 33 736 40 737 37 743 17 746 30 
0 745 32 736 4 732 17 
0 736 33 734 33 733 36 746 31 747 9 740 48 738 4 743 14 744 43 741 26 
0 734 11 748 12 741 38 742 50 737 3 745 20 740 38 747 9 736 37 744 31 
0 744 32 738 15 742 34 748 41 745 44 734 34 746 41 741 17 
0 744 26 
0 747 34 738 26 
0 746 8 742 39 747 19 738 28 748 34 745 49 737 32 
0 748 20 740 40 
0 743 25 
0 748 47 
0 744 20 
0 743 14 
0 746 41 
0 747 24 
0 749 23 
0 747 6 
0 747 27 
0 749 5 
0 749 11 
7
