3 43 2 45 11 39 7 8 9 44 5 31 8 45 10 11 4 5 
5 35 2 48 10 17 11 21 19 45 9 30 21 38 
11 34 22 50 4 23 8 17 
19 46 21 29 4 12 15 37 9 20 16 3 7 36 10 35 
12 2 9 24 13 39 19 35 18 33 5 21 21 18 20 38 22 9 
17 30 22 34 19 2 16 30 6 12 9 38 12 27 
12 13 19 30 14 2 8 31 
14 18 16 50 10 47 9 15 11 42 23 32 20 16 15 32 
13 13 12 9 15 27 19 38 10 9 16 38 22 24 
15 38 19 41 14 14 21 5 17 24 18 17 16 32 12 23 22 37 
22 16 19 11 18 9 17 44 13 7 21 47 
12 3 16 39 20 40 14 43 18 24 19 42 15 6 21 3 17 27 
20 41 16 44 15 28 23 9 17 3 18 3 
17 44 14 1 15 6 18 36 21 27 19 25 
19 17 22 35 20 11 16 22 18 1 
21 3 23 27 28 44 26 40 32 23 18 35 33 21 29 44 30 21 35 13 
17 37 18 8 27 30 24 4 29 10 
20 8 26 19 35 42 32 21 23 29 18 32 31 46 29 33 25 6 34 38 19 12 24 23 
31 39 34 19 
34 43 25 49 30 42 20 37 33 45 22 31 32 28 26 32 27 24 
31 37 27 16 36 15 28 11 30 29 29 28 24 19 33 6 22 10 34 22 
26 31 25 44 30 31 
36 34 30 9 28 48 34 2 26 42 31 44 33 20 29 8 24 40 35 11 27 6 
34 33 
34 30 44 47 31 17 28 23 42 9 35 23 27 41 
38 21 30 19 46 29 27 5 36 17 28 7 26 2 37 28 34 41 
46 50 44 2 
31 34 29 44 45 47 42 26 
35 35 46 12 
42 20 43 46 
37 49 35 10 34 20 41 21 42 4 40 34 
33 41 44 9 43 9 46 1 42 8 35 35 32 32 38 41 41 50 37 13 
36 34 45 32 35 30 37 44 43 40 38 49 
38 9 46 31 34 2 36 48 44 43 40 41 41 15 43 35 37 22 
40 13 46 36 41 26 37 10 42 2 45 45 36 44 35 11 
41 6 39 11 42 42 44 14 38 46 45 42 46 4 37 40 43 47 
46 18 39 17 
60 49 47 31 42 47 43 42 61 7 41 37 
48 29 44 42 58 18 42 17 51 3 39 17 43 33 40 39 46 29 53 48 47 42 50 5 57 28 59 30 
41 23 48 29 45 5 59 26 53 50 54 30 51 27 42 46 57 21 44 3 61 7 46 3 60 5 49 47 
57 41 59 22 55 23 45 12 54 9 
51 11 43 31 60 39 58 23 46 27 53 36 54 31 57 27 59 48 50 12 
49 34 43 42 58 43 56 33 
53 13 52 44 49 33 51 20 
57 23 52 19 60 46 56 33 61 49 53 30 58 16 54 33 45 2 51 29 50 32 55 42 
50 40 47 23 59 30 61 24 46 5 48 11 49 16 55 31 
52 13 55 15 60 9 59 10 56 15 51 47 57 6 50 30 49 16 48 34 53 12 61 37 47 3 54 4 
62 10 49 42 76 39 74 5 70 41 65 9 51 21 68 49 48 36 60 37 73 37 52 48 
73 2 54 18 
76 11 
63 20 68 3 58 19 53 20 64 47 75 23 59 33 
58 16 72 50 53 45 74 1 75 36 60 9 57 47 70 1 68 21 
63 47 76 38 66 26 54 40 75 19 64 16 53 29 60 18 57 13 56 33 70 25 72 43 62 16 67 32 
71 19 59 42 56 46 72 1 
65 16 57 5 61 8 74 40 72 4 67 29 58 35 59 31 64 48 
58 41 63 4 60 30 75 20 59 12 68 19 62 45 57 40 72 26 65 6 
74 40 62 9 75 13 66 47 67 3 63 20 70 17 
76 43 58 8 75 5 66 47 71 49 70 34 69 45 68 24 65 33 72 40 64 34 62 10 61 13 
76 6 64 1 65 10 74 11 60 16 71 49 62 43 72 15 69 3 75 42 73 22 61 35 
74 34 67 37 
62 46 68 35 73 17 67 10 74 15 75 8 69 8 61 28 64 22 66 3 
75 37 72 35 
64 21 70 48 
90 32 72 26 79 38 68 23 93 24 66 17 89 36 88 9 74 6 67 12 92 1 
74 25 79 26 70 35 71 6 73 10 69 2 88 34 86 50 78 30 75 23 82 48 
67 32 87 43 73 35 78 9 83 40 
83 24 74 5 68 49 90 34 77 22 
85 46 69 18 86 22 87 25 78 35 70 38 90 33 75 24 73 30 77 32 79 2 
71 25 85 50 90 17 88 3 83 17 70 46 
70 34 85 29 86 48 83 13 80 49 75 36 72 47 81 24 84 26 87 30 91 17 88 50 89 16 71 4 76 42 92 39 
80 5 91 14 90 40 83 13 86 10 85 40 87 21 75 28 92 40 88 38 
77 6 89 28 73 49 76 38 74 14 82 32 72 35 75 26 
81 15 73 32 90 37 75 42 84 40 87 13 85 42 
76 42 85 10 90 24 78 25 89 30 80 42 92 12 91 10 88 42 74 31 
85 6 75 36 84 41 83 28 89 3 
79 31 92 31 86 40 85 41 81 4 78 21 87 18 91 13 90 5 83 24 80 7 84 16 89 21 93 42 77 5 76 4 82 42 
81 28 87 1 
85 12 90 11 79 14 
88 32 94 28 
97 16 83 34 95 25 87 30 82 34 
95 20 97 34 85 1 87 24 
92 34 88 7 83 31 93 8 
89 23 96 18 87 29 86 18 98 30 
86 36 85 18 93 37 
86 10 94 16 93 4 88 31 91 6 
92 9 
92 37 
93 47 
97 14 94 3 92 47 91 20 98 38 
97 44 90 24 
94 17 96 29 98 42 93 39 
93 2 
96 43 98 37 94 50 95 38 
97 26 
96 36 
97 9 
98 37 
99 26 
99 3 

