16 35 5 25 12 5 11 27 1 2 7 36 8 44 19 15 2 11 20 41 6 50 18 18 21 22 3 2 4 43 10 22 15 41 14 34 17 26 9 39 13 43 
28 18 19 22 35 44 9 16 23 2 14 43 12 28 4 31 29 34 
9 38 14 25 3 5 13 1 10 49 23 19 27 18 12 10 42 36 41 22 20 23 11 50 7 27 26 6 30 24 15 8 8 17 35 31 16 50 38 21 25 1 34 24 
37 46 
20 47 14 18 15 45 27 7 
12 32 25 18 31 45 40 44 32 34 10 6 41 34 36 23 16 33 18 4 21 1 37 30 29 20 26 49 
40 27 15 11 13 11 19 33 37 1 
19 16 10 10 28 18 39 9 12 13 17 23 33 49 14 10 
22 8 43 48 9 46 32 10 29 15 40 17 21 33 13 12 23 47 
14 20 26 2 25 5 38 24 39 23 19 9 13 32 11 48 21 25 36 27 17 15 35 22 32 40 
29 6 24 24 38 8 41 27 
30 50 19 46 31 47 32 29 17 24 22 44 24 20 28 41 42 6 39 50 27 35 43 19 26 48 12 49 29 28 33 20 23 36 16 17 
19 3 
18 9 
36 22 37 22 32 44 34 21 
20 13 35 39 42 46 26 18 39 44 31 13 30 19 32 17 
32 27 35 50 33 40 23 49 43 13 37 24 
37 13 41 8 20 20 22 10 34 6 25 33 23 28 26 31 43 10 42 28 33 39 35 22 24 14 28 9 30 19 
33 35 43 7 39 44 30 38 19 38 35 27 21 47 25 39 
35 3 31 5 29 5 34 29 26 48 40 6 21 37 43 2 36 30 20 4 27 38 30 8 38 14 24 46 22 29 23 33 25 47 32 12 41 43 28 38 
29 20 
35 32 23 39 43 49 41 34 27 43 24 12 32 45 38 30 42 36 
27 47 26 43 53 12 55 4 
33 7 45 33 55 41 29 10 25 49 64 26 42 1 32 50 54 39 56 32 26 26 36 23 58 21 63 14 52 35 65 4 43 36 
33 49 53 17 45 2 29 2 42 48 44 43 34 30 49 4 25 33 35 21 52 6 43 7 40 2 31 8 55 19 65 21 37 20 61 48 57 11 41 28 27 33 26 2 
50 44 53 1 28 40 56 4 57 43 33 32 47 4 35 13 45 32 60 26 49 19 58 27 54 37 43 20 
53 6 57 30 40 23 47 29 49 32 36 14 34 36 55 46 38 28 41 32 
41 36 49 40 30 23 50 44 43 19 44 18 63 8 62 20 57 4 
52 17 39 34 51 37 64 42 40 24 31 12 44 40 63 48 37 19 34 40 42 26 36 43 
38 11 
32 25 41 34 56 19 40 30 35 21 49 8 48 9 33 29 65 22 63 9 
44 36 60 33 48 31 46 44 49 19 
58 37 35 19 39 44 59 13 48 48 33 14 
45 42 59 37 51 14 44 32 41 25 58 20 40 11 64 33 34 44 63 42 57 35 54 4 38 39 50 47 47 37 65 42 42 39 
41 22 51 28 37 25 56 49 40 20 53 6 38 49 
61 35 49 29 51 24 56 32 52 19 39 24 55 44 37 17 59 22 40 23 54 13 38 36 47 4 48 47 36 22 60 33 42 22 62 9 50 21 63 5 58 50 
50 40 54 38 49 42 48 23 38 28 65 42 59 22 40 19 62 31 53 35 42 24 64 40 51 19 58 42 44 23 46 46 
49 22 51 47 50 48 44 35 47 6 60 14 61 44 
53 13 61 27 55 18 42 11 59 11 50 3 58 34 
48 7 61 41 63 45 54 50 57 31 43 4 65 36 47 34 45 49 55 44 53 44 40 45 56 22 49 3 41 33 44 36 
47 17 63 26 55 23 45 13 48 20 54 4 43 49 46 9 58 37 57 38 42 40 50 24 52 22 61 14 60 43 41 13 
54 6 50 34 61 4 53 27 42 24 45 12 65 18 59 25 51 26 49 20 62 34 64 38 57 11 58 23 46 28 55 20 44 3 56 16 
51 35 56 45 47 32 54 36 45 50 46 37 62 30 57 49 58 3 65 50 43 3 48 40 55 47 59 28 50 20 52 50 49 31 61 10 
60 49 62 22 47 10 
56 26 50 16 89 36 85 43 93 43 97 19 83 42 77 27 88 50 84 4 51 40 79 44 69 33 73 40 71 37 55 33 95 1 52 40 
97 32 84 25 81 28 70 16 50 11 48 3 92 44 68 32 82 33 53 3 67 38 85 29 89 29 87 3 88 48 52 9 51 24 47 2 57 10 
78 15 60 3 63 14 76 41 77 43 65 40 64 23 50 5 81 50 75 39 87 45 90 31 92 19 96 28 51 18 74 50 72 42 88 7 70 21 82 21 52 22 97 44 47 29 91 40 83 43 68 18 85 49 58 16 84 49 94 49 
59 19 93 34 92 11 53 18 64 49 83 47 72 26 66 40 91 41 85 11 52 32 69 3 79 12 94 24 61 42 56 8 74 23 
55 19 56 42 59 8 80 36 49 18 79 5 58 29 89 27 84 40 
89 15 61 49 69 39 96 37 63 27 67 45 73 21 54 45 78 24 55 20 75 50 53 27 82 24 97 11 93 43 86 22 59 48 57 48 64 25 60 37 85 12 71 28 94 15 
69 14 73 8 57 14 72 24 76 21 54 45 79 5 66 36 94 41 91 39 51 25 68 44 74 36 55 19 52 37 84 1 60 21 86 31 89 28 97 32 83 13 64 28 80 18 
97 13 82 43 83 33 93 43 55 39 52 19 
55 1 86 44 85 12 96 11 66 31 57 48 78 28 89 45 58 9 53 15 54 7 62 1 75 46 87 15 80 13 82 49 
95 23 82 33 59 22 87 45 78 44 58 46 66 30 83 23 76 31 90 27 68 37 80 11 79 41 85 24 57 13 86 45 65 6 61 44 55 9 91 13 97 37 73 25 93 44 64 21 74 16 70 6 
84 30 60 41 73 20 95 21 79 35 75 20 66 44 91 42 76 50 61 43 56 10 69 47 92 47 85 25 63 7 72 35 59 34 88 3 65 45 77 47 89 9 
93 30 84 22 57 45 92 14 85 3 74 47 82 10 75 19 71 4 62 10 91 4 79 44 67 48 90 15 64 9 73 46 72 4 58 11 60 5 59 46 80 32 88 43 63 28 
87 35 74 3 71 49 97 48 61 32 80 13 63 15 58 25 92 31 95 32 68 24 70 25 94 33 83 17 
85 50 71 41 
86 24 78 44 88 34 85 29 94 9 
67 42 
89 18 81 19 82 19 73 15 77 20 93 2 64 44 78 20 75 17 96 19 61 24 74 2 83 26 97 38 76 3 67 23 66 41 91 34 
78 17 81 14 71 37 74 11 83 33 68 48 82 50 90 32 
73 10 91 43 67 17 84 37 94 27 80 7 88 42 96 36 68 43 66 46 86 27 76 35 81 30 79 7 77 19 75 43 83 22 85 38 82 11 
80 5 81 28 69 30 77 46 83 24 70 19 72 46 86 11 85 39 97 47 65 18 67 9 76 50 90 45 64 14 92 25 88 40 94 31 87 43 75 3 93 25 
68 25 79 40 82 3 70 15 87 13 73 28 88 33 75 43 
93 35 79 42 97 20 90 49 82 21 69 17 76 20 83 10 75 12 80 43 87 10 95 4 88 6 66 2 67 27 70 11 74 28 86 43 68 37 71 32 
111 41 114 42 90 39 109 26 93 43 88 18 70 42 87 47 99 33 110 27 80 24 75 18 107 11 76 43 113 31 91 1 
115 41 70 27 82 15 79 49 95 42 
112 27 87 7 91 35 77 43 97 23 73 19 103 48 76 17 70 6 95 34 79 8 86 8 74 33 90 29 71 6 
102 31 96 27 72 48 82 21 78 19 84 12 90 2 95 30 104 27 74 50 114 34 87 44 103 50 85 30 80 2 
71 24 92 8 96 25 108 35 
114 49 81 16 111 47 105 10 91 25 107 47 113 42 
98 41 82 15 108 2 104 32 94 10 97 36 95 50 102 27 106 29 
81 26 76 19 93 4 104 9 95 8 105 32 110 37 
109 36 77 3 91 29 79 7 100 39 78 18 82 46 95 31 111 36 76 34 
87 43 
107 4 89 9 79 7 88 29 103 45 111 16 98 8 85 21 
111 38 104 30 112 17 95 44 108 38 99 30 
88 50 89 30 92 27 104 3 107 23 111 8 91 29 85 4 106 49 108 17 110 5 100 40 99 13 79 14 84 32 112 6 109 21 81 43 
100 44 106 38 105 23 109 30 104 25 86 2 113 43 93 27 108 3 110 25 114 35 
112 42 91 42 99 50 103 39 85 15 96 28 114 29 104 16 
90 19 107 23 103 17 86 32 82 32 83 30 87 1 110 5 97 47 92 50 106 10 101 40 102 43 104 17 111 2 112 25 114 4 
109 6 101 30 114 26 
108 13 91 8 113 12 104 14 96 10 
97 45 89 20 
87 36 88 26 105 28 109 35 100 25 98 3 113 3 90 31 95 40 107 44 96 20 92 25 86 31 110 6 112 46 111 20 103 18 
111 50 109 35 108 39 100 34 
94 40 91 15 92 25 89 1 108 31 99 22 93 30 90 9 103 19 105 33 109 29 96 19 106 27 102 33 115 11 101 34 107 36 
93 37 110 25 94 9 108 15 91 39 109 39 111 45 103 6 107 10 105 25 92 42 90 27 96 4 100 4 
93 13 103 34 
91 18 104 29 111 41 101 44 115 25 110 22 113 9 103 29 97 29 100 8 106 14 98 28 109 21 95 49 93 22 114 33 
96 23 100 37 109 18 108 22 107 5 106 21 92 16 104 43 115 31 101 26 111 48 110 25 97 15 112 50 93 5 99 15 98 14 103 38 
112 43 110 29 104 47 100 39 115 29 93 12 114 18 103 35 
99 49 96 13 
114 16 99 47 100 23 96 36 113 28 
97 7 111 36 100 18 98 25 102 16 114 50 99 33 104 32 108 12 113 21 105 6 107 33 
99 41 103 23 114 46 111 11 108 28 
105 27 98 6 
106 2 114 2 129 15 138 38 124 29 101 17 121 18 116 3 118 26 117 41 
137 1 127 30 133 18 115 41 122 37 141 26 116 22 114 46 107 3 
106 22 141 43 131 41 136 2 132 28 
130 29 126 16 139 20 127 13 135 10 110 19 119 7 138 23 140 35 137 29 121 1 133 27 111 39 117 16 118 28 104 45 
128 18 133 50 122 15 130 17 125 28 123 26 104 18 119 21 105 22 138 32 132 25 
106 9 135 21 113 48 115 50 133 18 139 49 112 21 136 48 129 33 125 25 118 31 141 40 137 13 124 22 128 24 121 11 116 25 
122 42 108 22 110 48 138 6 129 41 128 37 135 36 125 33 107 36 121 50 126 9 113 10 119 9 141 48 111 50 132 6 136 6 106 49 114 41 
134 28 111 9 132 36 119 18 117 4 128 23 136 19 112 18 106 12 131 12 125 17 110 23 140 17 130 39 114 37 124 44 107 24 139 32 108 27 121 36 120 34 133 42 
113 16 127 47 108 43 120 22 123 19 
110 12 115 48 142 50 111 8 133 25 121 20 129 46 122 25 127 28 
110 44 115 30 131 39 132 34 122 44 133 5 118 9 114 39 137 49 
136 19 116 26 111 33 141 33 138 26 128 39 123 3 
140 24 131 19 116 11 142 40 120 46 125 33 134 22 114 42 130 23 138 42 132 9 139 5 
112 45 124 14 135 50 120 40 130 32 133 23 140 44 
120 11 132 7 130 11 118 30 139 7 114 36 128 46 113 38 138 37 126 11 140 13 124 49 117 15 129 19 122 42 119 5 141 50 142 40 
114 23 125 44 129 33 132 21 140 25 142 12 137 30 134 23 122 14 116 46 138 20 121 30 133 39 
120 17 136 33 124 10 133 46 126 38 139 1 115 6 125 13 123 48 141 36 116 16 140 28 118 16 117 42 138 8 130 45 127 40 135 36 128 40 142 33 
120 30 124 43 127 26 129 20 131 24 134 14 139 14 118 42 126 47 135 7 142 48 
144 45 145 34 126 38 155 16 121 38 
156 9 151 11 150 31 138 12 155 41 149 23 129 20 128 42 122 16 119 13 126 28 137 14 148 1 123 5 143 36 
134 46 123 40 121 46 159 15 
155 23 131 14 
144 29 131 41 135 25 127 2 160 31 132 12 139 26 136 14 125 11 
133 33 134 26 146 16 159 21 139 36 122 21 
146 12 125 2 128 45 153 10 124 22 
142 27 151 32 128 15 156 49 129 29 132 47 136 18 157 35 126 12 134 43 139 7 138 23 152 46 137 44 
151 27 153 29 155 18 138 16 154 24 140 46 145 29 125 23 159 38 142 23 147 9 158 29 
156 36 130 47 145 32 147 29 131 8 128 31 
130 26 160 3 131 2 139 39 128 29 157 43 133 23 147 17 150 41 134 40 148 21 159 41 143 21 144 25 135 1 
156 7 135 47 134 45 143 9 133 15 147 31 128 2 141 40 158 28 155 25 
158 17 133 11 145 7 143 43 135 20 148 23 156 42 152 27 146 9 157 25 144 31 130 35 151 32 149 19 
145 31 132 23 158 50 151 14 136 21 140 40 156 8 159 36 138 42 139 25 130 35 142 24 
152 44 157 28 136 4 150 19 144 48 132 2 160 13 142 42 135 27 138 31 140 21 151 10 155 34 159 31 137 28 131 42 147 34 134 46 
143 37 135 3 141 9 145 42 150 47 151 39 153 40 137 24 133 4 
147 4 144 25 141 49 148 35 139 9 151 23 159 20 153 8 140 44 142 4 146 44 
157 35 151 10 146 46 147 2 154 27 144 50 152 10 137 30 135 34 138 32 136 14 134 10 141 3 139 6 
155 15 145 28 148 47 137 15 142 18 136 25 139 3 156 21 147 20 157 1 144 36 153 4 
146 41 139 27 158 20 154 3 145 17 141 24 155 50 152 19 150 19 142 12 157 26 140 44 136 4 138 21 159 6 153 1 
158 33 154 30 140 28 147 23 142 7 
152 34 159 14 154 19 143 14 156 25 144 26 139 1 151 39 147 31 
158 12 153 14 146 29 156 20 159 5 152 13 143 6 145 10 157 47 155 31 154 14 151 23 
152 13 159 7 142 2 147 45 143 5 158 25 
150 12 144 5 147 39 145 29 151 31 159 1 142 32 156 41 149 31 157 5 143 36 153 24 155 17 160 30 
144 20 145 28 149 48 159 43 147 29 151 27 156 32 157 2 143 22 153 45 158 25 154 33 155 48 160 28 
146 49 152 38 160 32 
174 20 171 16 148 30 163 45 169 27 154 43 166 45 172 43 152 18 170 46 158 23 167 21 155 34 
150 46 174 29 166 22 149 8 148 23 164 31 170 31 159 7 168 36 154 8 
147 32 151 8 155 26 173 13 149 45 162 25 161 24 152 47 175 26 168 8 170 49 158 14 156 21 177 46 150 6 174 41 166 8 
152 10 177 45 
160 43 177 19 155 19 148 18 161 26 158 4 173 38 
156 19 168 34 167 36 155 36 171 32 162 7 174 45 153 17 
165 29 162 39 169 35 153 1 158 42 155 32 172 14 156 25 170 2 173 6 151 3 174 16 175 35 176 26 154 50 160 28 171 23 
152 5 163 49 168 40 165 14 171 48 177 50 160 32 156 34 164 43 166 36 151 10 167 15 
165 42 157 44 167 19 159 34 168 12 152 38 156 9 163 15 171 43 
171 27 161 11 154 46 157 11 170 19 166 12 174 7 160 17 159 16 172 41 173 49 155 15 164 13 176 21 177 16 
158 10 163 40 164 37 159 43 
164 8 161 9 169 11 162 48 173 7 170 4 156 27 172 49 
174 30 162 25 160 29 170 39 158 30 
177 19 171 10 176 42 158 33 175 41 174 3 163 28 172 25 157 39 173 12 161 42 162 25 165 9 164 42 
177 26 159 50 163 34 160 9 166 8 162 30 
169 44 165 10 174 27 160 2 172 17 163 37 171 49 167 50 164 48 170 45 176 50 161 8 173 37 168 1 
169 10 162 30 172 2 177 49 166 11 160 16 168 13 167 6 163 17 
174 27 171 49 163 49 167 36 165 33 169 43 166 4 162 37 161 38 172 50 177 14 173 14 175 23 168 5 164 46 176 15 
199 2 200 48 179 25 176 5 162 13 181 27 165 24 167 26 178 33 171 27 191 36 192 10 186 14 189 1 184 23 193 50 188 16 190 28 169 6 201 32 166 13 177 15 198 11 185 23 
178 17 195 9 176 36 200 24 185 3 189 32 192 48 182 35 184 19 168 30 165 15 166 44 175 4 174 7 187 39 171 48 188 46 173 12 167 48 179 3 
174 20 167 40 170 35 166 21 176 27 169 14 196 50 186 20 181 18 197 32 165 39 180 6 202 8 
197 30 184 16 186 18 170 9 200 22 189 11 175 18 165 35 202 26 168 6 194 50 178 18 169 3 183 50 198 12 187 4 
199 14 187 16 170 35 182 43 201 49 189 30 168 12 173 24 175 37 181 7 193 11 174 24 
173 35 177 11 
180 48 193 25 
175 20 176 39 181 47 180 49 192 45 179 8 187 15 
190 28 175 2 171 5 172 38 186 11 197 34 170 26 199 41 196 22 193 32 195 21 202 40 192 29 201 45 174 25 179 43 185 39 
196 48 174 30 
202 9 174 2 187 30 198 21 180 41 190 18 177 45 184 34 175 25 186 24 189 6 191 32 185 27 182 20 173 11 
195 32 187 33 183 44 182 32 191 50 180 42 174 33 181 42 202 23 178 32 197 32 184 36 198 45 196 29 194 28 201 25 179 13 175 6 
174 49 201 26 175 46 191 18 180 43 187 26 178 15 193 16 189 27 186 41 195 38 198 32 190 33 185 4 177 3 176 6 188 6 196 25 184 8 183 45 
186 5 183 15 196 34 192 40 198 33 194 22 202 32 182 50 179 13 197 7 201 20 185 42 200 18 176 16 187 49 189 45 180 44 193 26 199 23 175 42 188 25 
176 26 181 8 182 50 199 40 192 21 183 14 195 26 185 19 
177 30 190 32 183 13 198 8 197 1 187 31 182 26 185 27 195 43 193 14 
202 11 186 13 183 45 196 11 179 3 190 32 184 27 
187 19 218 37 202 40 183 23 198 13 193 30 197 21 
202 7 217 22 182 11 
203 15 190 34 212 20 206 12 193 1 204 38 
201 27 214 47 196 8 203 7 188 34 185 26 215 31 204 41 186 30 208 8 218 41 191 21 211 33 187 33 216 7 
198 4 201 13 187 33 210 2 211 27 191 26 194 43 205 28 
203 7 210 24 205 45 214 50 
203 12 212 24 195 39 192 31 207 32 210 8 216 9 188 34 190 46 200 11 218 19 193 39 186 46 205 12 187 10 
194 27 210 47 217 43 207 39 209 33 192 1 190 32 193 34 197 49 189 40 211 23 
189 8 214 13 206 4 208 18 190 50 209 50 213 49 
207 1 197 47 193 50 188 40 190 50 191 17 205 7 209 24 201 35 216 9 212 9 211 44 
216 44 189 16 207 50 193 38 194 47 202 37 204 45 210 7 213 14 199 14 200 49 198 9 203 46 215 26 205 8 211 4 
211 42 195 12 
204 6 199 40 195 40 209 23 198 1 211 7 194 14 196 23 
205 34 199 37 212 14 208 46 
205 37 218 28 214 9 196 11 210 50 195 28 215 50 208 18 211 13 197 17 198 5 
211 20 205 13 207 30 194 48 200 45 202 42 198 9 
216 49 213 29 211 8 206 43 200 50 203 46 210 6 214 33 196 23 209 21 201 3 205 47 202 27 212 3 
202 24 214 3 208 10 218 50 211 43 206 45 216 23 198 48 205 13 203 1 199 42 200 47 196 12 213 9 204 11 207 49 
203 23 213 48 197 45 204 37 216 39 200 35 218 43 
199 9 201 33 203 15 217 21 218 25 213 13 216 34 206 22 205 43 212 33 214 9 200 5 204 3 
213 17 
216 41 201 10 211 35 203 24 204 41 212 14 200 32 208 34 207 39 202 25 
214 9 207 42 203 49 212 38 202 1 216 22 209 32 201 36 206 37 211 9 205 25 210 28 208 9 
209 33 215 17 
208 17 206 25 214 5 212 21 216 29 209 37 210 44 205 28 215 28 203 28 204 33 207 12 
240 32 234 13 225 4 211 11 214 12 204 25 231 37 
218 14 235 38 214 26 236 5 221 31 233 47 217 40 
206 23 236 23 229 10 226 9 207 45 
216 36 219 15 210 10 220 12 225 31 232 18 234 4 240 16 224 15 233 30 227 37 231 27 235 49 218 27 213 12 237 20 221 1 226 20 217 21 230 11 
223 41 226 22 239 34 234 3 212 26 222 10 237 16 225 2 232 20 235 5 216 45 217 11 233 25 215 34 209 29 218 23 229 25 236 43 238 44 230 41 
235 19 229 44 223 44 
221 19 233 13 238 2 236 45 235 23 219 8 224 43 210 23 212 43 216 37 214 28 234 50 230 48 231 45 211 47 227 42 225 26 218 23 215 5 228 14 239 10 240 40 
236 36 231 3 237 32 239 13 230 43 218 19 211 43 220 30 217 15 223 45 224 44 227 12 213 49 215 38 232 9 216 23 238 11 214 48 226 24 
220 5 227 6 222 32 215 42 228 48 224 49 234 7 232 3 235 11 231 39 229 28 217 36 213 48 225 6 236 10 214 15 238 28 223 4 230 6 216 24 237 5 
220 43 238 13 217 27 222 3 223 18 237 18 229 38 231 14 228 8 213 11 230 8 219 23 235 29 215 23 216 41 234 1 224 40 218 29 214 21 232 5 
240 26 217 49 238 34 237 24 223 38 239 39 
227 20 216 50 223 13 238 45 233 14 222 5 215 25 235 13 226 40 225 20 220 13 224 39 231 29 217 29 234 43 221 50 239 49 
228 33 232 38 229 50 227 39 225 9 
226 30 217 28 220 36 236 27 222 44 239 45 
229 44 226 37 224 16 220 14 232 10 231 17 219 1 228 34 237 40 235 43 234 8 239 3 238 32 223 21 225 9 222 32 218 19 236 2 
225 41 227 45 223 24 
247 3 220 23 263 19 228 49 240 17 250 35 258 44 270 38 223 39 261 13 221 32 235 22 238 26 237 30 262 18 256 46 267 9 242 10 229 3 241 41 254 42 225 8 257 22 268 23 244 15 
256 31 224 31 236 15 246 21 259 35 230 13 221 25 250 32 238 32 261 43 225 31 263 19 266 15 222 42 251 50 248 11 226 10 240 36 268 10 242 7 244 11 229 49 260 42 243 35 232 28 235 4 231 20 269 4 270 50 
250 5 265 40 248 28 228 36 225 48 229 9 256 9 267 50 226 23 270 38 258 49 
253 11 233 49 254 15 240 47 235 7 265 16 248 16 249 17 242 3 264 25 255 36 228 10 232 48 252 4 
249 47 230 4 263 49 267 25 242 13 234 5 256 19 231 18 264 7 
227 34 262 39 249 33 245 35 232 38 237 39 266 32 260 44 228 21 264 25 233 36 231 26 247 16 230 44 265 39 259 35 269 35 257 5 234 8 267 37 239 32 268 29 225 20 258 25 
237 4 268 43 234 12 260 16 256 50 
241 10 254 44 264 26 244 40 255 32 270 10 267 27 227 11 248 26 261 32 257 40 249 47 243 28 234 30 239 45 269 26 232 40 250 30 231 31 247 41 233 5 
235 2 266 10 255 2 228 48 247 32 234 32 237 7 243 45 259 25 270 22 260 12 
256 2 244 1 234 41 236 21 263 39 267 50 264 23 257 7 230 15 253 9 270 32 259 43 246 41 247 8 252 35 235 4 258 40 251 31 254 47 255 41 250 26 239 39 266 5 245 25 
254 5 244 5 267 48 
256 1 
249 9 
254 8 233 10 239 11 267 35 256 25 265 26 237 44 270 27 258 50 242 44 244 11 257 46 236 43 250 25 262 44 235 16 246 5 269 43 234 23 259 22 247 18 238 44 248 42 
240 37 249 21 259 15 262 33 255 18 265 24 245 45 237 19 261 35 258 22 266 19 248 44 269 6 253 15 267 20 239 45 242 11 
256 20 263 10 260 22 238 29 250 24 240 31 258 17 237 33 261 13 262 43 
262 12 247 38 259 23 249 45 269 18 241 43 238 27 248 23 254 3 260 29 266 12 267 6 240 38 263 4 264 35 243 35 242 5 268 34 239 35 252 7 270 11 237 18 
265 44 267 48 248 1 256 30 253 25 254 16 241 21 262 39 247 33 266 13 255 23 239 14 238 46 259 48 252 1 246 18 261 7 270 39 258 9 249 47 243 43 245 29 269 26 268 40 240 37 251 18 237 18 260 10 250 40 
240 26 263 41 243 37 253 4 251 16 248 8 256 22 249 22 270 1 
251 8 261 2 243 17 254 3 259 31 255 18 241 32 263 11 264 4 246 6 265 28 253 46 267 49 247 8 252 26 248 33 270 25 257 44 239 17 268 11 249 40 
269 17 254 37 248 36 255 25 241 21 252 21 253 41 258 16 245 23 246 30 249 40 265 37 244 13 262 46 263 45 256 7 257 30 242 34 250 14 
250 29 257 22 270 26 244 17 254 22 253 21 256 31 246 38 255 50 261 15 249 39 262 33 268 7 251 2 248 11 243 23 252 18 241 17 264 50 266 46 258 25 263 31 245 23 260 38 
285 33 267 6 262 5 265 9 286 18 263 2 284 43 256 31 269 50 260 44 242 39 253 28 
284 25 254 4 286 34 270 39 262 45 272 4 287 32 244 35 251 38 
272 6 268 44 284 23 265 20 278 44 263 26 286 13 276 26 246 26 269 47 282 26 253 22 274 50 251 43 288 39 
253 13 285 16 272 14 267 37 279 40 275 45 261 20 256 10 263 8 264 18 276 39 286 41 247 9 283 42 
273 5 278 3 284 5 252 44 275 9 254 20 261 2 280 7 262 11 258 18 255 1 264 41 268 4 267 32 279 9 281 19 246 49 247 45 
277 1 285 25 275 20 284 12 288 8 255 31 250 47 252 44 280 45 
259 4 274 38 258 33 271 40 270 5 276 29 260 17 257 16 286 33 255 49 264 28 250 32 268 22 249 4 
278 7 286 17 277 32 272 10 270 20 285 42 255 23 
268 10 283 33 260 15 
288 31 267 27 286 12 270 43 261 7 265 26 259 19 251 38 268 37 273 4 
259 18 265 42 258 31 260 13 282 36 263 4 279 17 280 17 276 17 268 12 284 49 
277 8 
274 14 282 20 264 36 286 34 271 46 283 5 279 48 270 29 287 11 
275 30 266 2 273 31 283 7 260 23 277 1 286 38 263 23 264 18 
287 16 256 25 
266 5 284 14 285 44 286 20 263 10 271 33 262 43 275 29 
266 32 258 49 284 28 259 34 264 21 288 3 275 16 273 49 277 6 271 30 270 16 267 32 272 42 263 7 286 42 274 50 261 39 268 42 
260 40 277 18 283 46 267 3 284 27 274 3 261 18 280 12 268 44 281 10 271 15 272 11 275 3 276 44 259 18 
273 15 284 1 267 47 276 10 264 27 278 43 271 20 283 35 287 9 285 34 263 47 270 25 274 32 275 22 280 38 282 33 
267 29 273 30 262 31 288 21 263 9 271 48 266 25 280 16 272 36 275 14 279 19 284 26 265 8 278 26 269 13 276 45 277 45 287 42 
273 31 287 15 267 2 269 30 283 16 286 15 266 14 277 48 268 35 271 50 265 45 270 48 272 32 
280 12 283 26 
274 6 273 25 283 26 271 10 279 48 269 14 272 25 288 22 264 18 280 21 277 2 268 50 270 30 284 13 278 48 267 50 285 40 
287 13 277 47 270 18 269 39 284 3 281 37 280 26 282 41 271 44 275 46 279 13 268 33 266 3 276 44 274 8 273 41 
270 29 278 22 268 48 273 32 267 47 274 12 288 36 286 49 275 46 285 27 283 36 277 11 276 32 281 22 266 9 
267 8 281 3 272 16 287 23 274 36 278 8 280 47 
271 30 282 32 276 30 286 31 272 13 287 15 274 25 275 14 277 41 
272 6 274 16 269 13 288 34 278 24 279 43 281 29 270 36 283 40 276 17 273 14 285 24 
276 1 281 34 288 7 280 49 282 39 272 49 273 42 274 47 285 48 283 47 284 17 275 25 287 18 
288 25 279 43 286 29 276 14 277 21 284 28 
302 33 277 27 282 40 298 35 307 20 290 26 293 42 272 20 
277 33 285 1 295 12 288 31 292 45 282 49 302 42 276 46 300 5 299 9 275 10 283 12 274 14 296 1 
294 29 304 19 277 7 297 46 288 16 290 48 275 12 279 27 295 15 307 49 
292 8 284 31 278 9 282 25 291 21 309 40 298 20 299 45 301 10 277 26 308 20 280 29 306 37 303 9 310 37 
299 12 279 30 
299 50 308 14 295 47 285 27 284 2 280 3 277 36 298 34 289 34 282 40 286 28 309 16 290 21 297 31 
287 12 291 32 284 46 294 2 298 18 302 12 280 47 310 19 283 38 292 48 309 35 296 32 288 8 289 24 300 7 295 25 307 24 290 38 281 36 
305 44 295 45 284 28 299 41 303 37 298 26 280 16 306 23 281 29 
308 35 285 2 300 13 289 43 
283 17 303 18 297 30 301 36 300 3 292 17 307 8 
300 13 299 48 294 50 305 27 301 2 292 30 306 15 283 16 297 49 287 46 310 34 295 15 309 7 304 13 307 28 293 7 282 44 296 11 
283 27 304 31 285 42 288 6 294 11 300 28 
307 43 284 49 297 37 309 1 308 22 285 38 301 24 294 5 286 28 295 45 290 34 300 43 303 20 299 14 298 44 292 10 289 31 287 23 
302 23 309 46 308 37 288 6 304 13 310 47 298 33 286 4 290 36 303 42 
299 41 294 47 307 31 290 5 286 25 292 14 301 12 293 30 310 46 287 17 289 32 305 27 300 12 296 17 309 46 298 22 304 50 308 27 297 25 
293 26 287 4 292 30 310 11 298 14 304 42 290 7 294 21 305 30 308 24 309 41 289 19 291 32 299 18 
288 16 301 31 298 42 296 50 294 45 306 18 293 42 289 17 292 28 297 29 303 26 307 21 302 27 305 41 
295 42 294 43 302 7 299 49 297 16 291 41 
304 21 291 28 315 34 307 36 298 24 308 41 303 7 294 21 302 24 332 48 313 15 310 14 314 31 301 10 326 28 
300 5 321 17 319 26 313 30 322 37 329 15 305 19 299 9 330 18 325 23 320 33 302 20 309 1 292 4 297 30 306 25 332 15 
327 46 314 33 294 26 307 27 295 46 325 14 304 14 332 37 330 25 313 50 303 20 331 49 329 39 299 27 297 1 316 48 324 30 326 22 317 15 328 41 298 28 
323 2 318 5 325 36 316 8 294 23 332 40 310 31 297 21 295 43 303 10 319 34 331 13 313 40 305 50 330 23 321 6 304 15 324 26 328 1 
302 33 323 3 330 5 295 25 306 8 332 28 309 36 297 33 316 30 320 19 304 32 301 39 305 4 314 28 
314 2 
305 25 311 30 324 47 303 39 325 42 296 43 307 49 330 3 313 44 327 43 319 17 308 34 331 26 314 48 328 8 298 35 304 36 320 20 329 26 309 19 316 46 
332 44 313 12 299 3 323 17 318 10 307 45 328 23 317 47 326 28 305 38 298 31 311 24 
310 21 320 50 317 13 315 33 299 36 307 47 325 8 311 37 300 11 
306 19 304 8 311 48 313 34 305 47 317 34 315 6 303 44 326 30 
311 18 321 22 
306 7 320 10 328 34 323 7 301 8 313 32 325 9 322 32 310 39 331 22 330 18 327 13 315 3 307 37 311 33 303 38 326 38 329 28 
316 33 323 33 329 13 315 2 326 2 302 28 328 7 306 50 321 19 318 45 331 20 310 20 314 50 
325 27 
310 9 322 38 327 5 330 35 331 1 306 40 305 33 315 37 313 23 304 19 312 47 316 12 309 14 
332 2 312 32 317 7 313 1 326 49 331 9 328 2 309 34 325 50 329 50 308 31 310 38 315 8 321 1 307 17 311 43 323 16 330 17 316 44 318 8 314 7 319 49 
322 44 317 5 323 16 329 31 326 34 327 10 328 12 314 32 312 45 320 29 325 37 316 1 324 16 330 26 310 10 319 15 
319 10 329 31 327 13 310 11 316 42 315 38 331 38 326 17 325 3 321 12 313 37 312 16 322 45 324 40 309 25 307 5 323 8 318 35 314 1 
330 6 321 9 332 47 329 29 322 22 308 16 326 20 331 27 311 41 312 34 323 12 314 22 313 21 310 20 318 7 309 23 328 48 320 49 
316 15 327 9 331 41 324 45 326 18 322 41 
318 12 312 43 311 40 317 1 329 41 332 39 310 49 330 35 313 4 319 5 316 50 325 28 326 19 314 31 320 16 315 47 
315 49 313 29 331 7 328 24 311 11 324 12 314 6 323 36 318 20 332 19 312 43 325 22 329 48 320 10 319 8 321 18 322 16 330 10 327 20 326 16 316 5 317 34 
322 21 337 5 329 39 339 20 345 39 315 4 327 29 349 38 312 38 340 1 
326 30 317 27 340 21 323 40 314 12 334 22 330 6 345 20 331 43 344 14 321 39 
322 26 333 17 341 22 314 47 325 27 340 25 337 25 321 42 347 10 319 22 343 38 345 2 315 15 335 3 350 21 324 29 
315 13 328 36 326 12 321 42 329 29 320 9 339 20 325 37 349 26 
335 41 325 19 
321 39 342 23 337 38 343 12 346 8 349 49 
335 27 331 39 338 20 336 29 324 17 334 45 320 47 329 1 348 28 330 17 318 7 350 30 347 50 339 11 343 35 322 46 341 25 
329 31 344 9 349 11 335 22 326 49 334 38 347 46 
345 50 344 1 330 32 334 41 349 47 326 7 348 31 346 28 341 28 324 39 
338 12 346 48 332 15 334 47 327 11 349 11 341 21 329 22 330 28 322 9 
326 38 337 18 324 12 325 23 342 19 346 49 333 45 
340 25 333 48 339 27 323 8 328 26 344 19 349 48 342 20 346 49 326 6 343 31 336 24 324 25 334 22 341 4 348 32 330 18 329 22 
343 32 345 38 
345 20 331 1 325 18 327 8 335 18 
348 39 338 37 339 10 336 20 326 43 346 18 342 23 331 24 327 18 332 37 334 34 328 28 337 48 349 23 
335 35 337 37 347 41 327 42 334 27 338 9 348 39 329 14 349 30 340 33 342 21 328 2 341 9 339 33 
347 17 339 1 328 24 350 37 
344 10 339 50 334 28 330 42 341 20 350 5 342 28 332 40 338 7 347 31 343 42 349 35 
348 14 339 36 331 46 349 46 338 10 340 20 337 14 347 46 341 2 335 11 
341 11 346 37 342 38 343 39 345 44 
348 42 342 44 336 38 339 30 337 20 332 39 346 41 333 17 335 9 350 38 338 8 334 3 347 44 349 50 
348 13 337 42 336 36 333 17 344 16 347 34 
338 50 343 34 
348 30 343 29 337 17 341 4 346 22 357 42 347 16 345 15 351 37 355 15 358 25 349 10 
340 40 336 13 350 5 349 45 347 28 361 41 342 15 337 1 365 18 346 37 356 19 
361 42 340 32 363 18 356 15 355 42 337 49 345 33 358 14 362 40 364 30 346 22 
346 5 357 50 342 39 366 17 344 48 345 16 349 26 356 39 359 23 362 7 
365 12 350 16 362 44 360 43 363 41 340 44 359 39 355 34 364 7 349 2 
350 27 364 31 341 49 362 18 
352 28 351 50 367 40 365 29 350 22 369 34 343 45 344 10 342 11 346 44 362 20 
366 18 349 10 368 13 344 43 365 31 348 12 351 49 354 4 352 46 360 49 358 40 355 22 357 50 364 8 367 30 363 10 353 21 356 6 
352 32 347 26 359 36 360 19 358 23 369 47 361 39 343 43 363 41 346 12 
359 24 368 25 365 29 361 1 357 36 346 17 351 5 360 25 352 7 369 5 363 6 353 45 347 30 358 50 367 40 344 20 
360 49 352 5 349 21 350 37 346 40 362 42 367 44 368 37 357 37 361 36 354 40 369 29 365 29 347 5 366 30 353 10 364 45 351 18 
358 9 352 21 351 25 368 16 360 19 346 23 366 15 362 1 367 6 364 10 369 4 363 14 356 19 347 48 
350 18 365 4 366 50 352 24 367 26 368 26 362 8 359 45 
358 38 366 17 365 35 349 19 352 20 351 10 
354 48 351 7 362 12 356 34 360 17 367 45 365 21 359 42 361 3 364 5 368 31 363 1 355 9 350 20 366 28 358 37 352 43 357 41 
351 1 358 7 360 37 362 38 352 35 356 42 366 29 367 1 368 31 355 14 359 3 369 22 350 38 361 9 363 32 
368 9 366 2 358 40 
365 10 381 21 362 36 384 31 397 6 367 17 398 34 360 45 352 27 355 16 366 31 373 24 372 34 396 17 400 33 369 46 364 23 374 44 389 30 363 35 356 38 376 48 391 31 368 49 385 47 388 33 377 6 379 41 399 3 361 25 395 20 353 41 
370 23 388 34 374 27 397 4 368 43 360 14 376 42 363 29 371 26 
363 28 394 3 356 20 374 10 364 4 401 26 360 24 368 7 370 39 366 1 
379 10 364 18 390 46 395 18 384 23 385 40 358 49 
373 1 357 1 368 50 384 23 376 26 395 3 374 20 366 46 383 7 
382 5 392 8 371 27 388 30 369 11 393 27 385 5 364 19 383 38 402 32 387 41 401 2 374 20 
395 5 358 37 365 47 397 16 385 41 383 39 392 26 378 24 367 20 384 12 375 45 400 48 
384 25 385 6 359 36 370 3 380 1 382 39 363 28 395 19 401 42 375 22 394 26 373 40 367 25 
362 19 383 8 377 14 393 42 386 23 379 49 394 2 
376 32 366 22 362 49 370 4 374 30 367 48 373 13 364 44 
394 2 363 47 388 40 369 48 390 21 393 32 377 41 398 23 391 38 392 4 382 4 395 39 396 24 364 13 385 36 384 14 372 42 381 39 397 39 399 36 379 9 368 48 400 1 402 13 
392 32 367 12 386 40 381 13 365 1 396 8 369 42 370 37 376 38 391 39 363 20 384 35 399 44 377 9 390 15 383 45 398 36 368 48 393 26 380 24 379 10 389 21 372 10 366 38 374 38 
384 25 380 4 401 15 374 27 385 6 365 31 368 19 393 38 371 27 388 37 373 20 402 9 379 21 391 10 394 42 372 47 378 32 399 46 381 9 366 50 383 12 382 34 369 1 398 17 389 36 376 45 395 43 396 23 370 1 367 46 
392 30 380 49 401 21 366 20 395 14 384 26 371 11 382 15 376 44 388 46 390 40 
395 31 371 46 396 11 384 47 367 37 378 15 366 24 391 17 390 33 389 5 402 43 388 22 380 19 397 27 383 20 387 47 393 14 385 7 386 11 369 29 398 48 376 15 382 37 401 29 399 49 400 28 368 24 394 20 381 16 
391 27 394 19 379 38 377 17 370 12 372 45 374 22 390 19 369 42 387 4 401 3 382 37 389 37 395 44 383 20 398 34 375 32 378 45 373 28 381 30 380 12 402 13 371 6 393 3 400 18 367 22 386 8 388 43 
400 1 377 29 393 16 385 3 387 48 378 39 370 30 
386 2 396 11 384 10 382 35 397 49 370 28 376 22 385 9 402 40 400 6 401 22 394 41 398 4 389 7 399 35 395 24 372 36 387 7 373 20 388 21 374 45 383 49 378 6 392 15 390 23 369 29 377 7 375 30 379 12 391 11 371 9 381 13 
370 40 399 19 386 27 401 40 379 28 373 41 385 29 396 10 402 45 391 25 395 42 400 46 390 10 388 1 384 5 398 3 382 23 394 27 392 32 377 5 374 38 393 39 381 30 380 46 383 13 372 39 389 24 376 41 
412 30 388 18 
393 50 403 35 399 40 387 13 378 39 421 4 402 18 405 14 411 28 394 11 409 16 384 33 372 33 422 28 415 13 423 7 382 19 388 15 424 39 416 33 
400 48 391 37 395 8 419 9 410 2 393 34 
390 11 380 43 381 2 427 48 418 15 400 44 404 27 415 49 399 38 416 9 379 38 
390 46 402 24 416 25 375 25 418 47 391 27 420 50 419 3 381 43 411 45 417 31 423 32 383 33 422 4 395 31 393 28 
399 1 386 37 410 41 
421 7 424 7 386 26 392 24 406 8 423 41 401 13 380 33 416 17 426 4 419 6 399 18 417 44 411 37 387 6 418 28 427 6 382 48 404 24 381 6 405 10 413 12 390 49 379 37 
407 33 396 28 424 33 392 27 397 34 398 48 389 6 422 31 406 7 401 35 393 36 405 27 403 23 411 42 382 16 409 36 
424 50 402 13 399 24 408 18 390 40 398 15 414 21 412 5 401 26 391 15 419 43 
399 27 396 26 410 7 393 5 388 37 402 47 426 28 406 38 419 33 411 20 400 33 421 24 382 29 390 48 415 47 416 13 407 43 422 34 392 7 398 49 
410 31 400 10 414 27 423 40 424 35 398 28 412 28 427 33 390 16 420 44 416 16 401 47 381 21 388 9 389 48 402 4 419 27 407 48 406 45 
416 13 388 32 400 4 408 31 392 32 397 32 409 22 394 42 417 37 423 8 418 45 426 16 411 18 421 14 415 46 427 40 393 45 403 7 424 12 405 35 407 4 422 35 413 2 414 5 
411 46 390 47 388 38 384 21 401 17 
397 45 400 29 426 27 419 28 
417 36 424 1 410 48 386 10 398 42 393 47 
410 42 398 28 416 27 404 34 407 28 421 48 393 42 422 21 427 43 394 21 
425 18 423 8 417 24 416 20 412 42 409 39 406 28 415 33 410 12 403 20 427 32 413 38 391 30 420 21 407 11 402 4 390 11 392 22 
389 13 410 3 391 20 427 18 397 42 417 18 
416 49 395 37 414 3 424 14 397 40 415 15 417 45 427 24 399 38 401 2 392 14 
426 33 418 4 397 20 419 14 399 50 390 25 393 34 414 9 400 15 408 4 403 29 405 18 402 1 406 16 415 19 421 22 398 37 427 6 409 42 396 2 425 29 
410 50 424 1 397 40 421 18 400 29 422 36 405 30 411 41 403 21 418 21 401 7 419 4 404 13 
417 15 421 22 409 13 395 4 425 24 396 3 410 12 405 36 408 16 402 11 424 19 403 13 393 12 427 17 415 46 399 21 
404 7 415 32 424 30 412 34 420 3 396 10 416 22 400 46 405 38 403 16 413 14 409 29 397 30 418 1 419 40 395 14 426 44 394 18 414 46 393 6 
397 20 409 40 412 25 411 31 408 32 423 16 402 24 424 42 407 28 415 3 
396 3 399 11 407 49 413 4 414 34 
420 25 418 27 425 37 424 38 401 38 419 38 416 14 400 42 402 48 414 17 407 49 417 24 427 49 396 44 404 7 408 16 397 29 413 25 422 14 409 22 403 5 426 26 399 20 398 21 405 1 
422 11 418 18 414 9 416 7 413 20 425 43 404 23 
419 38 408 47 412 16 421 22 404 34 424 27 411 13 405 34 407 38 
410 23 412 26 420 12 404 6 414 47 401 40 409 19 400 40 408 41 427 40 424 15 411 44 407 48 415 36 413 4 406 21 418 46 423 17 417 6 426 5 402 6 419 22 425 48 
406 3 
427 39 409 50 422 43 403 18 407 34 401 10 408 21 
408 9 412 8 414 44 405 31 417 1 407 3 424 10 402 6 413 28 419 49 422 36 418 4 406 15 403 26 411 35 410 45 
406 45 416 10 405 44 412 27 
417 2 427 29 419 12 444 1 440 30 414 5 439 23 448 10 415 30 432 11 431 24 425 23 421 34 446 44 435 38 436 14 429 9 433 13 
417 10 433 46 419 33 443 5 427 36 405 11 425 48 411 18 442 2 407 26 408 25 437 31 440 32 415 33 446 6 414 15 438 47 
412 1 447 40 440 34 421 3 426 43 446 31 417 43 416 39 414 33 415 27 406 4 428 2 434 28 423 31 
441 22 432 38 430 1 423 8 447 49 438 33 422 30 446 3 
413 27 411 41 420 14 441 41 436 17 435 49 422 45 410 18 427 31 432 10 438 19 
432 3 413 24 426 12 418 4 416 20 414 11 444 3 422 12 440 27 439 2 431 38 448 25 446 17 434 6 425 45 437 18 435 13 415 1 442 3 
446 40 413 31 443 15 432 13 410 2 445 16 419 38 422 11 412 25 415 43 418 48 435 41 425 45 420 37 
415 36 
446 47 434 22 424 26 431 4 440 4 
441 41 442 33 
427 1 432 7 448 19 435 36 444 33 437 5 425 5 436 43 447 19 423 19 418 22 442 6 421 6 414 8 434 26 445 36 415 48 438 6 
436 29 430 27 426 33 432 42 418 11 447 43 441 24 440 9 431 30 
428 35 437 42 
435 48 421 8 447 33 439 33 448 9 445 44 432 23 443 10 442 41 436 41 425 1 429 50 444 36 434 48 420 47 437 4 
448 38 436 2 443 11 423 17 418 16 438 48 441 30 422 25 420 40 442 41 440 14 421 15 437 26 432 42 419 9 430 41 435 8 429 3 
444 42 424 7 440 21 437 29 439 13 
444 30 441 34 447 13 446 33 442 36 427 42 433 6 430 32 432 25 434 49 445 4 435 4 429 18 439 22 424 5 438 13 
434 8 442 22 429 16 439 40 421 20 423 30 432 19 431 18 
424 10 440 26 446 45 
443 44 429 11 437 23 444 26 424 5 439 20 438 18 
433 40 447 31 429 50 432 20 434 11 445 44 430 7 424 50 441 13 446 42 427 24 
426 22 448 32 425 23 
428 14 439 4 444 7 437 28 447 18 430 25 440 10 441 47 448 24 432 30 442 16 446 22 443 41 426 34 431 28 445 6 
431 38 436 5 434 50 448 26 447 30 439 20 427 42 443 41 437 32 440 44 
440 29 444 25 443 46 435 23 437 9 441 36 428 20 434 24 
457 17 435 42 466 32 467 48 454 36 431 41 474 21 469 33 444 36 497 38 465 39 479 37 443 14 496 3 449 8 445 34 477 35 472 14 498 8 462 28 437 26 438 37 
490 15 482 43 494 42 496 30 477 36 491 46 444 24 440 33 433 33 431 46 484 42 463 42 453 27 478 8 454 1 459 27 436 19 456 1 458 39 437 24 495 1 480 22 488 15 467 27 473 19 466 23 498 34 434 50 497 12 455 29 461 34 460 24 474 36 471 49 451 47 492 48 462 33 457 18 483 47 438 9 468 32 435 34 441 31 
477 36 495 2 468 24 435 7 436 16 458 6 497 49 482 11 472 21 494 1 484 14 461 34 432 18 490 20 488 12 447 4 437 43 498 37 443 5 496 37 469 33 439 26 460 19 478 8 445 12 483 2 457 20 454 32 464 9 466 20 485 18 446 48 471 26 452 25 475 40 476 36 487 7 473 9 448 28 440 24 456 19 449 40 470 13 492 10 474 40 
495 48 462 31 456 4 472 2 481 23 474 50 468 17 440 13 442 17 485 20 487 28 498 12 460 43 464 2 492 19 494 31 443 3 477 14 488 33 444 40 446 6 437 21 496 1 432 22 463 9 484 7 458 3 451 24 452 14 490 49 465 28 457 30 471 17 475 22 470 43 436 24 445 26 489 3 480 38 476 19 459 13 434 24 438 32 469 20 491 17 493 44 486 19 
468 30 449 45 434 16 443 26 455 21 498 5 492 47 463 7 439 35 447 31 435 32 478 7 444 2 469 22 436 1 458 13 441 24 440 21 462 25 448 12 475 18 495 16 433 43 
464 14 466 1 443 23 457 24 452 41 438 47 480 10 489 49 453 1 459 14 446 9 442 5 449 7 469 7 495 43 493 24 448 18 435 40 484 6 476 33 444 4 491 30 465 8 472 7 456 24 473 30 454 5 490 25 447 46 
455 15 450 4 478 34 464 32 444 24 489 39 473 17 466 7 452 23 497 29 486 27 454 25 471 25 481 11 469 8 484 40 436 43 462 29 498 10 468 33 488 9 479 15 437 4 482 50 447 33 490 36 474 28 448 1 449 32 453 27 458 13 496 32 492 8 477 12 459 40 441 2 483 19 435 28 438 9 461 23 439 41 445 3 475 38 470 13 480 50 491 22 440 20 443 18 
483 47 439 41 463 50 444 28 436 28 488 47 452 32 451 45 461 37 438 48 485 48 473 17 443 42 
487 4 451 33 472 39 483 4 446 24 456 49 467 4 481 1 490 29 
444 26 454 7 451 45 493 43 467 23 449 24 466 40 462 44 458 39 490 9 488 44 489 16 
444 17 496 36 440 12 475 10 454 21 462 31 474 38 495 9 484 30 468 49 447 31 465 49 488 10 448 38 446 28 464 3 457 16 451 28 460 6 441 32 481 30 459 27 453 30 477 4 497 50 452 42 490 5 489 40 473 46 480 38 476 2 482 46 456 5 439 26 485 8 492 28 442 26 478 29 455 47 469 42 491 42 443 22 458 10 483 29 471 23 494 14 449 48 467 48 498 3 
459 48 451 29 467 25 471 47 442 38 440 19 481 42 472 2 476 6 460 49 446 41 483 11 482 36 454 2 441 6 473 3 462 25 488 5 444 25 480 28 450 18 474 13 487 15 445 33 452 6 470 10 457 37 478 43 484 40 496 49 465 28 479 42 492 50 493 30 455 17 477 43 475 34 497 9 490 29 
493 42 497 48 473 43 484 46 489 10 457 38 442 50 454 33 448 28 481 35 468 4 444 5 465 2 498 20 482 48 469 35 491 23 445 22 479 24 
442 30 480 50 484 39 459 4 494 24 452 38 468 43 489 30 
445 29 489 4 458 15 496 22 456 18 449 6 473 3 485 25 450 32 455 38 451 11 470 41 460 41 472 45 487 28 457 23 466 46 482 21 459 16 478 8 454 15 484 37 488 23 443 13 493 28 462 20 464 42 446 30 474 11 481 26 483 50 461 29 447 19 444 11 
444 33 475 32 473 44 447 34 494 37 445 13 485 7 456 45 495 50 469 29 488 35 463 25 457 21 484 11 470 48 490 20 498 46 492 35 481 49 489 3 482 7 480 25 471 2 452 9 466 12 451 26 477 33 491 14 486 28 468 11 460 8 448 12 450 33 487 1 483 5 472 1 465 31 458 7 478 23 
451 34 467 50 449 6 473 11 470 39 448 28 479 36 480 49 490 18 465 33 450 26 495 2 474 30 484 50 468 45 461 43 475 28 458 30 452 19 491 28 482 36 492 5 486 18 489 43 477 14 488 43 463 22 493 26 487 4 496 13 445 18 498 3 454 8 456 40 460 38 481 3 
482 46 483 2 462 46 448 47 498 15 447 47 470 41 455 1 497 31 466 36 492 2 461 43 477 6 460 28 493 42 454 49 467 4 459 32 457 49 488 32 491 11 463 12 472 31 478 25 469 2 452 36 449 14 489 25 487 17 464 5 485 39 481 2 471 7 476 4 484 12 486 38 458 28 474 48 480 39 479 17 495 45 468 15 496 37 490 47 450 25 456 28 475 49 494 5 473 38 465 24 
455 8 493 41 471 17 494 20 478 21 447 25 495 16 492 3 475 29 464 47 470 7 457 41 473 18 476 37 460 46 489 36 469 8 486 13 462 21 488 4 465 22 459 45 485 14 450 11 498 43 483 18 458 48 472 8 466 15 453 50 467 45 474 39 451 21 448 29 487 42 463 14 484 35 491 29 481 16 490 33 452 30 480 39 454 21 496 4 479 25 477 47 
487 17 483 12 452 41 485 18 480 47 476 25 469 5 475 3 465 36 481 25 496 10 489 11 490 47 451 48 467 25 482 12 470 32 458 26 498 21 453 22 449 27 494 25 448 6 
451 44 478 12 455 40 485 3 496 36 479 24 456 44 457 41 497 34 452 21 465 16 491 23 488 21 462 49 482 4 461 15 486 36 474 48 480 36 469 42 449 37 
494 10 
499 2 
490 1 
490 43 
494 42 
493 47 
474 32 
495 13 
458 45 
483 45 
475 41 
471 7 
490 23 
464 43 
496 29 
493 19 
470 47 
470 22 
473 37 
493 42 
470 10 
496 24 
498 5 
483 34 
475 25 
489 33 
489 12 
487 37 
497 47 
489 6 
499 8 
484 8 
487 12 
483 18 
484 20 
487 11 
493 35 
489 28 
488 1 
492 50 
499 21 
493 50 
492 1 
494 42 
499 20 
499 13 
499 40 
497 49 
499 13 
499 18 

