7 48 4 20 5 5 6 15 3 9 
6 31 5 30 
15 7 5 1 10 1 
9 38 
14 50 5 13 8 24 9 46 7 12 
8 9 9 44 10 50 15 31 7 7 14 8 6 21 
11 49 
11 22 12 35 
12 39 13 3 11 8 14 31 15 2 10 6 9 2 
24 25 11 29 12 37 16 23 20 17 13 49 19 45 
23 30 14 37 19 5 18 14 22 15 12 43 20 9 21 18 
16 13 24 1 14 23 12 48 21 33 18 1 17 33 23 39 
22 29 15 33 17 31 23 17 21 36 13 39 
17 41 23 42 
18 16 20 30 23 14 19 1 15 22 24 21 16 42 17 18 22 12 
17 4 18 11 16 11 21 25 19 12 23 18 
28 8 
27 30 24 12 25 8 21 27 
27 30 20 21 
24 47 26 39 
26 38 
28 50 23 44 27 37 
26 39 24 22 27 16 
24 26 26 44 25 43 27 43 
25 36 26 17 28 16 27 41 
30 31 32 20 28 7 27 32 
31 9 32 5 
29 50 
29 37 
39 12 30 48 43 19 48 22 41 36 32 35 
48 43 39 11 31 20 35 15 46 4 47 25 37 11 
35 23 32 49 41 41 44 45 34 35 43 27 40 1 45 13 42 32 37 44 48 46 36 14 33 32 46 40 38 40 
38 5 44 35 37 4 35 2 41 22 43 24 48 38 36 29 
34 13 
48 9 
44 35 
39 17 
49 14 
41 3 
44 4 
43 44 
48 35 
43 2 
47 33 
49 23 
47 3 
47 23 
48 48 
49 7 

