8 10 7 50 13 11 9 30 10 13 16 25 
16 2 42 22 13 17 17 8 9 38 20 8 14 23 27 38 33 3 40 26 12 41 35 43 8 50 15 29 49 34 41 35 
33 48 26 44 25 26 11 13 23 5 22 28 38 21 47 40 18 39 15 44 6 46 31 3 8 29 28 11 4 7 21 1 9 18 
43 22 48 50 4 22 25 8 
10 46 31 32 34 34 36 48 44 49 29 25 6 31 17 13 23 39 46 30 24 3 33 11 42 6 49 31 37 23 35 17 40 25 45 47 22 5 7 32 
36 15 39 17 13 15 37 30 35 40 10 9 48 42 23 1 25 38 31 34 
12 7 11 29 9 13 21 36 15 27 29 31 38 45 33 20 25 43 36 31 8 17 13 4 50 31 19 16 41 30 28 24 23 36 24 35 46 10 18 4 20 13 39 20 16 36 32 2 7 33 43 43 17 28 42 30 49 7 
23 16 46 48 13 16 19 33 37 37 45 41 39 40 28 38 26 25 25 6 43 20 44 18 27 21 22 29 8 10 36 16 49 15 21 6 33 16 35 11 18 41 40 38 29 13 9 48 50 24 
20 43 10 38 37 46 42 4 14 4 32 38 29 33 38 7 22 8 18 50 13 50 39 9 11 30 17 26 28 37 49 29 34 26 40 29 43 49 
34 33 23 48 25 41 49 44 26 29 31 2 
33 33 43 12 42 1 35 18 26 43 28 7 44 8 32 5 12 6 37 41 47 50 30 8 48 15 17 9 50 27 27 44 34 42 19 13 18 12 41 35 13 37 36 21 16 38 31 16 24 34 22 39 38 16 11 31 21 49 20 12 
23 48 27 35 22 49 47 5 37 9 17 1 40 47 
49 9 31 34 20 4 39 39 30 32 13 15 47 20 14 45 44 15 35 19 17 8 15 15 50 2 48 10 37 42 22 45 
24 10 39 28 26 5 32 4 36 9 25 42 20 45 31 15 42 29 17 6 40 6 21 47 15 22 34 21 22 49 18 35 23 4 44 7 33 48 30 2 28 4 46 45 27 48 29 7 
40 43 39 10 43 48 38 9 18 28 42 45 
29 35 38 19 17 23 27 3 16 14 44 22 47 26 50 50 48 47 40 6 25 27 43 24 26 4 23 8 22 2 30 33 35 26 37 37 33 15 41 26 32 50 49 43 18 37 19 16 36 46 42 49 34 10 21 43 39 3 46 50 
20 14 34 23 31 49 23 45 19 8 
42 24 21 22 22 15 18 38 39 10 46 17 29 25 48 3 37 6 28 33 35 40 
19 38 48 21 40 50 47 31 33 25 34 29 41 14 42 6 32 44 49 21 36 4 37 32 29 40 31 30 20 21 46 38 28 44 43 24 21 38 25 8 23 10 44 32 26 32 39 10 27 6 22 8 
50 40 24 49 40 45 22 21 44 38 29 3 20 12 42 40 39 19 31 31 45 7 33 41 28 45 36 10 26 39 30 37 
47 22 37 49 22 6 42 6 48 5 
38 27 26 16 70 5 66 37 55 27 30 19 22 50 23 40 81 26 79 46 45 2 64 42 29 36 62 45 41 17 65 19 32 49 49 15 27 21 36 45 35 20 24 16 37 20 72 41 57 10 54 39 78 36 
44 11 
71 37 72 30 49 14 61 33 59 9 
80 31 28 24 50 16 27 27 47 48 39 12 26 26 
31 27 27 40 78 34 67 10 46 49 57 24 56 7 
36 32 67 42 46 19 48 7 68 15 27 14 35 33 64 26 70 16 65 10 57 33 74 20 71 34 80 33 73 20 60 23 66 1 54 38 
79 31 36 46 46 15 34 36 47 45 74 26 44 22 
69 2 52 27 78 45 77 42 43 17 65 17 70 13 56 43 45 14 73 11 37 42 80 29 72 47 33 41 76 8 61 21 58 43 32 34 49 26 
45 11 78 28 30 15 54 23 
75 14 55 5 78 27 37 46 74 23 73 15 46 10 48 39 35 43 72 4 64 24 40 26 50 42 81 45 68 40 32 29 66 33 63 10 42 14 57 34 49 19 43 12 39 49 59 38 67 3 
62 31 42 9 44 12 79 43 39 7 76 23 64 28 77 16 
41 41 38 37 67 1 63 12 69 22 36 24 45 11 54 12 50 19 61 30 65 7 48 9 37 24 46 15 77 29 47 40 81 12 35 26 
58 37 77 15 78 14 76 25 62 19 37 33 80 8 42 24 79 9 64 50 56 14 63 11 41 22 48 24 43 38 60 40 40 8 65 45 44 50 70 16 61 49 
70 48 
66 27 37 11 79 43 57 17 58 41 72 5 45 28 54 7 43 46 67 50 61 26 63 18 59 10 77 26 41 16 65 18 39 37 60 4 56 44 69 41 81 49 74 34 46 30 78 50 73 6 
50 24 55 48 40 15 43 32 74 44 69 1 59 23 67 3 
76 45 40 35 50 21 43 19 71 6 81 1 61 18 56 35 68 8 54 8 73 4 58 17 
52 47 39 41 70 13 78 45 62 22 57 10 
57 29 74 7 78 38 
46 45 64 48 58 20 80 37 56 40 44 35 54 21 55 20 51 34 74 13 53 9 45 38 76 46 48 47 49 45 43 13 62 10 41 7 57 31 77 50 66 30 47 40 67 10 75 8 
63 28 64 35 81 1 44 45 53 3 
71 35 78 16 46 15 66 16 57 16 64 31 69 49 76 6 56 21 55 26 60 43 52 35 70 11 44 49 75 12 72 1 81 4 63 15 50 4 59 27 65 9 74 40 61 16 62 44 47 19 
53 39 56 5 49 4 65 27 54 23 46 7 66 42 81 36 57 49 50 24 63 8 51 3 72 13 44 37 62 50 78 27 79 50 
60 28 48 30 55 23 49 24 
50 11 53 9 57 25 69 10 72 19 61 41 46 17 78 20 75 25 64 39 81 22 52 13 65 26 60 29 62 23 63 11 51 50 77 37 58 36 
61 6 62 36 66 31 56 1 78 35 81 50 69 47 67 15 79 36 52 8 80 43 65 29 53 5 63 19 64 31 48 13 70 9 75 27 74 28 51 47 57 26 49 49 54 9 72 13 77 2 59 35 55 47 
68 10 60 31 79 29 56 23 49 5 48 41 55 2 70 11 72 49 75 38 65 17 58 49 64 25 76 27 78 35 52 10 80 35 51 11 50 41 63 13 62 14 67 8 53 19 57 30 
81 14 58 33 53 44 56 25 49 42 69 34 63 20 61 12 55 34 68 38 65 22 72 47 79 11 67 28 73 41 80 10 54 36 71 6 59 6 62 7 66 49 50 28 70 9 60 36 74 14 52 33 76 20 64 24 77 1 57 46 75 36 
79 5 51 13 57 32 74 45 50 19 81 48 55 6 60 4 64 11 73 24 59 48 80 25 62 21 63 27 68 3 52 17 65 36 66 36 72 2 78 44 67 9 69 13 
52 5 69 6 73 4 60 27 78 9 64 44 71 12 76 33 75 29 62 41 66 36 61 33 57 9 58 35 68 5 55 47 59 49 54 9 80 25 77 38 56 24 53 32 67 28 79 48 65 4 72 11 51 16 63 12 70 12 74 48 
62 7 76 4 74 38 89 34 111 20 96 48 90 49 78 50 91 22 69 3 
88 39 107 14 75 37 55 36 99 19 95 14 89 34 61 22 96 15 83 44 59 34 
94 35 112 30 
72 42 108 8 78 12 
103 50 96 48 70 5 108 3 86 25 90 1 119 19 58 39 60 28 85 41 88 46 
65 15 89 21 92 37 116 12 98 36 90 45 61 3 63 31 79 33 100 7 84 28 106 38 110 28 114 17 
114 39 115 14 65 15 109 44 70 50 98 26 73 5 79 35 86 11 87 16 104 4 88 22 107 27 60 37 58 2 
85 43 60 45 108 4 92 35 62 20 77 1 106 35 76 50 114 26 71 38 112 16 93 5 105 16 78 39 107 28 117 30 103 20 102 9 86 38 84 16 115 6 74 7 80 42 68 12 88 2 65 25 104 46 59 27 69 6 97 21 73 41 
110 7 84 38 78 37 114 40 96 21 62 21 112 19 81 43 71 49 95 44 109 30 99 35 61 25 116 32 73 18 113 34 100 23 90 1 66 33 115 4 108 7 103 35 79 20 118 49 60 8 63 11 70 6 82 18 
78 50 74 37 95 11 79 11 103 29 69 23 71 10 96 29 81 27 101 6 63 2 72 13 
91 20 71 39 74 17 113 38 114 38 
113 32 79 25 108 13 114 31 74 24 94 17 91 23 90 13 107 25 75 13 112 11 111 32 105 21 76 37 100 9 71 18 72 35 63 34 101 4 86 26 73 48 80 21 65 25 82 34 78 42 88 40 
101 42 110 13 91 9 116 50 73 8 81 7 82 1 107 36 84 27 118 29 72 10 97 34 88 29 103 42 111 31 96 11 77 41 
67 50 80 32 102 48 97 42 109 28 106 1 112 49 116 10 93 20 100 14 103 19 86 40 84 2 111 28 85 25 91 8 73 5 79 13 75 29 99 7 66 36 114 27 115 3 78 37 105 41 72 48 70 15 94 43 107 4 101 40 82 24 89 37 77 41 110 5 
89 45 103 5 107 20 108 40 92 14 97 26 104 42 76 42 116 50 112 4 118 3 68 4 84 33 113 11 93 50 
92 46 93 31 82 24 96 29 71 15 112 40 94 41 67 46 
76 7 114 25 90 47 80 29 111 14 91 28 108 32 118 5 77 31 115 42 70 32 98 36 79 31 97 31 81 39 
78 49 92 45 76 3 72 15 84 17 86 24 111 8 77 3 81 6 110 41 88 22 69 5 73 12 101 21 113 4 94 8 115 27 79 35 100 14 103 18 82 48 108 45 70 2 85 5 105 26 71 10 116 28 104 39 87 9 109 42 
72 11 74 31 100 6 106 50 103 12 85 45 117 43 105 4 101 26 104 35 81 11 99 34 94 7 107 37 82 19 89 21 70 8 88 29 93 9 118 49 112 36 73 46 83 39 119 15 108 3 78 22 115 1 97 21 86 43 113 25 111 19 96 22 92 42 79 15 95 16 98 27 71 10 102 14 
84 2 79 5 97 19 74 44 72 40 106 39 92 14 112 48 111 4 87 45 98 1 115 28 95 34 93 37 101 28 81 48 82 17 86 13 118 27 110 34 117 44 109 49 91 15 96 36 77 13 113 27 83 25 114 47 
87 32 91 26 106 49 90 48 118 50 77 43 88 30 85 22 109 12 89 33 79 11 86 29 83 13 103 15 100 5 80 33 119 25 115 27 108 18 92 46 96 27 78 2 107 20 117 23 
77 50 110 24 88 8 86 29 97 34 108 19 93 3 104 49 83 14 118 39 99 16 76 35 102 15 84 31 116 40 90 48 113 38 79 24 95 32 94 36 87 38 78 50 75 15 101 7 81 25 100 23 80 47 105 35 89 19 91 34 98 42 119 27 111 34 115 41 96 5 82 1 85 20 
74 6 76 12 75 26 86 20 105 14 106 28 112 32 117 37 103 4 92 10 78 35 94 35 113 1 83 43 111 34 110 27 77 46 
75 19 101 32 76 30 94 24 110 23 105 16 90 46 117 35 93 45 81 39 89 30 95 42 119 24 99 35 87 19 116 28 98 42 86 11 103 27 
95 13 81 12 107 2 112 21 84 4 82 39 
99 23 113 27 104 48 96 28 90 12 111 22 108 8 93 36 82 33 115 3 98 41 80 11 107 10 110 22 97 29 83 47 102 36 114 48 79 17 106 12 91 34 112 25 109 2 95 6 77 29 119 3 116 32 78 39 92 40 86 6 117 39 85 25 100 37 103 21 
101 39 92 30 117 46 84 3 82 26 118 9 110 19 111 35 108 39 100 8 86 6 105 36 94 16 102 5 104 47 83 35 99 43 81 38 90 48 97 46 114 16 85 47 88 25 115 12 106 34 91 35 112 27 109 35 96 13 
90 8 112 11 111 4 106 48 93 43 81 36 89 30 91 16 96 41 98 19 100 39 99 24 86 41 117 22 92 44 107 19 95 16 87 24 113 35 84 50 85 35 83 27 110 15 108 48 114 36 119 47 116 49 94 48 102 31 118 17 
100 34 109 41 110 4 105 3 119 7 107 2 116 26 83 23 82 50 91 5 80 46 102 48 112 10 97 23 84 7 96 40 86 7 94 11 114 14 81 14 98 27 89 1 95 2 113 27 118 22 93 6 92 12 85 36 111 35 106 9 104 2 103 28 101 23 87 2 115 35 88 49 108 12 99 31 
82 29 108 22 99 12 119 21 107 17 113 17 118 35 111 5 87 40 89 38 96 46 103 44 116 42 85 39 100 50 95 22 110 41 81 11 98 35 94 35 90 18 86 11 88 48 105 15 97 2 93 2 91 32 109 31 117 14 112 36 84 17 
103 15 95 26 90 29 89 19 102 45 99 44 116 2 88 20 94 30 98 45 111 14 108 2 114 35 110 50 83 27 104 43 112 45 118 24 107 31 97 13 82 49 119 33 
134 11 115 48 86 7 105 3 116 47 147 36 137 22 100 14 88 6 131 27 156 9 132 21 108 9 85 24 153 36 162 37 146 44 129 46 143 22 103 5 126 18 
105 23 122 30 116 35 129 45 104 19 108 39 87 15 150 29 148 14 100 34 131 7 112 49 123 12 138 24 153 26 149 4 109 7 110 43 107 39 121 2 139 47 157 25 92 44 143 46 115 18 155 30 124 5 135 14 137 39 95 28 98 5 141 10 142 4 152 12 
163 1 147 14 144 27 98 44 109 15 85 15 148 27 93 40 91 34 90 40 121 18 136 12 150 17 
152 35 93 13 89 14 161 27 125 17 111 9 137 24 150 38 131 33 117 40 94 21 138 34 156 22 
162 49 97 7 132 43 135 46 101 36 107 49 123 42 127 27 118 12 117 15 111 4 147 40 154 8 
120 30 106 21 131 23 112 13 89 46 88 21 142 48 126 29 98 36 154 10 118 45 161 48 143 34 133 37 139 38 111 27 95 49 156 22 148 14 150 41 113 19 152 27 135 48 102 44 123 21 122 15 151 11 134 10 145 48 90 7 149 45 
106 15 99 35 149 22 126 33 133 40 89 43 148 19 160 15 98 37 144 38 110 50 119 13 135 29 107 27 111 14 159 37 114 5 156 6 95 34 125 16 142 33 120 39 100 26 116 26 112 24 92 20 140 26 146 23 127 35 134 43 139 4 141 37 131 16 
155 2 137 35 124 50 105 20 106 17 125 27 126 38 143 20 134 3 159 47 153 29 118 7 129 49 101 44 121 1 95 45 146 19 160 29 163 35 135 5 97 15 120 17 92 15 151 34 111 31 100 25 117 31 107 34 139 43 148 34 131 33 96 7 158 34 93 3 115 12 142 7 128 36 
125 14 142 45 102 47 137 30 136 45 118 44 96 29 131 20 116 13 157 8 112 7 109 21 
133 30 161 4 144 47 120 3 105 27 148 33 159 11 106 6 123 26 140 37 92 45 150 20 117 48 122 27 141 34 129 37 110 22 142 23 97 39 103 32 136 39 93 7 95 13 116 18 101 37 131 15 154 43 143 15 108 44 138 4 134 31 151 6 145 41 109 30 153 13 160 44 146 16 127 22 100 24 104 31 147 11 
122 32 94 49 106 25 120 9 134 50 115 19 116 1 157 49 109 40 148 7 151 27 96 11 126 21 
110 14 129 15 104 37 160 2 98 23 156 35 130 44 146 48 116 43 162 13 163 8 141 6 149 46 137 46 120 14 148 27 139 30 125 28 135 8 133 24 138 29 100 37 99 31 97 43 95 12 151 37 142 31 128 6 153 24 113 1 101 36 145 30 119 8 159 44 106 7 109 1 108 29 155 28 123 26 152 30 118 10 
160 18 151 22 96 48 143 35 114 32 140 4 121 33 150 19 129 22 103 49 142 45 
145 43 129 11 141 38 123 21 156 27 137 2 163 18 130 29 152 43 100 5 136 22 151 20 118 7 159 5 139 8 
114 12 154 46 110 27 126 17 159 32 150 8 135 45 147 7 161 37 138 39 130 18 144 30 136 24 146 27 122 3 134 47 137 35 99 18 
150 4 125 21 141 37 106 36 136 40 122 9 104 14 140 17 99 7 115 10 129 25 137 26 130 43 160 35 153 8 110 45 116 30 
106 5 136 33 110 18 116 15 145 21 131 39 139 10 143 44 120 40 158 11 152 18 115 31 128 1 155 21 138 8 104 7 135 9 
119 23 105 27 146 28 142 22 
136 50 114 22 115 18 116 8 121 18 102 27 133 44 159 46 132 44 150 35 153 28 125 23 120 41 
117 3 105 29 161 25 139 18 107 46 146 41 103 26 128 5 142 2 115 30 114 14 109 35 163 3 159 45 132 39 102 2 145 44 137 15 153 1 127 8 135 12 106 46 131 2 113 7 112 38 129 42 157 4 
133 7 148 48 110 24 144 43 161 22 137 27 121 27 134 43 114 17 132 50 113 42 
153 40 134 25 146 38 163 18 150 22 151 21 140 50 106 36 137 5 115 4 116 33 119 33 113 31 147 22 148 14 156 16 109 8 111 13 108 23 128 38 126 46 149 34 121 21 110 15 157 11 112 17 161 39 130 41 105 23 143 27 114 19 117 46 144 50 154 20 107 25 136 37 
149 27 162 2 139 47 151 20 157 6 106 28 129 44 153 28 110 10 156 15 154 37 118 24 126 15 120 5 146 36 
161 1 162 22 130 42 143 6 114 44 121 22 119 40 123 12 120 12 129 9 111 9 113 12 108 20 149 27 116 35 157 7 122 30 117 42 134 15 150 18 135 12 128 19 156 1 124 31 
124 44 153 12 115 6 139 45 149 27 163 34 111 21 126 38 147 42 157 9 160 13 112 47 113 24 118 27 
108 21 125 14 110 15 131 28 127 10 137 28 150 16 135 46 144 43 140 3 113 44 155 40 157 39 
144 40 109 45 141 19 155 36 126 43 153 23 134 39 132 18 131 36 125 27 
136 30 143 30 147 40 150 16 140 1 148 26 133 22 151 9 146 43 139 16 142 42 135 41 111 43 145 33 137 27 128 41 153 37 149 25 112 12 134 8 122 46 155 42 131 45 121 41 113 13 138 12 114 31 
117 15 138 1 153 37 112 18 127 13 114 7 147 44 115 11 130 31 126 50 144 37 152 36 150 24 139 7 156 12 149 8 111 49 113 50 118 40 154 46 121 5 155 49 
142 3 122 2 116 34 112 15 119 35 155 13 129 4 128 3 123 34 127 49 115 34 152 17 159 38 138 42 162 31 158 7 137 32 117 27 133 47 151 24 141 37 148 10 157 22 118 37 147 39 135 49 
134 40 127 2 115 3 143 16 139 46 145 24 146 44 138 13 150 13 135 36 163 32 156 3 142 18 137 4 162 47 120 8 119 42 124 44 149 40 125 28 152 25 
159 38 125 25 138 44 121 33 141 2 151 31 133 37 118 28 
118 21 149 26 144 3 158 17 127 46 140 29 145 49 128 48 163 41 157 38 147 26 155 47 132 48 162 42 146 22 
127 24 125 42 155 17 121 8 134 42 137 16 122 43 129 45 151 10 162 22 131 50 147 12 135 21 163 3 156 46 120 49 154 25 161 17 117 23 136 25 157 22 140 35 145 26 132 36 148 16 152 14 
154 29 163 23 157 10 146 18 122 44 143 46 162 32 130 22 139 3 125 31 124 14 160 9 119 9 155 44 145 17 140 17 148 36 151 20 131 49 153 50 128 2 136 34 138 11 134 39 142 42 149 34 133 26 118 14 135 23 132 35 147 43 117 41 152 26 129 9 150 36 127 42 159 12 137 45 141 39 144 14 121 11 126 37 123 6 120 30 
134 43 154 34 142 28 153 26 133 14 147 50 128 3 139 40 119 39 120 25 158 6 131 30 123 10 141 1 159 29 130 43 146 8 161 5 125 48 121 42 162 12 144 47 149 8 145 12 132 1 126 13 118 45 
126 44 147 2 151 38 152 33 120 25 134 30 130 4 150 40 132 19 127 49 145 7 138 14 154 13 125 1 160 47 156 2 153 14 148 34 137 24 119 12 136 9 144 4 162 15 124 17 133 3 142 27 146 50 129 45 149 25 123 23 161 21 121 39 139 17 158 41 157 35 135 28 128 36 
124 26 131 47 121 35 123 43 134 2 159 27 
182 19 180 4 121 23 192 50 
160 49 129 24 162 45 181 38 143 2 170 39 127 36 157 28 152 38 182 18 185 29 163 10 
186 9 134 10 182 20 174 35 164 17 126 10 180 7 166 29 178 10 
190 39 166 30 149 44 185 34 161 10 131 44 124 3 179 7 180 35 133 48 178 46 186 19 127 7 126 14 183 4 129 4 
188 33 132 47 126 5 142 42 178 13 166 4 187 44 177 24 181 21 145 18 169 4 183 19 
170 37 173 30 188 1 148 9 136 7 183 8 165 39 164 45 140 31 135 45 145 26 154 20 169 40 180 50 157 38 
189 29 165 25 138 9 154 24 132 39 164 39 181 32 178 42 179 29 145 42 190 33 130 2 171 48 137 33 172 22 144 45 187 40 168 13 128 18 134 2 188 38 131 41 169 31 
191 25 156 1 154 24 161 20 178 46 189 43 164 33 129 6 142 16 165 26 150 23 141 4 144 16 149 7 183 39 135 46 177 48 158 1 146 49 148 36 172 31 174 5 
153 30 161 14 158 27 176 25 133 38 156 23 147 17 186 12 183 35 165 9 166 15 140 15 160 34 172 5 
156 46 143 50 140 28 159 42 167 12 147 23 146 48 133 28 130 8 192 45 162 24 170 40 145 39 
152 26 132 27 145 8 151 24 155 30 154 49 173 50 149 10 181 14 144 2 189 15 180 4 156 20 
160 45 177 8 154 22 178 3 134 23 138 43 170 23 189 9 148 22 165 46 161 8 139 12 150 45 137 23 144 25 183 12 158 11 187 43 
173 12 142 32 159 11 138 28 191 42 143 14 181 17 133 5 178 35 154 1 140 47 189 11 162 49 168 43 149 7 160 20 155 8 144 27 164 8 156 12 180 50 141 29 135 8 150 36 172 37 152 40 
163 31 143 35 182 13 150 37 
182 34 146 4 180 30 184 40 190 29 173 37 135 8 154 7 188 35 139 16 162 36 177 8 142 33 145 21 153 29 156 20 147 10 192 6 138 41 151 38 165 49 
161 26 176 18 180 27 181 15 149 38 188 44 
160 13 139 12 176 6 167 8 151 4 144 27 153 18 179 23 185 2 169 21 186 18 155 1 190 40 158 15 149 47 161 8 154 30 168 35 183 32 157 47 
178 1 160 44 145 48 175 30 162 30 185 39 167 47 158 43 187 32 142 38 163 15 165 17 138 22 149 36 143 35 182 47 147 35 140 32 174 17 139 3 153 21 
180 16 173 49 163 50 192 5 151 19 165 12 189 44 183 31 171 20 140 12 172 46 147 14 
191 19 140 29 186 42 145 6 155 5 174 47 148 24 182 8 142 14 177 45 169 40 
189 33 186 47 176 24 190 16 160 38 179 41 183 12 192 47 150 37 159 48 180 41 174 8 172 43 166 29 181 49 158 14 155 31 157 44 147 11 141 50 187 32 143 19 170 14 148 9 169 47 142 27 
146 28 174 50 144 12 142 31 152 43 185 31 149 31 148 43 150 42 156 3 191 25 175 34 157 31 165 23 
162 27 179 18 168 11 173 49 185 24 183 18 148 48 180 3 161 1 187 31 164 7 182 7 146 20 
190 29 189 6 172 32 157 27 146 31 147 37 160 38 178 21 179 25 151 33 
162 40 188 23 149 49 
146 42 155 31 175 12 163 37 160 24 157 25 180 36 162 34 185 18 169 12 189 34 159 13 182 35 177 23 166 50 148 43 153 46 192 43 191 13 
167 37 169 21 168 48 162 3 160 13 190 31 180 8 188 46 192 10 185 6 170 8 165 23 159 34 147 41 166 36 171 34 151 21 184 49 150 23 158 7 
148 13 157 5 177 9 181 32 
161 17 166 13 160 35 181 49 173 34 167 35 152 41 154 46 187 7 170 40 190 38 156 30 163 36 183 27 188 30 178 36 150 45 172 11 177 31 157 40 174 48 189 3 153 24 159 10 149 38 
154 47 186 30 189 50 160 2 182 4 168 30 
157 20 187 1 183 42 191 9 164 32 161 21 166 12 160 36 184 5 152 20 159 5 171 42 167 44 175 41 158 30 181 47 185 30 174 36 151 18 153 29 155 8 188 38 165 27 173 27 178 39 
163 29 185 47 176 48 162 18 171 17 188 14 170 8 174 31 192 16 
180 3 170 16 161 44 190 39 157 37 175 30 159 14 179 40 153 11 160 12 184 28 154 39 168 25 183 14 162 11 155 42 182 18 178 15 
160 3 188 20 190 20 182 11 165 10 163 44 176 1 175 30 
184 6 179 45 160 47 180 4 174 41 159 31 185 18 177 39 191 4 166 38 171 40 190 36 172 37 192 15 163 30 181 15 
179 18 158 49 170 22 190 17 188 21 174 12 184 43 166 42 156 27 168 44 172 50 183 34 173 9 182 2 167 49 160 25 192 23 161 17 171 9 164 37 162 30 187 47 178 18 176 24 181 41 159 38 177 34 191 31 169 47 
172 44 166 25 167 4 175 14 190 11 158 50 176 7 179 16 164 39 191 15 162 9 187 37 177 21 
180 16 171 13 186 19 160 19 177 23 182 50 175 6 189 29 179 3 161 13 162 49 174 36 
191 1 192 16 176 8 169 9 164 41 182 2 175 32 181 14 172 22 185 12 165 41 186 41 173 21 184 17 187 28 188 42 178 12 174 20 168 22 179 25 177 9 171 14 170 10 190 49 159 37 189 26 166 38 161 15 183 25 
190 24 175 16 192 32 170 13 163 42 185 30 172 43 173 4 184 44 188 10 176 20 161 41 167 40 178 15 160 31 183 10 165 36 187 38 179 44 189 34 177 39 162 22 168 5 
172 46 183 1 188 45 162 4 166 38 184 11 165 10 170 33 186 35 176 23 185 7 189 30 180 30 171 20 182 17 161 10 187 18 179 43 192 19 
192 10 183 32 186 39 171 32 187 19 172 7 181 41 168 2 175 13 174 44 
186 4 187 41 166 33 183 32 188 21 190 23 167 27 178 9 177 35 175 25 168 47 176 3 192 18 165 15 174 3 170 25 184 45 181 19 169 18 172 13 189 39 163 32 179 23 173 26 191 19 171 44 
177 50 169 21 181 41 174 23 179 32 178 3 165 23 192 19 171 38 186 11 182 30 180 7 188 20 190 39 187 11 184 36 167 24 173 37 172 14 185 38 168 27 189 43 170 34 164 14 176 37 166 9 183 1 175 3 
189 16 208 25 175 16 165 48 190 46 197 20 168 27 185 22 202 16 173 24 178 33 205 26 
207 50 184 42 167 50 206 19 193 18 182 45 186 15 
170 9 208 37 168 25 179 45 171 35 167 28 176 13 212 4 181 24 174 6 191 25 215 7 204 47 
194 47 197 17 170 32 210 40 190 47 
195 16 204 48 207 13 175 32 184 26 170 23 177 17 169 3 188 43 176 2 205 46 181 12 201 23 178 22 182 36 
210 46 194 14 199 1 198 27 184 27 202 27 192 1 211 43 200 22 171 24 195 14 197 38 178 17 175 26 176 44 182 17 185 30 213 6 193 34 179 22 177 49 209 23 
213 40 179 41 198 46 171 6 189 6 204 49 178 41 193 8 190 16 175 5 186 21 176 28 
181 28 203 5 
204 44 
202 33 207 32 198 33 194 12 178 4 176 24 210 8 205 19 203 10 177 39 189 20 
203 24 187 44 186 20 182 2 214 27 190 2 207 32 194 3 178 22 195 44 181 18 210 40 198 43 180 27 177 50 193 22 176 23 200 15 175 50 204 13 
180 19 210 26 212 45 195 28 187 14 179 31 199 44 
193 38 200 45 177 28 196 45 213 9 186 41 190 43 180 29 202 25 204 13 208 16 179 42 183 31 189 24 215 4 188 16 198 6 197 23 206 15 182 49 194 16 
183 30 215 45 199 2 207 43 201 22 178 40 187 7 185 49 194 7 179 27 182 22 196 43 186 45 189 25 214 11 205 6 204 8 213 2 
199 10 185 23 190 32 182 9 195 43 191 13 202 47 207 40 184 17 213 7 197 43 210 24 
210 25 182 19 184 18 180 17 200 14 188 18 198 27 191 35 212 39 208 45 204 31 186 38 189 5 196 31 193 23 207 8 205 44 194 34 214 48 199 43 
185 24 197 34 194 20 189 50 188 33 204 42 201 7 203 11 200 30 213 23 190 43 198 34 187 7 182 9 192 28 210 4 181 48 183 42 208 25 191 14 193 42 214 1 
214 30 198 38 201 21 183 12 195 49 209 9 182 43 192 11 186 10 184 16 203 50 211 11 202 28 185 20 205 40 196 28 194 8 204 18 187 10 207 6 189 46 206 19 
202 11 191 48 185 7 197 18 210 45 194 2 211 40 201 6 196 47 189 49 213 11 198 20 204 44 205 21 208 39 200 19 183 5 
209 14 203 20 205 32 213 46 206 46 208 5 192 45 195 11 
191 50 201 47 204 40 186 25 195 31 202 21 200 18 209 19 212 1 211 49 197 20 190 41 196 38 210 32 205 20 207 46 
196 50 192 44 190 16 
194 4 215 5 192 49 195 49 
215 20 196 22 199 32 188 35 204 4 212 49 192 48 197 34 213 36 193 41 211 28 189 19 203 45 
198 28 214 23 
212 28 193 41 197 13 204 25 198 17 211 20 190 45 209 8 207 1 
200 40 213 20 195 50 194 14 
200 5 201 8 211 3 199 21 198 25 202 40 209 48 192 5 197 31 
195 5 207 41 212 13 205 17 202 27 206 16 210 43 208 20 204 40 194 10 203 28 200 28 199 9 214 11 209 22 197 21 198 36 196 44 201 2 213 47 
204 44 228 16 219 43 225 38 220 44 202 5 226 3 253 1 203 20 249 39 223 4 215 31 247 36 242 12 199 2 252 5 232 1 255 42 231 7 209 37 241 42 211 39 245 9 221 29 236 22 195 34 240 8 196 45 207 43 214 33 197 49 205 23 198 1 201 25 248 28 217 29 227 7 237 44 234 30 
242 30 214 30 239 46 218 1 219 36 203 31 207 48 250 8 232 7 257 29 237 25 252 35 
233 46 240 37 231 44 211 37 209 20 213 20 215 5 227 20 214 37 223 7 250 31 226 26 218 12 245 30 207 7 205 33 242 3 254 28 220 10 200 31 225 21 243 8 208 16 217 14 255 5 197 13 239 24 235 45 249 39 199 15 252 6 219 25 222 9 210 44 198 34 228 39 238 16 204 29 244 27 247 43 234 44 
237 38 226 17 223 26 256 50 214 33 253 30 234 15 240 17 200 9 
210 37 229 46 246 25 236 48 201 40 227 39 219 34 212 38 218 4 
210 37 201 34 243 50 253 35 213 14 215 6 222 2 254 32 231 2 206 32 251 23 226 5 204 35 236 36 219 15 238 47 235 30 207 12 255 46 257 31 233 42 205 8 250 24 229 36 217 40 242 30 246 19 224 24 234 38 202 8 249 36 252 16 228 49 
248 22 257 46 201 38 247 2 220 48 221 38 254 32 236 24 243 46 225 27 256 17 239 6 206 11 246 41 245 36 210 48 216 40 
208 29 214 42 223 12 209 19 242 47 219 2 232 39 205 48 218 19 217 13 238 33 249 15 257 27 231 11 252 39 240 25 246 25 230 19 236 38 224 4 216 1 253 12 227 23 241 27 225 31 244 37 211 7 234 20 206 36 
203 6 247 22 208 16 236 24 204 26 206 23 217 44 226 23 232 12 212 29 225 47 231 48 240 29 229 24 211 22 248 27 250 26 213 18 238 26 222 35 230 7 218 9 224 22 241 35 245 12 256 36 237 14 252 38 254 11 209 28 207 14 244 41 221 25 205 1 
243 9 218 27 220 48 255 25 227 26 
252 11 238 7 241 25 228 12 217 44 256 30 257 19 222 43 248 5 204 13 214 31 250 32 246 28 218 26 247 19 233 18 208 3 245 7 209 41 243 5 224 20 213 50 240 32 215 2 235 32 254 28 239 19 244 16 
224 7 247 10 
241 14 217 17 232 43 
207 6 220 40 216 16 208 4 215 17 245 13 249 23 251 9 229 47 252 3 246 34 253 37 226 45 250 39 247 43 255 2 257 47 210 6 214 43 227 5 224 38 248 7 238 34 244 10 225 37 217 25 230 14 234 21 209 23 
232 11 
242 19 255 40 257 23 252 15 235 24 230 37 215 23 213 19 243 23 246 11 
230 35 257 45 210 9 224 15 228 41 249 35 256 44 225 22 221 11 239 20 246 24 255 1 231 10 254 28 234 25 252 47 236 45 232 1 223 50 251 25 250 18 218 33 247 4 220 47 217 28 214 6 233 36 211 12 244 31 238 25 241 1 237 48 219 8 222 45 212 31 215 29 245 39 229 14 216 36 227 24 213 32 
240 18 256 39 251 10 228 47 255 40 224 42 252 37 227 29 211 2 247 44 213 16 214 44 234 13 246 44 254 13 239 20 235 18 237 24 215 1 244 6 241 6 232 23 219 30 245 25 222 14 220 38 217 14 238 3 253 36 216 26 223 16 249 2 236 12 
230 30 245 3 242 38 233 49 254 49 229 40 219 9 244 44 252 26 250 1 253 1 224 21 231 18 223 31 228 36 255 38 213 33 256 2 251 25 214 46 240 43 257 36 237 49 243 17 248 37 221 43 247 44 246 21 235 8 225 36 238 38 226 16 216 29 
247 2 217 8 256 36 239 2 254 2 221 9 241 24 228 25 225 34 233 5 215 15 246 13 223 22 235 23 244 29 227 47 226 25 230 30 232 1 255 43 
245 21 228 4 248 38 237 6 238 18 224 15 253 30 214 31 254 32 241 8 216 45 252 7 220 3 249 19 251 41 244 16 231 42 242 27 222 46 250 39 227 20 225 23 226 23 246 3 223 5 256 39 236 36 240 14 230 10 217 50 215 45 243 26 218 36 219 34 234 33 233 18 
216 32 244 49 237 15 233 41 226 10 254 20 235 3 239 6 240 27 215 42 252 44 253 30 236 45 257 16 219 22 241 39 251 22 218 23 242 3 220 4 248 44 217 45 249 8 234 17 
227 14 224 39 221 36 226 12 237 33 233 50 250 46 249 28 232 19 235 24 241 12 229 9 240 27 219 4 246 44 251 32 239 45 238 31 255 6 225 28 217 20 256 21 254 50 244 35 242 2 220 49 252 18 234 35 253 46 243 21 223 35 218 37 216 35 236 22 222 6 247 3 257 31 
251 13 238 22 252 49 262 16 240 25 246 8 266 9 249 5 276 7 258 16 232 27 235 33 
264 3 229 8 
251 17 244 23 229 23 258 40 273 15 272 31 222 6 267 1 
245 9 235 37 253 6 243 45 273 14 236 1 226 36 262 41 242 2 276 19 
260 42 
263 24 277 1 240 4 257 24 222 39 239 24 236 19 
236 33 275 34 269 4 235 50 241 19 263 2 264 15 274 35 228 47 226 21 230 12 254 23 256 43 260 28 270 27 243 34 227 31 272 38 267 44 252 33 
249 17 226 35 266 45 255 18 253 40 275 38 231 37 264 9 
251 22 271 10 241 28 248 36 260 31 238 5 275 40 270 14 273 10 269 8 261 9 249 28 247 38 
260 50 257 26 277 16 
267 27 245 40 228 41 241 22 
265 4 274 15 271 6 261 1 272 2 253 39 266 20 270 39 251 21 273 12 244 6 231 25 
274 47 255 38 236 25 262 45 254 40 249 30 268 49 230 26 244 25 232 41 231 40 235 28 251 43 273 31 269 33 264 28 246 27 234 29 
249 9 255 16 254 3 256 31 266 45 238 24 275 37 235 4 274 11 231 45 277 24 246 36 261 4 237 18 262 32 260 33 
233 32 277 15 251 12 268 46 235 32 249 38 
243 26 241 7 234 19 239 23 270 43 253 10 236 44 251 46 254 47 248 25 242 12 265 10 252 26 257 10 261 45 240 42 256 12 262 48 267 41 269 31 
277 44 252 21 253 18 261 30 234 11 235 39 274 6 
248 18 236 17 273 14 240 15 274 2 264 22 247 16 277 2 255 48 243 42 242 27 272 38 253 28 251 1 244 22 259 44 
255 8 261 21 249 46 236 15 251 47 239 42 243 15 238 12 275 32 248 27 276 10 257 44 254 48 262 39 237 36 240 31 244 5 263 18 259 10 
238 44 273 14 274 25 
263 4 258 31 268 4 274 31 239 19 240 26 272 31 253 31 
269 49 239 16 267 16 273 3 258 11 244 10 277 30 247 12 262 42 253 45 268 15 248 30 243 42 272 7 249 7 256 4 245 37 
263 17 245 1 248 12 243 50 268 21 275 49 254 49 258 35 269 28 246 45 247 17 257 46 276 38 271 50 262 29 266 21 
256 22 
250 45 242 31 277 28 251 23 246 46 
259 33 256 18 249 39 247 12 275 35 262 1 250 42 243 21 
261 44 253 13 255 8 272 30 249 12 276 6 271 2 243 42 258 41 246 6 244 32 245 47 
258 47 253 23 264 27 
257 3 274 49 267 45 270 1 273 34 259 18 271 27 256 2 
257 7 262 39 259 5 277 40 270 42 266 37 252 21 
247 32 270 33 250 41 265 40 259 2 249 19 275 36 277 15 248 49 274 17 268 7 267 6 272 45 254 19 261 27 251 10 
267 49 266 21 263 48 260 1 276 33 264 11 258 9 
252 27 272 22 251 10 258 1 265 20 266 31 263 23 255 14 254 14 273 42 256 11 269 28 259 50 268 32 277 14 274 1 260 22 275 15 
264 7 275 40 277 24 273 9 260 41 266 13 261 9 
277 40 260 47 
253 48 252 46 260 17 267 33 262 22 258 16 255 41 257 17 276 6 274 19 275 21 270 20 271 11 261 48 269 43 256 4 273 7 268 49 
264 4 259 6 270 2 274 37 263 23 277 38 272 17 269 23 267 44 256 37 271 33 255 41 262 26 
267 29 262 29 255 2 266 40 257 36 270 43 271 10 258 26 269 20 275 19 273 15 268 39 265 5 276 31 263 32 259 16 
267 27 277 49 260 24 272 16 263 17 261 19 257 15 266 43 265 23 256 3 258 42 262 27 268 26 271 43 275 49 255 36 269 29 264 4 259 12 
256 30 263 40 259 28 265 33 258 43 261 1 
269 7 266 50 276 47 264 17 268 8 271 27 261 33 267 34 275 14 258 34 277 18 274 13 263 33 272 34 262 35 273 12 259 3 
269 41 264 48 263 21 272 1 
280 33 265 17 274 31 296 1 262 44 297 40 277 6 292 9 302 26 264 29 294 11 305 17 260 46 281 45 301 40 300 5 303 41 261 24 304 37 266 6 268 23 284 15 276 40 267 18 289 10 
304 20 296 32 273 29 281 8 286 45 302 35 261 16 288 38 293 34 275 7 307 32 299 38 300 7 309 1 306 46 292 28 294 11 260 44 268 32 269 47 271 49 290 48 276 39 287 32 
301 39 281 20 264 16 305 19 302 27 261 22 294 41 274 1 288 41 298 42 268 35 300 18 267 7 
296 28 287 3 278 36 272 16 267 9 305 7 289 6 279 49 295 12 293 4 288 11 280 40 282 4 290 28 264 5 285 21 273 40 269 32 275 35 
293 43 301 23 271 43 300 34 265 46 281 17 267 34 292 37 286 34 297 23 296 42 291 32 285 49 308 37 268 5 289 18 290 23 309 41 275 6 302 11 304 45 307 19 298 37 272 35 
294 23 272 14 309 2 289 8 286 41 307 44 281 36 268 25 265 7 287 1 295 43 297 4 303 10 283 14 275 31 298 25 291 28 300 1 304 46 
291 13 283 11 301 15 297 7 267 20 281 12 
298 39 277 49 290 50 266 43 303 26 279 3 285 38 274 39 304 48 306 18 308 35 301 6 291 18 302 43 269 41 309 1 283 24 296 29 286 33 270 49 275 25 272 49 282 49 276 43 280 17 281 45 271 16 267 26 307 50 292 24 293 44 
288 44 272 18 282 2 308 47 278 47 276 14 306 8 279 11 267 22 284 26 
308 40 298 31 303 18 
308 42 309 9 273 40 291 2 296 45 298 21 295 41 279 39 
293 1 295 38 277 22 289 32 272 22 284 32 281 28 276 33 290 7 292 42 302 35 273 47 287 19 270 38 304 31 309 8 300 43 296 4 275 37 291 48 298 10 305 10 282 31 299 34 
301 16 273 7 289 32 286 19 288 33 303 8 309 14 282 47 283 18 277 31 292 26 298 7 285 45 272 8 291 48 304 23 287 7 294 42 279 41 271 46 305 11 295 47 296 4 293 48 276 49 299 47 308 38 297 12 284 44 275 6 290 31 306 18 
286 29 299 3 292 36 301 50 272 29 283 46 304 9 277 50 281 50 288 36 282 26 280 34 297 25 290 15 287 5 279 16 296 30 307 38 303 29 291 23 284 15 275 11 300 44 294 1 276 10 295 18 309 14 278 43 305 1 289 25 274 34 298 7 
298 2 281 18 286 27 303 9 284 27 293 19 304 41 296 3 283 47 280 45 279 34 305 21 292 2 288 32 274 49 289 32 278 8 306 6 
290 21 299 38 284 36 297 4 276 29 278 45 287 28 285 44 288 2 
288 38 292 28 293 4 282 41 277 45 295 21 294 18 298 5 283 38 303 18 304 36 309 42 279 43 278 17 285 10 300 27 281 8 301 30 289 44 308 44 296 25 291 10 276 25 290 44 306 4 
304 42 295 48 
301 27 
295 50 303 36 302 35 304 35 290 34 309 31 305 20 281 19 307 39 286 17 278 32 291 34 
318 10 314 36 287 11 281 2 284 11 333 7 290 20 309 5 296 49 
330 16 320 48 293 27 294 27 302 27 339 49 286 35 304 17 329 10 323 25 285 4 312 13 317 20 300 7 311 29 
304 27 298 35 290 45 316 25 335 19 292 48 283 38 281 40 309 9 302 12 319 31 330 1 297 47 334 30 308 2 322 10 327 43 320 26 340 26 305 43 310 40 307 36 
313 3 329 27 316 14 331 38 332 38 296 38 282 41 
318 42 286 48 306 6 319 19 334 3 300 8 325 45 289 5 304 5 308 10 335 48 340 20 323 10 
318 2 300 46 332 19 336 25 301 3 330 49 323 50 307 37 293 45 314 34 333 11 335 5 284 45 341 12 295 23 306 25 299 49 289 45 
305 47 288 31 309 1 319 46 327 22 308 39 316 49 306 10 290 30 329 5 287 41 301 37 328 28 339 24 292 31 341 12 291 27 321 41 325 19 302 10 331 17 337 45 285 25 
311 18 339 37 331 4 309 34 295 40 326 4 287 29 293 34 328 24 308 50 317 9 332 3 327 4 290 9 323 47 335 50 302 43 301 28 337 43 321 23 329 1 292 44 288 13 320 30 294 13 305 11 315 44 291 11 
306 5 296 45 308 46 330 1 314 5 328 4 311 16 332 31 293 30 297 31 319 3 317 10 323 26 291 45 312 2 316 40 303 6 339 34 310 20 333 13 326 19 335 36 318 11 325 9 
332 34 330 42 310 29 304 10 294 6 335 16 298 31 323 17 319 20 336 31 312 37 329 12 334 5 338 25 309 48 289 29 326 29 308 2 318 17 316 23 297 40 303 28 331 31 295 24 337 16 290 10 311 35 328 22 341 3 325 9 292 22 
299 2 332 4 303 45 341 5 336 33 298 27 325 16 327 37 337 42 340 30 290 23 313 48 326 35 315 22 294 21 328 16 300 2 305 3 307 15 320 13 311 32 314 27 319 15 302 39 289 12 293 4 292 11 291 45 335 49 312 16 
314 28 292 26 325 2 302 7 310 9 340 49 341 47 
324 47 329 35 330 13 305 37 312 27 325 11 299 34 307 37 294 15 337 27 298 48 340 7 313 15 323 22 
330 21 314 29 
299 17 297 30 293 49 328 18 323 7 322 27 336 22 329 27 320 46 318 27 313 12 314 45 300 9 301 43 324 35 302 35 331 44 326 32 306 37 334 43 335 11 327 38 317 17 
334 35 308 6 339 47 327 27 306 5 330 50 296 28 311 26 341 9 321 10 337 49 338 11 332 25 324 12 314 36 
323 42 302 16 328 47 332 38 331 14 299 35 336 28 
308 5 325 49 307 48 338 12 339 33 300 11 340 48 299 16 324 38 304 34 314 22 319 13 322 46 321 16 301 14 309 31 303 23 341 3 297 22 296 21 317 39 327 45 318 36 337 4 312 38 336 42 298 14 313 47 
339 35 305 39 299 43 335 27 304 5 334 5 315 14 312 29 314 31 337 23 319 20 329 27 306 39 323 43 297 30 338 22 341 20 316 38 308 7 333 1 317 13 321 18 301 3 332 44 327 45 318 26 
339 45 298 25 303 3 336 2 323 4 326 36 314 39 300 10 304 48 333 9 310 40 321 12 340 30 316 28 308 31 311 48 309 21 312 49 317 36 301 17 327 28 338 36 325 15 319 46 328 27 306 48 331 7 330 31 337 20 329 49 
319 34 338 45 328 31 303 27 305 26 
302 28 336 28 332 15 315 20 341 4 339 44 330 37 325 8 331 14 301 24 307 29 300 22 326 29 312 6 314 27 310 10 324 15 313 24 328 37 322 9 321 1 305 21 318 42 316 1 340 11 338 39 323 1 303 38 320 11 319 19 
303 28 335 44 306 24 313 18 339 38 302 42 332 19 341 44 326 19 314 12 337 25 308 8 321 42 319 10 330 48 323 43 322 1 
321 19 339 38 314 39 327 40 313 44 305 37 322 25 325 46 306 4 319 24 333 17 316 32 317 26 341 25 320 14 337 23 334 38 326 7 332 13 340 26 324 49 323 49 311 26 312 36 329 46 304 22 308 36 303 33 336 20 310 44 309 43 
317 32 327 27 339 43 329 43 315 4 311 32 320 33 321 4 341 11 322 19 323 12 310 44 318 41 335 2 
305 47 321 24 332 43 308 15 327 36 328 43 318 14 311 38 309 24 337 5 334 20 315 44 323 49 340 13 310 4 306 27 338 9 304 11 341 41 326 25 316 24 
317 43 321 49 329 7 305 27 326 11 314 37 333 23 330 13 315 23 318 34 313 41 338 22 331 5 319 34 309 31 340 17 306 45 311 33 332 46 322 47 325 4 327 25 316 49 307 34 334 29 339 46 323 25 328 5 312 1 337 49 336 42 335 46 
316 35 313 31 336 42 314 6 322 33 307 44 332 36 323 18 333 4 308 17 321 6 341 27 334 2 306 37 329 17 317 35 337 9 315 44 
315 49 316 38 322 8 324 40 
341 7 330 25 335 24 
324 20 330 39 319 20 315 25 338 18 341 34 331 33 320 14 322 1 333 8 309 22 313 29 335 23 326 13 340 35 321 40 
313 16 339 29 326 17 341 37 321 37 327 40 314 1 336 49 318 18 324 2 335 22 317 20 331 10 333 45 325 29 322 7 329 16 320 18 330 46 334 44 311 12 337 40 328 35 
316 4 364 30 372 50 344 40 317 46 322 21 324 41 356 50 319 14 313 5 339 6 362 7 346 39 354 16 335 40 337 2 373 1 371 2 351 17 321 40 311 10 366 3 329 11 
315 36 366 15 330 26 335 13 352 48 331 23 349 40 343 28 370 28 322 11 334 49 313 6 364 27 345 13 320 23 374 13 328 39 354 15 312 41 346 1 369 4 
359 33 314 17 361 28 355 35 
353 46 335 38 366 34 328 8 351 43 
332 11 340 33 348 5 354 40 334 23 361 42 373 34 353 21 327 22 350 36 324 3 342 21 341 27 371 24 331 29 374 32 365 10 343 23 315 11 369 19 
341 10 346 12 317 12 370 38 
333 40 348 47 366 25 324 46 351 18 361 27 356 31 322 12 326 8 319 35 373 4 375 35 318 16 344 37 328 25 367 23 370 12 371 43 358 33 343 33 362 46 335 22 355 16 
344 19 336 25 330 32 349 28 368 31 354 48 365 45 375 29 374 34 328 4 323 32 324 49 363 20 360 40 350 15 338 11 358 18 
371 41 355 31 363 1 354 34 321 28 337 14 362 28 339 23 350 34 361 50 331 36 322 11 
330 23 368 43 364 43 344 10 329 24 
353 9 332 1 342 7 372 11 371 15 369 24 362 38 368 29 363 34 375 15 373 14 337 40 322 38 367 39 
360 12 354 6 345 5 355 5 344 5 340 3 334 40 330 13 325 40 331 4 323 25 351 13 373 48 362 11 370 48 339 2 335 31 359 49 358 19 333 46 353 24 342 11 328 30 365 50 324 13 336 19 357 11 
367 21 371 38 344 45 357 27 375 8 338 35 368 48 331 23 343 34 365 26 354 27 369 9 373 18 353 34 350 20 364 25 339 47 324 38 359 21 358 33 366 8 351 42 340 17 329 10 333 31 
343 7 328 45 354 12 373 8 329 7 361 49 336 47 355 19 372 4 334 42 349 15 338 14 337 45 367 44 347 40 326 23 360 31 365 13 330 19 
342 7 368 12 365 20 348 16 327 7 
372 3 341 10 375 9 356 19 329 48 347 34 335 2 331 22 351 22 360 34 350 46 359 47 363 1 371 44 332 49 334 18 
361 1 338 18 332 16 343 40 346 47 362 4 357 22 353 5 365 35 337 44 330 43 364 20 328 18 372 31 336 17 347 37 334 27 352 32 373 24 342 47 329 17 367 1 348 48 327 3 375 14 333 35 363 25 344 48 
362 21 360 6 366 43 371 21 372 24 330 44 343 1 329 46 336 15 361 50 353 40 357 18 351 44 334 9 335 3 370 40 358 49 356 32 331 33 337 36 367 7 349 15 342 15 375 12 365 44 373 25 
347 49 370 26 366 48 357 14 351 4 333 18 352 50 369 6 346 37 350 7 349 26 368 26 338 28 329 19 341 28 361 21 367 42 364 21 344 15 363 12 360 22 
333 33 352 2 
351 27 338 10 358 16 343 25 335 17 349 32 369 10 359 50 333 40 375 19 371 48 368 6 331 31 364 41 366 38 362 33 360 36 337 48 361 18 367 37 336 32 355 22 363 15 373 5 350 37 339 29 370 48 
373 24 360 21 366 6 369 48 345 25 337 10 
364 14 336 47 343 27 368 6 370 50 362 1 354 47 359 36 341 35 369 24 367 24 340 23 
369 16 366 25 370 49 372 15 357 36 
338 33 374 33 363 3 344 35 375 11 335 11 347 19 362 19 358 8 360 35 359 34 351 5 352 30 346 50 353 9 345 21 361 40 370 7 371 32 343 33 349 33 372 23 355 31 337 50 
343 20 336 27 345 47 341 2 347 13 
350 35 349 26 365 15 367 42 371 47 370 46 359 43 375 1 362 26 347 15 358 24 351 44 374 3 341 24 337 42 354 1 343 17 366 43 360 24 369 46 355 11 340 44 
343 37 361 11 350 16 342 38 366 35 363 9 359 29 367 33 341 5 375 3 354 31 365 46 344 44 357 37 370 27 355 33 349 11 369 10 373 11 368 23 339 47 353 34 374 29 346 28 364 14 356 36 372 15 351 34 371 44 358 2 348 37 360 43 
374 11 364 26 349 14 341 31 350 46 367 16 356 13 344 39 372 7 342 35 359 5 339 30 362 17 361 12 375 50 340 17 366 32 369 3 358 1 345 9 354 46 365 1 346 3 353 28 351 5 348 29 370 11 355 48 
343 13 368 20 350 4 365 49 341 22 369 29 364 21 347 20 372 3 357 28 360 32 362 5 340 42 354 22 375 45 366 50 349 21 348 37 345 29 371 11 367 29 342 7 370 14 351 29 359 44 
365 31 352 41 344 28 367 21 375 37 354 21 356 11 355 32 371 21 360 11 341 8 362 17 372 25 351 36 
362 37 359 11 348 34 365 41 353 17 355 31 371 1 344 20 346 21 351 38 350 48 361 27 358 29 345 37 352 24 373 41 370 22 347 11 363 8 375 31 357 50 367 5 360 24 343 44 
353 35 388 40 376 43 
344 2 375 31 379 45 374 40 386 45 346 2 350 16 360 12 380 21 365 17 363 30 364 2 
377 41 346 39 
369 43 368 39 373 21 385 15 361 17 
396 20 383 15 
385 37 352 5 360 16 379 19 
359 11 351 28 395 15 
370 3 354 50 379 12 357 30 396 49 
367 47 381 17 356 47 374 13 353 43 352 11 359 31 395 15 360 45 366 48 372 30 393 7 361 35 380 48 384 6 364 16 357 4 387 5 
357 5 366 2 356 32 386 25 365 44 379 20 381 43 364 34 389 47 388 47 376 36 363 41 353 27 358 3 392 16 395 46 384 38 387 2 378 49 368 4 374 21 
395 6 388 44 360 4 372 47 379 5 
385 9 380 35 390 27 366 16 365 28 373 48 362 25 378 29 394 16 363 28 367 7 357 8 382 46 371 21 364 11 393 11 388 43 386 40 
372 22 365 14 366 46 383 2 368 42 364 30 377 14 370 16 393 48 362 11 376 4 385 30 356 33 358 15 394 10 371 26 380 23 369 49 382 17 
373 15 360 21 392 39 369 8 394 19 357 31 376 30 390 16 362 46 385 42 
396 39 374 45 376 28 389 50 385 27 359 31 364 13 373 47 366 6 380 22 372 12 
395 29 361 14 381 24 363 10 366 48 373 39 388 14 386 36 359 10 368 17 389 41 396 15 364 43 369 41 380 19 371 12 394 34 377 31 367 43 384 38 
377 12 378 17 359 42 
372 6 378 4 367 47 377 36 361 45 369 33 393 35 360 7 391 49 374 33 396 16 376 24 370 4 
382 45 374 2 395 42 376 38 377 4 381 25 388 9 390 47 375 14 370 25 
389 7 
395 37 367 14 
386 9 370 35 365 39 384 26 391 41 372 34 377 40 378 24 392 19 387 36 373 41 
379 47 382 35 373 44 391 33 372 13 378 37 389 45 383 21 380 28 386 7 367 36 384 28 388 13 375 50 385 20 393 15 
375 22 391 45 371 39 392 41 393 45 385 44 367 5 382 32 376 39 374 22 383 31 
375 2 388 37 373 23 396 24 380 34 370 38 387 33 390 26 377 23 386 34 379 15 
389 39 381 39 372 21 387 30 392 10 390 27 377 29 369 34 373 32 395 25 375 3 
374 25 369 27 390 5 393 4 379 1 378 43 387 36 380 31 371 29 377 1 396 38 391 43 395 14 386 15 372 41 383 16 
374 44 373 35 371 28 
387 11 395 31 393 43 378 11 388 9 386 35 392 47 377 4 380 25 379 15 383 22 374 46 
389 6 382 50 
378 13 393 39 392 37 390 22 394 19 374 10 381 26 
391 24 
385 11 393 45 396 50 382 17 383 45 375 17 384 32 390 22 379 40 381 36 376 36 391 9 377 21 386 49 378 8 392 23 394 27 388 47 380 33 
385 43 387 41 376 19 384 42 394 8 391 28 380 9 378 37 381 3 392 50 383 1 390 8 393 26 382 21 396 16 386 44 395 9 388 40 389 41 377 8 
385 33 381 18 400 33 392 38 402 23 417 16 390 49 398 17 401 43 377 37 397 11 379 39 413 44 414 21 399 4 393 50 388 6 
386 23 397 6 404 22 413 29 379 39 419 42 415 40 411 38 390 33 402 21 399 36 414 45 424 6 
387 13 423 4 417 20 
396 43 
400 24 382 3 387 48 410 29 406 48 385 6 422 31 413 3 396 12 386 12 388 17 390 5 383 31 401 39 393 22 392 35 416 40 402 16 423 29 424 32 398 9 419 21 414 20 415 46 411 38 381 32 391 16 417 20 
402 11 412 16 390 9 384 19 397 50 399 12 382 33 406 19 413 33 404 2 415 11 411 33 393 20 386 19 385 39 417 22 
423 40 403 9 408 15 402 47 418 19 416 17 401 2 
424 32 409 27 403 47 405 11 395 24 391 2 401 19 415 7 
410 31 416 9 
388 34 407 23 408 45 403 21 417 43 391 20 386 30 387 23 
407 46 414 32 424 17 394 49 420 20 402 25 400 5 405 43 406 17 
415 30 409 9 400 17 419 31 
407 28 413 4 419 48 392 42 403 15 424 35 390 6 416 31 423 8 417 3 393 32 405 44 420 50 418 21 401 2 406 44 409 35 395 37 
411 28 404 40 401 26 395 47 392 38 424 17 420 26 393 20 403 30 399 46 391 46 413 47 408 25 419 35 405 13 417 48 412 29 398 18 416 43 423 36 409 9 394 18 
394 44 410 15 408 20 414 29 395 31 423 2 420 23 398 8 413 17 397 24 391 21 399 10 409 48 400 35 424 43 407 31 404 11 421 38 402 47 416 23 403 35 417 23 401 23 418 23 411 18 415 16 405 29 392 50 
406 50 393 47 420 10 413 2 394 17 418 7 402 25 410 49 412 43 414 49 421 42 417 28 400 38 396 48 397 20 424 29 419 33 398 31 422 48 416 40 
424 37 400 7 417 20 423 47 415 42 413 4 407 11 422 41 395 16 409 49 408 35 410 42 403 30 414 43 
402 37 424 15 405 24 415 37 420 5 409 11 423 25 400 50 414 47 422 42 403 26 398 18 394 16 416 9 411 12 413 10 406 16 399 8 395 32 404 3 401 46 397 39 419 23 417 38 
403 49 406 18 395 47 408 26 400 1 401 38 402 3 423 30 397 46 414 13 
403 2 418 28 422 35 414 43 
401 11 408 2 416 43 409 46 412 44 406 2 414 26 423 13 419 48 418 35 413 40 407 12 402 25 405 17 421 15 
443 38 427 29 423 44 429 16 408 5 435 50 448 44 441 27 400 5 450 17 412 15 417 49 416 9 402 11 413 12 421 35 424 39 455 42 406 32 449 28 431 15 411 11 453 2 405 50 434 38 
412 12 411 15 427 15 434 2 430 28 446 34 415 16 439 32 433 5 437 44 401 2 426 35 424 39 
440 48 403 23 435 31 456 14 
428 41 421 25 436 42 443 47 449 13 419 5 430 36 411 38 437 48 
456 37 451 12 403 50 449 47 407 24 405 13 426 50 425 43 441 29 453 1 437 44 408 8 406 41 442 42 444 39 440 49 450 34 419 30 434 28 420 23 404 40 452 41 431 43 432 46 411 19 436 13 416 31 417 14 433 24 
416 20 423 6 426 20 455 38 445 8 451 7 425 4 404 37 453 27 435 40 422 25 452 40 432 16 403 43 
453 29 445 31 421 45 435 3 410 16 409 8 430 16 417 22 414 17 454 13 441 10 416 49 456 27 437 33 439 19 432 23 434 35 423 29 449 4 425 45 436 33 407 33 406 11 447 45 442 31 448 21 426 22 444 21 438 46 450 32 411 13 419 38 451 49 
434 45 
454 8 422 45 450 4 451 38 409 38 429 20 437 41 457 22 435 9 447 27 439 40 417 25 449 24 442 35 431 1 445 24 430 38 425 3 416 25 
410 29 432 29 448 5 418 37 445 10 452 50 438 10 436 10 414 7 446 42 450 20 454 45 455 36 416 10 428 33 444 40 443 37 424 42 427 50 407 12 441 44 417 33 451 8 453 1 430 13 440 29 
445 11 450 30 429 23 425 39 444 42 439 15 448 24 456 4 409 43 427 36 431 27 433 31 423 36 428 5 421 22 
427 14 449 50 455 41 446 25 436 41 415 46 410 28 419 31 
413 6 412 35 452 7 428 18 414 7 425 50 422 10 415 26 
446 18 457 29 427 18 419 25 448 8 429 10 420 50 422 24 430 28 435 46 414 36 426 39 444 16 431 28 424 45 455 34 413 27 439 9 432 23 412 30 438 33 447 48 423 25 441 34 415 7 428 1 436 12 451 37 456 31 417 9 411 25 449 1 
444 37 424 22 422 21 451 36 429 30 433 32 
452 38 434 5 432 42 433 9 454 39 428 40 
427 33 455 45 428 2 452 48 434 50 422 42 425 19 445 20 438 13 419 19 414 28 432 13 418 10 440 4 437 1 442 24 456 11 433 10 421 35 453 11 424 11 450 43 
455 44 445 32 418 15 457 39 423 37 450 20 451 33 434 39 433 2 
420 38 432 44 447 1 418 24 443 29 441 29 455 24 428 35 437 6 450 13 421 29 444 36 
456 4 426 15 453 11 428 41 450 29 451 7 455 14 418 35 
457 4 422 33 446 41 434 44 438 22 436 47 421 12 427 11 447 26 442 6 445 8 449 29 430 29 433 32 456 26 
430 18 437 24 441 24 447 47 424 39 425 30 433 1 431 17 
450 34 442 44 438 37 448 32 441 44 425 48 455 28 446 50 434 3 456 46 429 37 440 23 428 24 435 13 
450 45 452 47 422 42 427 15 430 8 440 1 442 3 441 4 429 20 425 3 456 39 438 44 449 4 431 39 446 1 433 24 454 40 447 37 444 19 439 7 428 50 455 24 437 23 434 5 423 43 
447 34 428 50 430 35 448 20 452 49 453 14 454 5 442 8 433 18 434 26 423 50 443 15 451 2 
454 37 435 47 430 4 448 47 449 21 440 6 426 19 439 40 432 49 451 23 434 48 423 9 436 1 445 37 438 9 442 31 433 1 424 18 429 50 452 10 443 27 450 24 441 27 428 2 455 26 457 10 431 8 437 40 444 5 447 46 456 3 425 37 453 21 
456 50 453 42 433 14 429 28 445 7 449 15 428 41 424 8 439 14 448 35 457 47 437 26 435 31 444 38 450 21 434 27 431 10 455 14 440 14 452 41 427 29 438 8 442 17 436 18 426 30 441 38 454 20 430 24 443 47 446 18 432 49 425 17 
435 20 427 22 445 17 434 27 450 48 457 34 438 9 447 14 437 27 454 28 439 27 425 48 455 21 428 35 452 15 453 29 449 23 432 18 456 3 431 28 443 4 
443 20 460 42 
471 26 436 22 473 27 476 47 430 6 429 9 452 43 453 2 460 4 440 26 472 7 438 37 456 31 462 20 454 36 427 40 443 13 435 4 
452 9 458 36 463 25 438 37 446 15 436 46 473 16 456 32 433 10 465 27 428 36 
439 10 459 45 472 50 467 11 432 14 447 46 451 6 436 8 468 43 438 17 437 34 469 15 476 38 450 47 454 35 
439 31 455 16 451 46 446 9 476 38 454 30 447 8 449 14 462 20 432 49 431 35 430 7 442 40 448 24 457 6 456 35 463 27 
459 15 466 18 449 42 448 49 443 38 
462 8 
444 16 455 36 438 23 443 20 456 16 463 2 439 31 477 30 434 46 469 32 454 44 440 15 447 46 476 34 475 16 471 3 468 12 
466 15 451 35 472 42 
440 37 448 26 467 28 470 19 
477 18 439 21 451 30 
438 12 472 42 454 44 447 18 449 20 458 18 
476 33 458 27 471 36 470 21 440 21 443 4 474 2 449 42 465 45 442 39 455 44 445 3 462 27 450 32 444 5 451 1 
442 23 461 18 477 27 463 32 466 15 449 6 448 21 469 40 453 49 476 28 472 39 439 33 467 23 464 36 460 33 444 11 450 25 447 27 
447 25 454 21 477 7 452 36 473 16 457 48 469 28 460 10 449 43 464 50 450 10 441 48 474 25 458 8 462 31 451 21 
455 45 467 27 441 6 476 11 458 7 469 38 471 11 459 32 456 31 450 29 474 30 461 4 445 13 452 43 468 20 442 23 454 45 
450 16 474 32 443 23 444 43 462 9 453 30 458 42 465 35 447 46 475 40 
466 24 449 35 448 21 459 38 446 21 468 37 447 15 453 33 469 37 463 32 472 3 
446 40 467 50 464 41 461 7 463 40 474 4 452 16 453 47 469 5 444 43 466 30 470 17 456 37 
477 42 445 4 466 13 468 47 451 46 460 4 454 44 452 22 475 20 463 4 461 36 450 4 446 22 447 4 471 8 455 13 474 6 456 33 
449 4 471 34 476 46 468 42 466 13 461 34 450 20 
459 34 469 48 449 21 468 48 450 27 465 29 461 26 473 12 475 15 454 41 452 12 462 26 471 7 457 30 463 24 458 41 456 3 474 48 
465 24 449 42 466 29 471 11 463 27 467 5 462 25 476 44 469 4 448 12 475 25 451 21 472 27 
469 9 471 7 466 12 464 25 459 38 453 39 454 13 468 31 463 43 470 7 
475 31 470 36 474 17 464 2 462 44 
472 5 
464 32 457 42 458 14 454 20 468 34 470 14 452 37 459 35 456 16 476 41 466 35 472 28 477 36 453 36 460 35 465 26 471 50 
471 30 454 21 466 4 465 32 
471 18 472 17 467 40 456 3 463 18 462 16 464 1 
473 28 456 32 477 13 459 3 475 50 461 5 455 1 
474 8 463 16 460 11 475 24 457 9 456 6 458 36 465 36 471 7 468 22 477 4 476 9 470 8 466 11 
466 33 461 17 477 44 471 24 476 31 470 12 474 49 468 15 463 23 469 39 475 25 472 34 465 5 458 33 473 23 460 14 464 20 457 42 467 31 
470 15 471 37 476 48 459 16 469 49 461 9 458 37 472 44 464 7 
488 26 
472 10 496 32 487 8 489 44 463 26 
493 37 492 30 472 47 468 5 473 43 
486 37 466 24 474 30 467 42 481 24 
493 33 482 20 467 39 488 43 479 36 470 26 484 4 489 41 466 25 495 32 476 5 465 19 480 22 472 17 469 40 483 29 463 14 
489 44 488 31 479 46 471 28 485 11 480 27 478 15 481 49 469 8 474 24 486 14 466 19 495 16 476 7 468 27 464 20 482 2 
482 16 465 26 466 7 475 27 
473 42 470 26 
467 10 486 19 472 34 481 43 485 16 469 30 492 41 478 18 473 39 
485 16 480 27 
475 9 477 15 493 37 476 17 
492 36 486 34 478 25 490 50 491 22 482 29 489 34 472 25 473 42 496 23 
483 33 475 3 
481 2 475 32 473 41 486 36 495 39 494 28 496 40 
496 23 495 12 483 29 493 5 489 45 494 35 474 44 473 30 486 28 
474 20 482 34 481 16 476 7 489 50 477 11 487 11 490 27 484 8 
481 3 488 35 478 3 482 7 489 40 492 2 475 37 496 44 479 15 493 19 480 32 484 39 485 4 486 20 487 24 491 19 477 14 494 39 483 36 
495 26 493 16 481 41 496 40 492 42 490 14 494 22 478 36 487 16 482 22 486 47 480 34 483 46 491 48 
496 23 494 27 478 30 489 41 480 24 
492 26 489 36 490 11 479 29 484 50 485 44 482 25 491 16 494 36 486 26 493 6 483 7 480 9 478 26 
488 2 498 45 516 14 487 13 497 4 512 16 486 20 492 6 503 13 479 6 483 9 517 24 502 31 489 37 501 25 518 2 490 40 513 50 491 38 499 7 515 20 
487 27 482 17 483 25 486 30 493 31 497 14 492 6 509 20 490 27 503 10 484 20 498 22 489 4 511 3 518 22 495 28 499 35 
491 9 488 29 483 31 492 13 517 34 506 12 
504 31 518 15 513 31 498 4 503 30 507 22 506 35 508 49 516 32 487 31 
488 24 483 1 516 41 504 13 490 13 497 40 501 22 494 40 495 38 507 33 518 3 509 25 510 39 502 9 492 20 484 20 515 8 512 9 496 20 
501 31 490 36 491 16 505 4 508 20 493 5 
517 13 513 18 502 11 489 18 492 42 514 45 508 20 500 35 507 25 490 21 503 6 505 43 493 48 501 38 
514 29 506 21 502 40 500 26 491 22 490 43 513 20 
506 2 499 45 502 19 508 29 509 14 517 39 494 47 495 25 511 4 504 35 516 28 514 50 515 35 500 12 512 9 490 7 498 38 505 41 489 33 
513 21 493 17 501 26 505 12 494 49 504 14 515 18 491 3 503 38 509 42 507 19 511 11 516 29 508 50 512 24 506 45 517 6 502 4 495 11 497 18 499 50 518 12 
489 22 499 40 516 47 509 31 507 16 500 17 508 36 512 4 497 24 492 12 491 26 498 44 494 9 495 26 513 49 502 38 510 34 517 9 518 34 503 38 514 14 
518 41 512 23 497 32 
517 9 500 6 492 31 499 26 510 22 518 33 493 29 503 30 501 8 508 22 491 29 511 11 504 40 502 3 
493 36 503 2 518 7 513 50 510 37 492 49 498 25 505 26 517 38 
500 24 514 33 508 41 502 23 512 16 
497 3 494 7 505 50 510 13 496 43 518 50 512 45 495 26 507 40 509 38 516 31 498 46 504 4 500 11 499 27 501 31 503 7 514 20 502 22 508 38 513 12 515 13 
502 46 514 47 496 13 508 7 512 32 506 42 495 11 503 34 498 50 517 30 
512 26 503 1 501 7 509 11 500 9 517 49 511 11 499 45 518 12 510 36 515 19 498 14 516 30 513 23 506 45 496 32 505 37 
516 49 498 48 515 15 497 10 514 29 499 8 504 26 501 49 505 12 510 3 502 23 512 28 506 2 508 5 517 34 513 15 518 18 500 13 507 19 511 43 
538 7 
505 28 
503 27 501 12 535 19 549 36 515 12 514 24 505 22 543 26 531 42 519 1 540 13 536 48 512 45 508 5 523 41 507 1 541 19 537 13 520 24 529 34 539 4 538 11 548 15 525 8 521 24 522 19 533 27 
516 36 538 18 543 34 535 24 511 10 
541 15 513 11 518 14 516 49 503 39 520 7 515 50 521 35 540 24 536 40 542 29 531 2 507 19 529 8 509 18 533 43 522 50 519 20 523 18 505 19 530 33 537 6 524 25 517 48 514 19 547 22 544 6 525 34 526 15 
545 34 532 43 520 38 544 6 508 33 506 4 516 16 537 37 
518 24 507 21 547 47 538 33 521 22 543 4 
547 45 535 6 517 24 
548 32 515 47 521 49 529 22 509 42 545 22 534 35 527 36 522 45 547 34 523 37 524 6 507 32 517 15 526 2 531 33 539 6 535 9 544 31 518 49 537 24 510 20 519 40 512 1 543 15 
527 27 522 3 535 8 532 41 530 49 545 28 537 30 539 36 519 12 510 25 533 8 518 22 514 46 521 48 538 44 549 26 531 41 529 23 548 4 534 36 508 43 
532 40 535 44 549 25 533 19 521 17 530 21 537 50 522 27 528 1 518 15 540 6 514 28 508 1 517 1 510 44 536 38 534 25 512 19 543 21 527 25 523 19 
528 33 520 9 524 46 537 28 512 28 514 7 
520 48 543 20 528 48 525 19 522 48 
542 22 531 23 519 14 518 22 549 35 517 32 545 38 512 44 539 36 522 34 548 28 537 5 532 26 541 5 527 37 547 25 543 7 528 13 538 39 535 9 525 15 
541 48 533 35 544 19 518 13 521 16 523 6 529 26 539 15 517 1 542 8 536 5 538 19 543 29 547 49 546 33 512 3 516 21 537 8 
515 33 538 33 523 46 516 44 525 31 524 14 532 43 545 30 521 14 539 18 520 50 526 40 527 27 533 11 537 3 548 21 540 11 529 45 543 49 519 30 513 12 541 11 530 28 514 11 
539 4 545 42 549 42 532 19 524 19 543 16 538 49 523 9 541 40 530 23 536 14 531 28 517 4 533 49 546 45 
540 39 535 23 537 24 534 13 516 42 
527 42 535 18 528 33 526 46 546 37 534 50 541 4 538 45 524 13 543 46 540 30 518 1 529 24 516 36 533 28 545 16 519 34 549 22 
543 37 547 4 546 28 531 24 548 47 525 24 520 26 542 24 534 18 524 27 535 34 532 19 545 26 518 24 527 25 522 29 549 6 533 41 538 43 523 6 541 16 521 10 539 16 540 43 537 39 529 49 517 41 
549 34 533 42 548 29 525 9 546 22 544 46 540 32 545 3 538 26 547 32 527 27 522 25 532 13 534 32 541 29 520 3 518 11 524 35 523 13 529 42 539 48 
519 22 545 27 542 49 543 42 541 20 522 38 528 36 546 41 523 19 529 15 532 47 
556 48 529 18 568 29 543 43 536 43 552 43 531 48 535 23 557 28 581 49 555 46 558 26 530 45 561 33 
578 44 571 4 547 42 564 4 561 27 537 12 581 48 545 45 521 29 553 8 535 14 557 36 567 20 569 37 551 39 580 50 544 41 539 12 554 17 555 1 543 30 574 1 530 48 534 41 533 47 576 28 523 13 
549 21 545 3 569 31 524 48 565 9 552 38 576 6 533 18 560 48 
572 35 556 28 529 16 580 8 581 9 578 24 562 44 552 38 583 27 576 24 560 4 546 20 539 19 564 18 568 14 532 33 523 30 557 18 567 42 542 10 563 13 544 11 547 29 553 48 531 1 530 32 540 37 573 2 548 41 570 12 565 13 549 32 
575 48 537 15 582 5 528 48 555 47 572 5 580 11 578 18 564 1 559 50 553 7 525 2 535 43 538 23 530 20 541 23 533 15 550 18 568 47 565 7 579 21 532 27 531 50 574 39 557 48 562 4 571 26 566 46 543 9 545 21 
526 9 579 29 570 9 557 46 537 17 533 33 
551 39 581 5 532 23 537 16 570 11 557 43 556 3 576 23 536 1 568 47 541 27 529 24 534 8 571 36 530 24 559 19 560 39 578 23 574 30 567 16 553 13 583 33 
562 16 
559 5 582 34 547 20 532 41 581 44 580 3 546 8 534 8 545 41 574 41 541 37 543 3 564 35 554 45 
563 20 571 6 567 26 556 38 560 8 572 40 575 26 530 4 555 14 529 34 580 21 583 50 551 7 533 12 557 47 541 43 554 17 537 43 542 27 545 30 543 24 536 30 550 3 558 15 581 4 549 26 561 14 547 17 552 19 538 38 
557 11 575 1 548 21 552 28 560 48 532 50 581 42 578 35 583 35 577 11 561 45 576 12 556 16 550 43 555 33 558 30 573 16 549 3 572 34 579 41 543 24 545 24 536 34 567 39 534 17 582 38 566 4 565 43 531 4 547 21 562 44 571 1 559 48 
531 6 558 42 538 9 572 17 540 32 536 22 580 47 563 4 582 2 576 12 566 31 545 48 570 47 575 42 543 30 557 8 552 22 
537 9 540 42 556 34 583 15 543 8 577 18 578 17 570 14 553 16 579 7 544 15 563 23 572 29 573 5 536 38 538 7 533 8 535 7 560 29 566 4 561 5 574 13 569 36 575 20 571 20 552 33 549 48 555 6 562 23 581 43 
560 47 563 26 576 12 546 6 551 50 570 41 581 42 558 12 575 9 573 36 567 16 583 12 543 27 574 23 553 22 554 33 550 29 
583 20 579 41 565 10 536 40 539 40 581 23 550 9 553 45 573 40 564 15 546 38 570 35 563 22 562 1 560 30 555 22 538 33 557 44 571 15 574 11 567 1 561 40 554 10 566 47 576 19 549 4 575 33 548 35 577 6 578 27 559 6 580 18 537 31 547 48 
560 21 544 47 566 36 564 9 559 3 550 22 573 45 538 40 545 18 582 6 554 50 539 33 577 34 579 27 569 48 546 24 543 16 552 25 535 25 571 10 557 19 537 3 575 47 570 25 541 44 540 46 
551 6 549 27 571 6 578 50 569 13 575 2 557 47 555 45 577 43 
576 47 555 44 561 39 567 18 
545 22 564 9 581 22 558 3 565 50 550 1 549 17 579 14 569 37 561 36 540 20 580 18 541 41 538 22 563 43 582 35 560 29 572 28 583 46 557 31 
550 19 582 46 571 39 
565 9 572 27 555 4 553 40 569 47 546 38 582 10 559 20 549 27 581 8 574 49 540 37 568 38 545 8 556 27 558 41 560 9 577 29 578 24 551 16 554 27 552 31 583 12 562 6 567 7 561 47 571 43 575 46 557 27 550 2 
554 32 547 35 574 6 557 37 545 38 567 42 552 11 555 20 569 20 583 14 572 31 581 50 561 6 577 30 541 50 570 31 578 17 
558 47 551 25 544 6 559 34 550 6 562 31 552 5 575 31 574 15 546 46 580 49 572 21 567 33 564 34 576 35 578 25 560 28 542 16 577 33 554 14 561 22 
573 43 570 43 569 18 544 8 575 38 574 45 582 32 565 3 546 40 581 32 556 24 549 36 583 35 
550 27 581 41 583 25 570 35 564 14 545 18 566 16 578 42 563 39 582 9 572 30 555 41 551 28 571 46 567 45 558 22 576 6 580 11 565 17 548 38 577 44 568 18 
547 45 575 10 563 5 565 25 574 44 572 33 581 22 570 7 583 20 553 36 557 29 
568 5 569 37 574 2 553 2 575 26 551 31 581 4 567 37 583 35 547 6 556 8 546 30 579 46 573 21 552 37 
567 44 582 1 566 44 565 49 560 6 580 29 553 41 555 27 547 38 564 12 572 19 551 46 568 47 556 2 554 48 558 5 557 46 550 41 563 20 576 2 574 36 
582 26 567 2 574 44 563 18 573 41 568 33 554 8 556 1 578 36 564 46 548 25 580 36 555 48 561 35 570 10 549 29 565 35 569 2 558 36 576 5 562 13 550 10 583 45 566 22 581 35 553 39 560 31 572 41 551 12 575 17 
563 37 577 19 571 28 554 23 556 27 583 33 561 20 573 7 555 39 
567 40 557 27 569 25 555 36 564 6 577 42 580 22 
568 14 570 42 606 50 563 12 590 25 597 30 564 24 554 3 571 10 603 11 592 46 567 24 586 18 602 37 575 15 600 35 589 44 
601 5 567 9 573 39 564 16 568 13 571 17 587 40 566 12 592 15 598 33 593 4 607 18 565 42 558 28 579 13 583 32 572 23 
571 14 577 24 557 15 560 36 578 45 604 19 
603 5 555 37 572 43 599 4 585 23 559 37 566 15 606 23 563 13 607 7 580 43 584 28 582 46 602 42 565 29 569 32 579 48 568 42 601 13 
583 18 599 8 587 49 591 45 571 8 558 29 594 20 559 35 589 37 588 32 555 47 606 29 585 27 570 46 600 42 602 4 604 32 581 40 597 49 
605 42 559 25 585 43 574 43 565 28 558 24 604 40 579 35 578 17 607 28 573 33 561 10 567 35 
565 31 596 46 569 42 571 32 595 10 597 14 585 24 584 9 598 43 605 18 593 48 594 31 566 38 564 41 607 43 587 5 601 31 561 35 588 44 600 8 583 19 
567 22 560 41 571 32 568 43 586 3 607 11 587 39 561 23 570 46 
598 41 607 29 589 38 562 32 565 10 572 40 583 25 606 38 595 22 586 5 603 6 570 18 596 33 579 37 
599 28 564 32 593 2 588 15 575 18 584 44 580 46 586 25 601 15 576 44 567 45 582 20 561 29 590 17 583 36 596 35 597 38 
580 1 583 35 594 45 604 31 577 9 586 42 596 43 601 31 585 11 579 23 575 40 595 10 578 5 568 1 587 11 571 15 605 9 
573 38 563 13 601 44 606 23 604 33 564 24 593 43 589 3 588 31 591 15 582 31 596 7 587 44 571 45 566 5 579 21 580 27 567 26 574 13 602 14 600 23 592 17 595 40 568 41 
601 45 567 31 599 6 582 10 605 32 595 20 600 47 563 35 569 4 564 26 575 24 584 5 591 13 576 48 607 38 604 24 578 7 577 38 590 40 570 9 574 21 594 33 602 25 583 48 
605 38 591 20 
596 18 590 5 597 47 583 34 573 36 607 7 595 32 570 8 567 11 592 29 571 7 
580 45 569 33 566 48 571 9 573 24 567 45 570 41 605 23 602 41 584 13 575 19 597 16 600 39 594 39 604 9 
572 20 588 23 582 37 602 17 593 34 605 14 597 26 
587 7 584 47 592 43 568 40 570 15 607 50 571 39 586 13 585 29 581 17 606 50 597 34 578 34 604 17 569 30 605 20 583 14 572 21 601 4 580 31 
586 46 591 23 579 32 600 47 607 21 577 17 575 19 584 30 571 9 597 18 602 32 594 34 572 39 587 24 578 48 588 30 604 19 574 17 599 25 596 35 595 27 592 47 573 31 
596 21 586 22 603 5 601 46 585 1 592 44 578 11 581 45 570 50 589 22 590 28 606 44 605 45 571 34 579 6 595 28 597 24 600 47 584 1 574 45 573 18 572 13 588 12 583 6 
588 36 600 31 593 28 582 23 590 27 591 21 587 49 586 26 
604 23 584 20 605 47 596 3 574 46 587 19 586 12 579 14 589 42 577 16 582 21 585 22 592 21 591 13 600 17 580 21 575 36 597 20 601 40 583 16 590 32 
581 26 603 4 575 43 596 35 585 16 606 16 
578 36 593 35 588 49 589 11 574 7 585 10 582 2 586 6 592 43 598 16 599 5 579 45 580 15 577 49 591 16 605 14 
600 35 597 9 592 18 589 28 576 23 599 18 603 16 596 49 601 47 575 44 580 23 604 34 594 20 587 15 
599 32 583 3 605 38 602 9 596 38 593 27 604 25 607 27 600 19 606 39 587 24 584 36 580 10 597 28 598 46 592 22 579 24 582 20 594 3 603 3 
592 40 577 6 
581 47 583 6 582 50 593 50 591 12 600 49 604 23 603 49 579 17 596 34 605 50 601 38 578 30 594 5 598 25 586 12 580 17 
582 33 600 2 585 49 599 38 594 22 584 2 607 29 581 50 580 26 593 36 598 32 590 21 596 2 603 28 
599 29 601 6 584 17 583 36 582 46 
598 40 
601 39 594 5 599 49 587 20 604 40 592 28 603 37 606 42 595 50 586 36 584 23 591 11 607 27 605 47 585 37 
597 16 589 14 
607 45 590 5 595 21 586 42 600 7 593 6 597 27 598 41 589 32 585 42 601 11 596 20 587 36 602 23 603 38 599 19 606 46 584 37 
622 49 585 41 620 9 616 15 608 24 618 39 591 5 611 47 587 15 612 16 606 37 588 29 599 31 595 19 609 17 
616 37 623 44 619 36 624 27 608 48 586 37 594 3 591 27 603 48 626 36 604 42 595 13 610 33 
595 5 593 17 596 39 597 23 628 34 613 10 
595 46 609 43 589 39 617 36 628 42 618 26 623 45 615 3 605 4 591 34 602 34 601 13 627 37 594 2 
621 47 622 35 604 34 593 2 599 39 591 3 613 7 625 2 597 17 627 46 610 49 617 3 609 21 592 7 614 20 
622 17 623 9 598 8 611 11 605 11 627 8 618 24 601 32 609 33 621 35 608 5 607 28 595 24 
596 31 598 46 600 4 601 20 614 4 627 21 619 34 623 20 591 47 612 26 606 41 597 18 
620 41 598 23 604 25 599 21 613 40 594 40 597 24 602 2 593 45 628 12 626 3 610 46 619 41 612 8 618 37 625 13 616 22 623 33 
595 2 625 34 618 40 597 43 594 30 605 26 609 44 603 30 619 41 624 19 601 5 627 20 
598 24 620 18 611 39 606 44 609 24 613 8 597 12 607 34 622 34 605 20 602 30 596 48 624 41 616 33 614 9 617 41 612 14 608 34 600 28 
610 4 619 15 603 18 596 13 605 44 623 24 612 43 625 49 
596 9 615 48 600 2 611 18 622 2 626 31 604 22 609 5 601 22 614 32 608 48 597 30 602 25 
598 34 621 27 602 21 628 35 603 50 610 28 617 29 599 15 
605 34 604 39 619 43 608 4 
620 36 609 37 604 50 612 29 627 6 616 23 621 27 618 9 628 24 607 17 625 47 615 24 619 44 605 40 623 12 600 43 602 14 611 44 608 21 
600 50 608 3 614 9 607 33 620 1 623 47 605 13 602 50 626 28 627 5 
603 33 609 16 
606 20 604 20 624 38 621 41 610 25 608 9 628 2 622 33 
606 32 609 20 625 11 603 39 621 5 604 14 608 33 610 45 618 22 607 36 619 48 616 37 
625 19 620 39 628 25 611 41 615 20 607 32 612 35 626 47 608 31 627 36 606 11 624 36 605 10 618 14 616 25 613 10 622 41 619 29 617 1 621 12 
610 42 608 31 619 16 611 44 624 46 605 8 612 31 609 46 622 50 613 26 621 6 615 18 
628 11 616 36 618 13 627 26 608 35 619 41 
611 12 625 29 613 3 626 44 616 5 612 7 610 37 623 29 607 49 627 32 620 23 622 20 624 24 628 34 608 18 609 2 
608 46 621 39 617 42 628 30 624 15 613 16 614 12 612 13 627 12 623 3 610 26 
652 45 626 17 639 49 625 16 635 42 614 40 661 28 621 50 632 23 615 36 656 4 655 17 640 21 648 42 634 34 610 43 631 15 651 21 660 47 609 15 657 7 644 33 
640 49 639 43 661 35 622 21 633 31 631 19 637 37 656 20 650 25 612 48 647 33 618 16 635 21 615 34 655 49 617 2 644 34 611 25 614 11 652 27 643 39 646 38 628 19 636 35 642 3 
628 30 632 3 614 36 646 36 643 39 636 32 641 44 637 6 659 21 645 48 612 36 631 12 626 48 648 24 661 10 619 45 650 48 629 41 638 29 
616 36 658 2 640 34 653 42 647 13 648 38 636 21 654 8 612 45 613 48 646 45 657 7 641 35 633 32 649 50 627 29 655 1 622 8 635 3 626 24 660 19 634 3 614 19 659 9 639 46 651 16 628 22 630 39 
657 39 617 48 639 10 647 32 
646 8 614 21 647 15 624 49 640 34 
659 31 649 9 628 18 652 17 
642 30 655 24 626 23 618 38 652 14 627 14 624 14 631 3 661 9 630 44 641 7 656 22 634 20 616 29 653 18 636 47 638 34 
638 35 629 49 649 6 637 28 632 3 627 7 633 8 
649 4 627 38 
628 18 649 7 624 44 629 45 654 6 645 21 660 33 655 35 636 50 632 38 644 9 
656 39 622 35 641 4 658 29 638 12 642 38 647 18 652 48 651 18 644 33 621 41 661 5 620 32 624 5 636 26 654 3 627 39 650 28 645 35 632 47 633 1 643 26 626 8 637 29 
634 1 660 16 636 8 640 8 638 41 658 1 641 44 650 38 626 33 625 15 655 33 624 4 644 42 623 9 646 16 632 25 635 32 654 41 657 6 633 20 
648 48 634 39 631 38 646 16 649 40 630 23 629 13 637 18 647 1 633 10 632 45 624 7 639 34 658 14 627 45 655 26 643 48 650 10 653 47 
631 14 623 49 660 21 629 31 657 8 633 48 640 4 635 34 637 50 636 16 625 6 653 30 658 44 
651 42 647 43 
625 15 654 13 659 3 642 25 644 8 632 24 634 3 655 16 638 49 653 8 652 43 639 23 650 19 629 6 656 34 626 20 660 29 649 22 657 16 658 38 
646 4 626 46 652 43 629 46 650 16 
648 32 650 6 
659 49 649 23 661 1 657 39 636 41 654 12 640 9 635 40 641 37 634 50 642 15 645 48 633 49 648 48 629 15 632 3 652 24 650 2 631 43 638 42 660 14 651 28 639 44 655 18 644 17 630 30 656 22 
655 14 659 26 632 1 630 21 648 34 651 15 658 7 629 47 644 17 
641 19 649 48 685 39 665 24 663 47 677 26 669 35 634 34 635 42 631 7 630 29 636 29 658 14 674 32 679 44 639 18 651 35 697 48 695 17 644 44 694 49 680 22 681 12 683 7 
669 5 662 43 652 27 658 30 648 7 642 14 676 23 663 15 
640 44 654 40 682 49 632 29 686 9 659 35 667 4 650 32 698 26 653 38 657 35 693 29 665 12 688 46 635 18 679 9 689 13 680 9 695 21 664 5 681 23 696 22 674 45 692 5 676 7 660 32 655 34 648 15 683 37 634 43 633 11 677 9 691 38 
665 12 695 24 690 12 693 46 646 2 682 2 653 25 673 38 681 36 697 28 645 3 647 15 639 36 635 13 683 37 662 22 684 50 643 8 637 23 657 47 680 23 666 33 679 27 667 30 661 9 652 41 671 40 634 11 676 46 675 46 
691 31 655 25 641 39 677 37 653 37 663 3 669 29 684 12 698 49 668 47 643 13 695 20 696 37 666 3 682 33 683 40 635 43 658 50 664 1 675 16 687 42 662 35 670 43 636 49 638 17 639 16 645 26 650 8 642 16 673 42 651 9 646 11 637 2 654 30 660 25 649 12 634 45 
670 5 672 19 679 49 674 5 676 3 667 16 678 50 643 33 693 28 680 24 691 48 685 24 684 36 696 23 662 7 687 3 639 39 675 22 635 6 636 32 697 50 669 5 677 4 658 37 642 25 671 39 695 32 689 2 681 9 649 11 690 34 647 23 
640 13 676 43 677 21 636 46 665 23 661 4 654 38 682 1 663 1 686 3 697 49 637 49 644 28 688 21 693 36 698 24 679 35 660 48 687 20 662 46 645 48 639 4 638 24 692 1 694 1 642 17 
664 49 688 12 640 10 654 45 695 44 665 30 697 25 689 19 
677 12 649 4 691 28 662 31 666 8 
692 30 673 34 666 18 655 49 664 4 645 9 654 3 652 12 685 35 641 4 
676 9 679 38 677 18 651 23 662 38 657 32 669 42 644 29 670 34 649 24 650 33 689 37 645 14 654 28 675 21 696 7 
680 24 669 20 655 18 642 34 654 15 689 6 670 4 687 23 677 35 673 16 678 14 688 7 666 44 693 17 671 10 690 49 696 17 663 6 651 13 650 27 698 34 694 10 658 34 664 15 692 26 695 46 682 19 645 38 652 36 685 12 
647 40 643 4 694 18 644 38 655 44 657 49 667 39 649 35 684 28 680 16 645 19 659 12 658 9 656 22 664 25 681 30 697 36 689 20 696 33 679 45 691 41 652 28 695 27 648 33 686 9 698 37 669 46 660 48 682 45 
665 27 654 13 681 42 652 36 698 19 664 48 682 48 643 26 
651 14 683 49 655 27 657 48 698 47 653 21 671 14 691 19 665 38 676 20 666 11 677 38 697 6 673 39 675 42 669 45 684 9 690 14 
665 16 667 28 674 43 685 8 693 17 663 50 
687 24 672 26 651 8 656 45 662 13 696 7 678 21 652 37 670 23 693 22 694 16 688 8 673 30 677 44 671 14 665 28 663 48 646 46 689 1 682 23 685 4 650 14 692 15 648 43 
686 41 650 13 659 39 671 4 665 5 684 6 670 16 653 19 660 21 662 35 697 36 656 28 652 43 663 37 672 48 681 35 647 13 691 21 694 18 679 23 668 46 658 36 664 37 674 34 651 21 655 21 696 31 678 15 682 3 695 9 
663 33 665 25 656 48 688 28 682 30 669 30 690 33 675 10 679 47 693 29 683 46 655 23 676 37 664 14 657 26 651 1 649 32 670 20 691 49 698 26 671 24 
687 25 666 40 652 15 673 29 649 11 662 45 674 28 
675 16 669 24 691 6 679 11 651 43 693 24 668 14 686 25 684 23 682 42 685 9 665 9 674 6 689 6 666 6 659 12 664 35 663 3 681 35 687 50 655 20 695 30 696 45 671 18 676 26 698 33 661 5 692 7 667 43 653 22 
694 19 687 5 668 40 672 17 679 43 655 33 696 47 697 25 658 39 656 35 665 24 676 15 651 10 674 33 685 3 652 41 680 47 653 15 693 43 667 38 681 15 
685 3 656 6 671 39 669 24 674 3 662 33 677 31 665 24 689 29 670 14 667 35 673 20 663 31 657 13 692 23 658 28 696 18 676 11 683 33 693 18 690 34 695 9 687 25 698 5 653 24 678 13 684 42 664 29 
657 39 660 18 679 38 665 31 663 38 687 27 658 5 664 32 677 25 671 22 683 2 678 39 691 2 656 34 670 19 682 9 696 40 655 29 659 7 666 28 693 33 676 31 667 14 
680 12 674 12 661 29 687 17 656 2 696 6 690 8 684 29 695 6 677 27 676 18 667 7 659 11 654 6 692 18 668 10 683 41 664 38 694 8 666 9 658 40 686 15 673 19 693 1 657 21 681 41 663 20 660 35 698 24 672 33 671 14 682 20 678 26 
667 29 687 8 695 38 662 45 694 31 697 39 656 16 666 50 678 46 663 23 670 2 658 3 693 18 673 32 691 18 692 21 675 2 661 42 696 43 660 49 
698 50 675 44 679 49 658 45 694 25 689 3 681 2 692 18 672 34 656 20 674 16 660 1 676 49 668 48 667 10 697 35 673 12 664 33 661 1 690 5 685 29 693 39 688 8 680 24 683 36 657 39 669 33 695 6 678 11 684 12 665 12 671 2 682 43 677 23 696 16 687 37 666 49 
698 12 662 15 694 5 671 31 673 3 683 4 689 33 686 17 661 24 
676 6 685 14 667 31 688 42 673 39 668 21 689 9 697 9 659 17 671 7 680 48 675 45 663 20 682 26 658 33 696 11 687 16 691 36 684 38 666 47 661 4 693 13 692 18 695 20 677 32 674 17 
666 47 660 9 677 7 662 25 669 27 691 26 682 35 663 20 696 44 672 49 674 6 679 28 676 2 673 47 687 43 681 46 680 14 675 22 690 40 693 16 668 20 659 7 664 1 684 33 695 11 688 18 694 16 683 40 667 46 670 7 697 9 671 17 692 5 698 12 689 28 685 15 
660 47 694 27 697 6 686 44 692 7 687 5 669 21 662 49 674 22 678 43 668 16 676 27 670 39 689 4 673 47 671 4 661 15 679 33 665 26 688 46 663 19 684 13 685 40 698 48 680 22 691 43 667 6 675 38 681 16 693 8 695 34 
686 47 690 15 673 28 671 11 687 31 695 41 664 24 688 4 681 14 685 2 675 49 672 3 667 10 682 32 670 29 692 19 694 50 693 10 696 31 665 4 661 26 
687 6 669 20 696 29 684 43 663 35 667 43 672 20 662 48 675 17 693 16 674 15 682 29 683 1 686 42 688 13 664 43 697 1 690 41 691 14 670 13 679 31 692 46 678 15 
698 32 717 42 664 20 
719 32 727 31 707 33 679 48 690 21 693 17 
706 29 702 5 699 26 
702 5 674 49 705 4 675 3 696 15 720 50 700 38 670 21 724 11 704 24 713 34 722 17 678 21 688 32 719 5 672 3 681 31 689 10 682 47 716 34 728 14 697 50 699 35 706 20 698 14 679 13 676 23 
681 10 669 46 724 45 706 28 705 37 683 47 697 16 711 35 718 36 693 15 726 37 716 21 694 28 703 14 712 34 704 26 699 20 670 40 671 14 713 41 678 3 667 40 725 29 707 34 691 42 728 17 701 38 700 23 695 38 719 48 
723 37 717 44 684 11 704 34 678 11 677 4 689 26 695 7 702 2 718 8 708 2 705 48 679 35 687 32 682 21 675 36 699 42 721 6 671 10 698 28 673 11 700 25 680 26 719 1 692 30 711 11 727 33 
714 5 719 17 670 46 707 14 695 6 711 28 716 12 677 42 680 46 717 8 688 29 721 43 720 8 710 15 675 47 709 47 704 33 692 16 726 1 689 41 708 41 672 30 683 26 699 2 706 20 691 39 702 25 
710 28 685 30 675 7 693 42 695 23 709 38 716 30 697 4 728 33 721 3 
699 5 671 28 718 13 672 40 687 37 709 16 717 44 698 31 697 35 683 45 728 10 708 23 720 25 700 22 702 48 723 18 681 33 705 14 711 35 715 31 712 27 682 9 688 31 691 23 679 40 704 3 675 19 
690 16 675 33 685 36 680 33 681 18 672 44 708 17 688 43 684 37 678 39 698 12 718 1 
681 40 697 11 700 2 689 9 725 13 717 6 673 2 710 44 721 19 678 2 711 36 727 25 675 15 
691 7 677 35 702 39 726 40 698 23 728 34 676 16 704 22 716 29 692 6 706 12 725 48 674 38 711 42 715 48 689 36 675 1 693 26 
712 6 728 39 717 9 676 26 727 41 
678 46 697 4 703 16 691 47 684 22 690 46 695 43 694 6 721 44 679 22 699 6 680 42 702 48 720 30 728 48 692 33 707 39 722 36 682 21 710 45 725 7 688 38 711 43 686 4 677 33 
712 29 694 30 707 20 678 6 
690 23 685 47 697 44 680 38 703 50 721 38 688 48 683 12 705 37 689 33 714 18 711 44 694 19 720 24 713 38 684 38 
705 33 707 14 713 30 685 25 688 4 684 23 728 45 694 32 693 44 680 16 717 50 714 4 686 12 692 47 681 32 715 12 
723 43 692 45 724 13 685 25 727 47 705 46 703 47 688 26 725 16 701 5 691 44 683 48 693 23 680 6 687 31 702 45 694 5 712 7 689 4 714 45 710 10 
686 36 709 8 691 46 703 31 682 21 701 38 695 39 700 50 716 8 681 18 697 9 717 12 693 42 704 48 687 49 714 27 715 42 718 19 710 17 711 10 688 46 707 45 694 45 696 12 
713 25 725 22 704 15 692 5 715 16 696 38 697 4 
697 23 683 44 708 44 722 19 705 41 713 26 694 21 684 23 687 15 691 49 686 16 709 39 695 9 706 7 698 12 690 26 
722 16 697 22 692 24 702 48 711 9 693 35 710 38 717 42 684 48 700 23 
690 17 726 45 723 50 727 33 717 22 702 34 697 21 698 7 699 36 703 41 707 30 716 7 706 15 685 22 720 47 689 44 686 30 696 36 711 42 714 7 687 13 700 36 701 42 728 42 722 19 692 22 
714 7 723 24 
723 12 706 13 718 30 725 16 697 31 689 29 712 29 711 27 698 29 687 47 692 24 699 5 708 30 
699 41 714 25 700 2 703 30 721 34 726 25 704 38 694 14 707 38 722 15 692 20 724 10 695 11 696 1 689 47 718 27 706 40 725 31 720 50 688 1 708 5 697 50 723 24 712 1 716 16 713 46 711 37 728 15 691 14 690 45 
706 46 699 8 689 8 707 23 712 8 724 10 693 7 703 33 722 14 721 10 726 38 714 31 690 31 720 39 696 48 711 7 715 18 692 32 704 19 728 29 718 18 
694 3 703 13 716 2 695 12 708 2 701 20 724 34 697 17 718 43 
710 16 721 1 697 28 
721 10 717 32 716 21 706 49 705 50 699 32 704 43 718 18 701 34 697 45 712 15 728 40 719 39 726 27 727 4 702 25 708 12 692 34 693 7 715 50 
703 11 717 25 718 9 700 36 706 37 694 19 709 15 702 39 705 20 711 12 712 48 714 23 698 20 715 49 693 47 
707 24 726 7 695 5 696 25 698 41 702 5 712 9 723 8 701 10 700 24 703 6 708 27 697 41 718 47 721 35 722 20 714 30 725 37 720 48 705 46 706 27 
715 17 716 23 706 12 708 6 714 48 728 28 709 36 703 27 721 43 
717 8 
700 36 706 50 705 40 728 9 698 2 703 16 701 40 699 11 724 15 726 6 714 30 702 3 719 29 704 49 697 26 716 48 721 16 727 20 710 43 
720 9 708 6 726 48 719 8 722 39 713 5 716 3 
711 19 
712 23 717 10 736 5 743 50 728 31 722 32 
748 39 725 29 746 10 715 14 730 12 722 50 720 13 747 49 702 36 723 47 743 21 726 22 731 14 717 4 
712 32 707 43 702 13 742 48 743 41 
733 11 
747 3 
722 24 719 34 746 38 
706 3 715 34 742 35 741 16 743 7 708 19 707 3 
740 45 
746 36 738 3 734 48 722 50 740 21 712 41 710 44 732 3 744 8 719 44 718 18 713 39 733 31 709 26 715 41 
736 43 720 18 718 33 738 21 719 9 724 14 722 44 739 25 733 45 709 23 710 4 723 33 737 40 
716 10 719 24 733 36 
716 27 744 18 729 44 731 2 747 3 719 26 722 23 732 22 742 27 741 44 734 47 728 36 748 21 715 49 733 37 714 11 
748 16 726 18 731 39 728 36 744 46 724 47 733 19 712 10 727 44 741 39 716 15 725 31 714 6 723 26 735 40 747 38 729 29 737 31 734 2 
733 29 723 6 721 20 725 32 
727 21 
739 48 729 40 734 9 735 37 730 5 
718 29 727 5 
726 6 720 24 748 8 723 46 743 29 719 34 746 4 725 10 729 18 744 5 728 4 736 33 745 40 739 49 724 29 717 7 721 43 
736 27 
746 49 725 28 738 23 739 4 730 8 735 43 728 49 723 30 747 15 
745 44 747 3 736 31 727 49 731 47 744 30 739 26 
739 25 738 17 731 24 721 5 740 17 747 36 727 33 737 33 
732 13 723 35 748 34 741 27 722 37 738 27 726 45 724 43 734 11 740 31 742 37 733 15 743 31 725 4 727 40 736 21 728 49 
726 24 746 38 736 30 730 32 732 14 723 41 725 4 733 34 738 19 739 12 731 36 743 12 745 43 729 10 740 30 742 11 
748 5 747 21 735 16 730 40 737 42 745 24 736 48 727 22 746 50 734 9 742 24 
730 48 731 39 746 1 739 20 748 27 732 42 734 45 735 44 743 37 729 42 738 14 725 24 727 46 745 13 737 7 733 38 741 28 744 35 736 46 726 23 
734 20 733 32 742 18 739 29 740 47 746 20 732 50 737 34 731 14 741 41 730 18 728 43 736 27 745 9 748 8 
746 4 729 2 743 44 736 30 738 49 731 50 734 29 744 37 733 34 735 2 732 36 742 12 
739 21 748 22 738 14 740 40 730 2 744 38 731 9 746 44 
729 35 738 11 
730 12 
743 29 
742 42 
749 12 
749 37 
737 28 
749 38 
742 49 
744 50 
745 42 
746 12 
743 39 
742 33 
746 17 
745 26 
746 8 
746 41 
748 20 
749 42 
749 49 

