-10 9 12 3 42 6 8 8 13 4 13 
0 4 43 15 41 13 24 19 2 8 38 17 34 3 1 11 11 
0 11 15 14 37 7 45 13 20 17 26 6 49 8 19 
0 17 11 18 12 6 18 
0 15 20 14 29 18 18 11 20 12 37 17 23 10 7 7 18 6 43 
0 10 13 18 18 11 48 15 41 20 30 6 50 19 15 9 7 17 15 14 25 
0 19 6 9 43 7 46 
0 19 38 9 17 
0 13 48 18 38 15 24 12 7 20 1 11 5 9 23 
0 11 33 18 40 12 30 13 19 20 24 14 49 10 49 15 30 
0 19 35 11 19 35 39 29 7 13 20 21 15 23 18 25 14 30 32 27 6 
0 16 39 22 16 17 9 25 29 
0 27 29 33 42 18 26 32 38 13 7 
0 29 46 18 9 19 11 26 43 30 32 28 1 33 7 34 4 15 10 16 16 22 30 25 27 32 33 
0 31 8 23 18 35 13 15 10 17 22 16 32 25 32 
0 21 39 34 25 22 27 25 36 32 35 29 25 24 27 26 16 31 15 
0 34 34 33 24 
0 29 1 25 5 26 37 34 27 22 19 23 2 35 14 32 38 24 36 31 49 27 34 28 22 
0 30 10 34 26 22 31 29 42 25 21 26 44 31 37 20 3 
0 32 34 29 21 22 49 25 38 31 31 24 8 28 19 30 2 
0 35 22 24 8 33 18 32 17 29 46 31 48 27 33 23 46 26 25 28 7 22 13 21 24 34 22 30 18 25 43 
0 24 33 42 28 23 1 32 47 48 35 31 41 43 43 29 26 35 7 39 14 
0 36 47 26 29 43 4 
0 27 22 29 8 
0 42 10 41 48 46 45 43 20 38 8 39 1 34 39 35 31 36 7 44 50 
0 27 3 42 26 29 50 43 16 35 35 47 40 
0 40 10 48 37 43 18 31 26 28 9 39 17 29 11 
0 29 24 31 12 45 48 36 15 30 11 42 13 
0 48 24 37 27 
0 45 17 48 6 34 31 42 15 41 28 33 2 
0 31 19 37 39 38 28 34 8 32 46 36 31 43 45 33 13 42 4 47 27 45 43 
0 34 27 33 7 40 1 37 34 
0 37 13 38 18 43 19 40 36 35 18 44 44 34 5 46 42 
0 48 35 37 48 40 43 47 30 46 14 38 30 45 44 42 14 41 9 34 26 
0 47 5 36 39 42 48 40 43 
0 36 30 41 35 39 8 42 37 45 29 
0 52 5 60 2 55 17 43 43 39 43 48 23 61 16 59 34 50 18 38 21 45 29 53 47 46 49 40 20 
0 54 11 53 14 60 27 42 3 58 8 55 48 45 13 39 43 41 6 57 35 
0 56 33 47 11 51 17 
0 56 43 43 6 47 36 57 26 50 4 63 3 41 12 40 29 51 14 42 48 46 37 
0 62 15 42 14 50 37 48 12 41 12 51 41 56 13 43 26 
0 60 32 61 30 53 45 
0 54 44 56 42 51 50 
0 60 29 63 21 51 18 58 1 54 50 56 50 55 34 53 39 46 18 57 15 62 38 59 8 48 8 47 28 49 6 
0 54 44 49 17 55 19 56 26 46 6 47 14 53 25 50 47 51 31 60 17 45 11 52 40 62 46 
0 54 20 56 37 60 12 53 1 61 6 52 43 57 26 63 25 51 49 
0 48 24 53 32 58 22 61 21 50 29 55 41 51 20 49 42 54 34 60 3 
0 51 6 62 33 56 36 58 9 59 33 50 24 60 18 49 8 52 44 55 47 63 3 54 24 
0 49 11 51 13 60 18 53 42 55 18 
0 68 6 51 38 71 38 66 6 73 49 58 28 65 18 60 4 67 2 
0 56 12 54 46 69 30 63 37 68 31 61 31 71 11 59 48 73 48 58 8 
0 65 34 52 40 56 14 66 49 57 19 60 7 68 29 69 28 71 39 63 15 
0 61 44 67 35 56 7 72 46 55 30 60 44 59 29 53 27 54 39 
0 62 28 56 19 73 3 63 27 60 10 68 13 
0 67 48 62 35 65 6 66 33 57 10 72 14 63 20 59 12 
0 68 20 57 26 64 28 62 47 71 41 59 22 73 11 72 18 66 35 67 17 
0 66 28 69 4 64 48 71 38 58 19 62 5 70 7 60 28 63 18 72 35 
0 66 38 64 36 70 37 71 42 73 2 65 30 63 48 67 5 59 8 68 15 
0 62 2 
0 62 7 61 33 63 13 67 5 68 25 64 34 60 28 
0 72 26 
0 63 33 71 17 67 28 64 13 62 29 68 46 70 2 
0 63 6 67 29 71 25 70 50 64 43 69 40 72 29 
0 72 26 73 3 
0 72 15 68 25 71 45 76 49 67 3 79 40 80 15 69 19 
0 73 48 69 40 71 44 66 42 
0 78 44 
0 71 10 72 4 76 22 68 50 77 34 69 27 80 34 70 21 
0 75 3 77 32 73 15 71 9 79 28 
0 76 7 73 1 75 24 80 45 70 12 78 38 71 32 81 22 
0 74 15 72 13 
0 81 43 75 1 76 26 74 44 73 40 79 3 
0 77 40 74 17 81 21 79 24 73 28 75 12 80 46 
0 80 39 77 32 79 38 81 25 76 44 
0 93 6 85 35 92 36 82 31 
0 98 19 94 8 
0 97 3 91 21 
0 92 2 96 49 86 49 87 14 89 9 84 27 91 42 83 8 94 18 
0 98 15 87 50 92 38 96 29 86 48 80 18 79 10 94 40 88 24 90 7 93 17 97 34 84 28 
0 87 36 80 26 97 9 92 8 83 50 81 39 96 48 95 30 91 43 94 47 89 36 
0 98 38 84 45 89 25 87 17 88 43 83 22 85 26 82 21 86 43 92 4 97 21 81 48 95 2 91 44 90 50 
0 89 31 93 3 91 39 82 26 98 20 95 17 
0 85 43 
0 90 45 
0 93 16 
0 91 29 
0 90 17 
0 90 27 
0 95 47 
0 90 14 
0 94 41 
0 99 46 
0 97 20 
0 96 48 
0 95 6 
0 99 9 
0 98 10 
0 99 10 
0 99 43 
5
