-10 16 28 5 48 7 41 10 34 17 35 9 35 13 7 3 20 11 26 1 20 15 18 
0 23 48 32 6 39 5 42 2 18 34 12 42 
0 40 38 14 41 42 50 
0 12 16 
0 31 24 11 46 43 31 9 49 13 12 10 14 37 13 8 26 24 47 16 14 5 3 34 44 
0 30 46 9 16 23 39 28 28 18 2 39 10 14 35 36 30 42 39 25 32 44 31 38 9 33 23 19 30 43 12 12 28 24 44 7 40 6 8 
0 13 6 18 25 28 43 29 7 15 40 12 8 35 21 30 44 21 13 
0 28 8 23 31 32 33 44 40 39 47 38 17 21 49 40 29 26 3 20 11 31 37 36 40 35 26 11 43 18 34 
0 36 16 22 14 33 23 41 27 12 19 14 42 
0 13 22 20 19 36 29 39 28 29 19 38 40 30 47 21 34 37 15 26 17 22 41 12 12 31 3 24 22 41 48 34 18 35 20 17 37 19 8 15 36 18 37 43 14 
0 36 8 21 9 27 39 24 49 42 40 18 2 23 23 22 9 44 18 19 42 20 43 30 13 31 45 38 46 33 17 39 6 11 46 40 24 25 27 29 27 15 22 16 14 43 21 
0 23 23 39 14 44 30 41 47 31 15 15 20 27 46 34 17 16 48 13 15 18 45 38 24 12 3 22 27 36 25 30 30 26 15 43 29 19 46 17 41 29 35 20 27 35 21 
0 21 47 34 35 15 21 44 30 41 5 38 11 29 16 14 21 40 23 
0 35 45 34 36 29 8 25 6 24 28 19 1 15 21 18 21 
0 18 31 28 36 32 12 27 36 29 8 42 29 39 27 40 16 20 31 26 42 30 13 33 38 38 25 19 27 37 50 
0 17 37 33 46 35 20 39 1 
0 44 18 
0 26 9 38 18 34 29 42 2 39 19 37 32 35 36 31 24 44 47 43 10 22 5 28 20 36 3 
0 54 20 38 28 53 33 64 26 58 31 52 1 62 25 57 7 40 19 65 21 29 38 
0 49 42 29 38 
0 43 7 24 34 31 43 48 41 52 9 61 20 57 22 36 19 33 50 59 24 26 6 51 28 34 38 39 15 25 17 65 33 62 40 
0 44 43 29 4 22 24 60 18 61 24 55 19 39 20 23 39 52 10 26 34 35 3 57 34 42 35 37 1 53 6 38 36 
0 32 6 61 28 60 12 37 18 51 3 46 37 52 41 28 25 24 9 57 11 64 14 50 19 27 44 62 45 36 9 31 8 34 35 49 14 65 29 
0 52 39 42 34 41 9 49 13 62 2 61 42 38 24 33 49 40 9 36 23 25 11 
0 50 24 47 34 37 1 34 7 40 18 58 38 61 38 26 10 45 43 44 35 30 39 55 17 36 36 
0 32 10 38 3 
0 51 1 37 30 60 26 
0 48 15 55 42 59 11 50 38 29 47 51 34 34 16 35 2 37 43 45 10 31 46 63 44 53 13 36 20 52 46 46 30 56 43 41 48 42 33 58 6 39 26 
0 65 47 63 36 31 10 51 47 50 29 52 28 49 40 61 49 53 21 
0 37 9 51 22 50 3 54 8 56 44 33 40 30 49 58 46 49 26 63 16 
0 45 7 62 43 57 48 38 7 43 22 65 49 
0 48 8 51 50 56 29 41 32 52 11 50 15 33 23 55 29 38 26 32 30 
0 52 34 
0 35 35 48 43 39 33 43 29 60 15 62 13 41 44 64 42 36 19 50 23 51 13 40 20 
0 41 1 59 47 51 30 49 20 55 30 52 41 38 35 39 46 
0 54 27 46 42 43 41 45 50 
0 37 12 47 21 49 39 58 1 55 7 53 24 65 42 62 33 61 20 
0 59 17 39 10 48 41 50 50 49 28 54 42 60 22 62 45 42 30 56 31 
0 54 16 50 30 48 14 51 3 55 24 40 3 44 5 64 28 42 24 46 30 
0 64 26 45 1 52 48 44 11 40 28 55 26 42 14 54 21 65 27 53 47 49 14 59 15 46 5 43 25 57 44 62 6 41 13 50 46 63 44 
0 46 14 65 36 48 1 58 6 53 7 52 5 44 42 50 30 
0 56 7 48 23 65 4 57 30 51 15 44 8 
0 46 40 62 7 65 30 57 38 60 27 51 3 44 37 49 32 43 43 59 5 50 41 
0 60 5 53 22 65 42 44 34 58 35 51 9 63 3 62 34 48 41 64 45 52 26 49 48 54 40 59 34 46 5 
0 50 16 60 13 
0 58 23 54 13 
0 57 41 69 31 66 35 73 10 65 27 48 16 78 50 68 11 
0 69 32 63 10 75 5 81 8 55 14 73 13 70 11 62 19 64 35 74 35 68 14 54 22 66 31 65 20 48 20 
0 68 1 57 37 56 48 63 14 52 11 66 26 67 44 70 26 74 21 51 2 59 37 60 25 77 27 79 23 
0 66 31 73 22 76 13 56 25 55 2 50 27 81 33 74 34 61 40 70 9 
0 76 33 59 37 56 4 52 11 63 33 80 6 62 3 81 23 58 50 68 27 
0 80 11 62 48 67 7 71 24 81 48 72 34 79 46 78 50 
0 81 33 69 46 79 17 55 43 66 29 61 1 57 23 
0 65 40 56 25 79 9 81 23 54 7 55 47 80 9 58 25 77 17 
0 74 35 
0 65 21 69 2 74 8 59 7 63 23 81 49 56 11 75 36 64 28 76 2 73 38 60 4 78 28 
0 72 2 66 50 59 44 63 43 81 6 71 48 62 14 70 33 76 23 67 42 60 14 80 18 
0 74 21 69 26 58 34 60 24 76 34 75 41 59 19 65 16 72 28 63 38 
0 62 50 67 22 65 13 70 7 63 12 68 37 81 17 80 20 77 17 59 37 
0 74 5 71 25 67 33 
0 74 24 77 20 81 28 66 37 
0 74 48 66 29 65 22 68 23 
0 68 41 72 25 64 12 70 31 63 20 66 8 
0 74 33 
0 81 30 74 19 
0 75 11 71 44 74 39 81 13 76 36 72 10 73 27 67 10 70 39 80 5 79 38 78 49 68 47 66 18 
0 89 42 69 50 84 32 73 46 98 25 92 50 77 3 70 18 83 38 
0 97 26 94 38 
0 75 23 70 28 72 21 79 26 98 9 92 2 96 3 
0 88 2 76 43 92 5 78 2 93 4 77 46 87 16 71 15 84 45 75 31 83 39 95 23 74 4 
0 82 32 76 4 90 9 77 24 91 38 80 10 
0 89 7 80 6 72 48 81 8 85 22 87 1 83 45 93 28 99 11 84 5 74 50 96 7 90 31 98 24 
0 100 23 83 43 95 12 94 46 74 7 78 25 89 25 81 39 86 24 92 33 76 26 90 23 80 39 84 42 91 14 
0 93 22 91 13 85 19 83 18 84 14 94 39 
0 99 18 85 8 80 29 79 16 96 28 75 15 89 30 81 47 98 35 95 50 83 21 87 38 92 19 91 38 
0 86 30 99 27 97 12 79 49 78 36 80 36 
0 83 31 91 41 97 17 89 6 81 35 90 30 
0 87 8 82 25 86 20 79 20 91 36 84 14 97 12 92 1 89 32 99 10 98 22 85 37 96 4 95 6 
0 96 13 98 27 92 21 87 27 97 39 93 2 100 14 79 6 81 16 
0 99 27 81 4 86 23 88 22 83 27 85 42 87 17 89 19 84 7 93 48 92 47 80 4 90 28 82 27 95 39 100 32 98 46 
0 99 42 97 39 82 10 94 38 91 37 86 41 96 1 89 31 88 43 83 43 100 17 81 4 92 12 84 27 87 4 90 34 95 25 
0 100 17 98 4 85 44 99 12 91 19 87 4 
0 91 25 98 2 104 43 83 38 84 42 96 30 114 14 97 3 93 31 112 32 101 49 90 42 94 50 125 8 103 4 88 41 92 41 119 36 
0 92 3 
0 104 48 121 25 123 9 99 6 128 34 127 23 85 32 118 26 88 50 92 13 91 5 89 37 93 10 122 44 110 26 124 36 114 1 117 37 
0 93 13 95 24 109 48 98 26 96 29 119 18 92 12 127 19 104 13 
0 92 35 105 8 112 44 109 33 99 22 121 3 128 33 127 48 117 48 101 20 93 35 123 1 91 35 96 21 107 13 114 11 103 31 104 9 122 35 89 1 94 25 111 42 
0 107 11 128 13 95 10 93 19 124 39 123 41 110 41 100 10 115 42 99 17 111 14 96 48 89 9 117 49 103 8 113 20 94 16 
0 124 5 103 49 126 35 108 24 120 3 112 49 115 33 127 41 128 17 91 19 93 6 104 46 109 45 110 16 105 23 122 47 98 11 125 45 111 50 113 1 107 35 118 22 99 42 
0 91 8 
0 91 32 123 39 103 43 115 47 98 6 121 19 119 8 97 20 124 13 102 31 100 26 113 11 92 30 128 37 116 4 110 23 122 17 104 16 101 9 108 7 
0 101 19 99 13 105 14 98 5 123 7 93 23 
0 94 43 124 11 114 35 97 36 128 47 104 5 95 44 118 3 116 18 103 23 105 35 96 21 98 28 126 49 121 10 115 1 110 3 112 37 100 14 109 36 101 12 125 6 99 28 106 28 
0 124 31 94 31 118 25 98 49 109 23 115 12 100 49 120 32 112 20 95 26 108 13 99 35 111 33 116 15 123 10 126 47 97 17 113 21 117 45 104 50 119 48 122 29 128 31 106 30 105 50 
0 118 10 115 44 125 33 110 14 122 35 127 26 102 8 104 33 100 36 119 21 96 24 117 46 112 12 105 23 124 22 120 16 98 25 121 47 109 15 116 44 
0 112 26 122 34 128 50 97 14 119 47 125 25 99 16 117 12 123 27 100 12 111 22 127 46 114 9 124 26 105 3 98 10 118 6 107 17 
0 125 29 98 4 119 41 113 50 127 1 109 19 117 26 114 11 116 3 126 21 118 27 123 45 110 29 122 16 97 41 112 49 106 44 104 33 121 43 108 46 128 26 
0 98 13 122 29 106 16 121 36 114 44 123 26 108 26 109 27 103 43 127 40 107 45 118 50 119 37 
0 111 47 102 6 103 33 112 40 119 42 100 16 105 10 126 39 108 44 110 39 123 6 120 26 106 40 104 11 107 5 116 48 109 27 118 19 
0 114 41 125 45 123 49 112 2 
0 127 27 105 5 109 35 116 50 103 38 117 29 104 34 122 12 119 36 128 25 114 35 102 31 115 30 112 44 120 12 118 35 113 24 121 19 124 5 123 25 108 18 107 21 106 30 101 16 125 47 126 30 
0 104 49 149 39 108 17 121 18 
0 149 40 109 34 156 24 160 14 120 40 136 4 108 6 114 34 148 9 124 4 118 2 121 26 112 17 154 36 145 9 134 23 126 1 103 32 130 17 123 40 125 45 127 10 106 20 137 25 139 6 143 4 133 17 
0 151 4 124 28 
0 111 42 108 19 155 1 147 34 106 35 156 1 160 36 127 15 150 42 125 49 119 39 136 21 158 6 122 41 126 27 128 14 107 11 117 37 109 35 
0 125 30 137 20 126 9 106 34 136 11 134 33 116 1 130 35 143 26 131 14 149 45 146 48 
0 130 32 144 4 148 21 155 8 140 36 132 23 113 29 139 44 154 2 115 22 157 31 125 17 110 35 119 10 111 12 135 35 120 28 158 16 160 47 159 3 136 36 127 32 142 48 161 16 114 31 122 19 153 42 150 1 
0 122 39 118 4 137 10 141 49 150 37 154 5 147 31 114 9 111 27 123 27 134 22 139 3 115 21 110 35 116 10 109 46 160 36 161 11 131 14 153 6 112 36 130 13 158 35 133 17 152 22 140 45 142 26 
0 131 2 115 3 119 21 151 40 123 20 146 48 142 34 
0 112 46 118 36 127 42 155 20 131 36 130 8 141 26 135 15 148 2 154 41 121 44 157 38 142 24 119 24 143 1 
0 139 38 130 27 142 23 
0 124 2 116 43 123 18 130 11 145 39 125 36 141 31 129 22 157 23 119 1 133 36 150 44 114 3 159 8 120 27 127 19 122 4 146 14 138 42 143 1 132 45 126 5 147 41 154 50 140 2 158 39 
0 127 7 133 20 152 38 141 5 117 45 138 17 148 32 120 13 143 30 126 48 123 45 147 4 161 43 115 37 130 25 118 26 135 17 116 24 128 43 150 16 119 34 137 31 153 26 158 37 
0 121 43 137 8 151 22 133 8 116 1 149 28 124 8 154 34 153 45 127 27 158 24 
0 115 37 151 19 142 44 157 42 120 5 135 16 149 33 154 36 134 2 128 8 121 48 138 48 126 31 123 23 143 12 119 12 161 3 146 4 144 19 150 44 148 47 160 9 125 27 153 2 122 42 139 26 116 28 127 32 136 37 140 43 137 29 
0 123 31 156 7 149 40 157 29 159 37 145 12 132 5 129 32 160 1 146 1 137 37 135 3 136 45 147 49 154 49 144 15 119 9 128 20 140 41 
0 128 47 161 50 121 23 141 50 
0 161 37 159 36 135 31 134 15 124 1 119 8 157 21 139 22 122 6 146 39 155 27 129 17 131 39 158 27 154 50 142 23 160 5 128 35 149 42 126 6 156 10 123 19 121 8 145 33 153 14 136 41 143 19 140 46 127 29 
0 148 14 144 50 123 25 157 18 130 36 151 36 126 22 133 18 147 2 132 10 136 18 141 35 120 16 119 18 161 20 143 24 
0 159 2 138 24 129 45 150 19 137 25 122 40 136 18 135 22 153 29 143 8 157 43 127 27 161 6 149 22 
0 131 22 152 14 143 42 149 34 155 35 125 15 154 38 124 40 159 29 158 37 136 31 129 7 135 6 142 2 128 33 147 23 145 10 137 23 132 22 122 31 161 17 148 1 144 8 127 8 126 47 123 3 133 41 146 50 160 20 130 42 134 42 140 46 153 4 
0 125 5 143 18 132 17 130 29 141 30 124 42 142 1 154 5 146 32 137 50 161 28 144 11 133 24 148 48 150 21 129 1 
0 160 31 141 18 129 40 138 16 161 23 125 31 143 28 144 19 157 30 135 48 128 35 146 39 154 22 159 20 137 36 124 46 139 13 132 13 158 9 140 37 150 28 123 10 126 35 148 22 130 49 149 39 153 22 134 13 155 30 147 40 136 8 142 14 152 7 
0 126 40 141 44 128 21 154 50 138 10 131 24 153 47 140 8 145 9 148 9 125 26 139 13 136 48 158 36 143 26 150 45 149 4 137 18 160 15 147 30 151 5 124 40 155 44 129 46 152 18 127 17 
0 142 22 132 11 155 3 151 34 136 24 138 30 134 16 157 29 143 43 148 4 146 48 144 15 131 10 126 5 141 21 158 44 133 17 135 35 
0 144 44 129 5 159 4 154 1 155 43 132 2 131 44 143 5 145 20 142 27 153 40 156 27 126 19 136 5 133 12 161 30 138 5 146 2 127 48 160 2 134 50 
0 153 19 139 20 
0 139 17 141 27 149 16 150 7 157 34 130 16 
0 157 14 140 33 132 50 155 15 153 49 154 2 129 7 146 9 147 39 142 38 161 42 135 25 141 41 136 11 151 50 158 38 143 18 133 2 156 15 152 9 144 39 160 25 134 43 145 50 139 28 138 47 148 33 137 18 150 26 149 18 131 23 
0 151 50 160 1 188 45 150 33 180 4 139 17 165 35 187 20 190 10 175 44 164 34 177 39 166 5 163 15 136 13 148 17 186 33 152 30 138 33 161 44 191 4 
0 177 22 155 23 172 5 168 37 180 37 152 50 149 40 184 9 132 7 135 7 138 4 183 8 144 22 
0 186 9 154 50 141 4 142 42 132 37 168 9 155 33 174 29 161 39 138 6 136 35 191 25 157 50 167 34 148 16 156 26 183 8 
0 160 44 153 50 142 49 185 11 154 13 177 38 188 32 151 16 179 49 191 2 178 7 146 50 135 27 136 43 180 7 143 37 172 23 138 34 176 10 182 22 144 32 168 32 167 34 159 13 145 16 158 43 157 18 
0 176 25 146 16 188 27 142 11 149 4 161 47 183 25 153 16 185 32 160 20 139 41 159 41 181 17 135 21 177 48 157 8 164 11 178 5 189 37 156 32 167 16 162 12 187 16 137 13 154 50 182 22 134 14 140 37 166 2 
0 184 16 179 45 151 1 183 48 167 43 
0 172 6 185 41 155 36 148 16 153 17 175 40 166 45 161 31 141 23 178 40 150 45 152 31 168 41 190 13 154 19 146 49 
0 190 41 168 16 143 1 158 46 191 42 147 7 164 5 178 32 141 1 181 15 160 17 172 32 150 39 153 2 174 23 162 28 175 31 173 9 188 34 159 18 
0 165 26 146 36 187 27 191 35 182 5 178 17 151 44 190 10 145 19 157 10 158 19 175 32 159 46 
0 165 42 159 49 152 20 162 22 182 38 191 23 170 35 142 30 160 26 146 5 166 3 139 4 189 45 
0 160 38 140 6 143 38 169 31 191 29 174 16 171 7 142 21 173 31 
0 141 13 179 13 187 15 162 8 173 36 164 49 143 22 185 44 155 38 165 42 157 6 148 19 
0 158 8 160 14 
0 179 4 157 50 181 18 185 35 154 27 151 42 184 26 148 32 
0 164 19 158 20 186 14 181 49 182 34 169 35 187 44 170 3 152 18 163 15 166 4 168 24 188 35 146 18 159 25 184 31 144 19 179 12 149 26 176 15 174 18 
0 157 32 179 21 
0 184 45 174 12 167 3 154 19 152 19 162 23 176 49 178 34 168 30 159 28 179 5 158 5 156 15 
0 155 9 169 5 172 37 151 27 150 4 178 38 158 25 165 1 153 7 188 46 182 43 185 13 168 23 148 23 183 22 180 43 181 23 
0 187 38 155 42 162 26 160 49 189 5 166 14 175 45 185 18 164 24 168 16 182 34 180 50 176 14 186 42 157 44 161 18 150 38 170 28 151 27 148 44 163 26 158 47 159 38 174 25 156 6 191 13 184 9 
0 151 46 171 20 184 32 
0 162 4 154 47 164 40 191 31 
0 155 15 159 50 166 2 179 37 174 40 
0 184 30 190 18 181 34 183 41 156 3 155 9 188 19 167 41 
0 178 22 157 49 169 15 183 10 159 25 164 38 163 28 187 44 
0 177 15 188 13 189 26 183 9 155 27 190 16 186 47 156 11 175 27 182 47 191 45 167 35 158 8 181 32 176 46 180 29 178 2 170 26 173 38 160 34 172 48 187 48 163 26 168 9 169 41 184 49 
0 184 43 182 13 166 17 187 9 160 39 191 44 165 33 167 12 158 45 163 9 161 16 159 21 175 29 157 31 181 14 172 49 178 1 185 32 180 35 189 24 162 21 171 20 170 21 164 18 176 7 186 21 168 33 
0 182 24 187 24 178 15 188 50 159 16 157 25 
0 174 45 185 10 187 42 158 18 169 17 166 36 181 21 182 46 190 46 159 30 160 1 186 29 179 22 188 46 171 21 163 28 175 18 191 6 176 42 157 20 162 37 164 40 177 38 180 48 165 15 167 23 189 21 
0 158 7 182 14 167 17 160 6 173 49 159 19 183 11 161 30 180 22 186 49 165 31 
0 165 11 185 18 186 11 173 22 170 47 187 49 184 48 162 50 169 21 179 6 175 27 181 44 161 15 168 20 166 25 172 15 177 1 160 27 183 17 180 38 163 14 
0 179 41 190 42 191 33 
0 188 47 166 24 175 36 171 33 174 50 164 25 178 48 186 41 
0 182 9 185 48 191 7 173 27 170 18 171 50 163 18 172 48 186 21 188 44 165 47 162 40 
0 217 32 211 40 222 34 
0 167 36 208 48 169 19 187 38 215 6 211 14 205 6 224 32 
0 206 28 217 41 167 7 176 19 
0 204 12 
0 193 11 186 32 224 19 170 5 167 37 168 30 206 39 220 22 169 41 205 49 207 35 189 43 188 13 218 37 211 25 219 10 208 27 179 43 182 49 178 43 
0 181 16 215 50 186 7 218 5 179 12 196 9 172 34 200 50 210 47 212 25 223 21 184 30 201 5 188 49 177 3 
0 219 2 191 33 187 39 210 37 202 9 178 27 172 18 205 46 218 11 190 14 186 44 204 50 170 26 184 8 171 42 214 25 201 14 
0 223 5 175 40 197 25 219 7 204 3 196 46 198 6 201 24 200 25 192 38 180 2 202 46 178 2 177 40 209 46 211 29 208 46 194 25 188 4 203 9 213 8 205 19 206 22 207 36 189 27 215 22 179 11 
0 182 6 177 42 192 40 214 24 190 39 216 7 202 36 204 47 201 13 223 4 207 39 208 16 220 43 206 22 217 28 199 43 198 8 187 17 188 28 176 21 213 33 194 45 211 9 185 29 173 50 222 44 
0 202 38 
0 173 16 202 43 201 29 
0 195 28 
0 199 1 218 7 194 41 178 1 213 12 203 17 184 30 186 17 197 41 222 11 193 6 202 40 
0 202 21 217 14 186 33 209 48 220 46 207 1 191 8 178 49 205 23 195 38 206 3 203 39 221 48 196 42 210 10 201 19 182 31 194 7 224 27 208 8 190 38 185 48 216 2 197 28 192 45 222 15 223 25 189 9 179 24 184 21 213 27 211 29 
0 203 2 202 26 219 4 191 39 181 48 217 43 183 47 192 20 218 14 215 15 222 13 194 39 214 40 224 19 189 30 216 20 223 43 190 15 210 12 221 13 200 22 197 36 179 45 213 19 
0 179 42 192 46 204 24 194 29 191 44 193 48 181 14 180 15 215 42 196 30 
0 211 45 180 2 182 21 208 36 203 35 181 11 186 1 216 50 195 4 210 1 207 17 206 43 201 24 190 22 
0 192 39 211 2 213 30 190 2 214 19 221 25 222 30 224 11 193 31 189 34 
0 214 28 212 12 181 21 208 16 184 39 190 32 188 21 197 41 216 8 196 26 183 6 194 36 219 18 200 30 209 7 187 20 195 31 206 26 191 9 202 25 
0 186 34 192 31 184 34 182 4 207 22 218 20 188 10 206 6 197 8 199 29 223 48 221 24 212 21 187 4 208 3 211 23 191 39 
0 204 42 197 45 188 3 189 11 200 40 222 11 221 19 203 3 209 27 187 25 
0 189 21 217 21 204 31 186 40 191 27 196 19 216 35 207 7 
0 220 46 191 37 196 47 209 14 197 33 193 45 218 32 217 16 
0 196 21 223 24 202 6 209 21 211 15 187 36 194 24 200 28 208 7 188 25 
0 223 3 198 9 188 33 196 13 214 49 191 39 203 46 219 3 211 22 195 6 202 30 193 8 199 24 215 27 
0 222 36 189 34 194 37 224 49 216 39 202 5 192 38 212 20 199 44 213 46 198 44 215 4 219 16 210 36 201 36 203 15 211 22 193 11 191 25 209 41 197 26 217 39 
0 210 21 217 48 212 18 200 22 209 50 197 33 215 9 
0 213 40 195 18 217 2 194 24 207 17 193 44 203 44 201 22 196 5 198 32 215 3 211 43 191 15 216 6 199 41 222 17 218 11 212 29 
0 202 22 218 20 197 23 212 48 223 5 219 9 203 45 192 12 213 5 206 47 211 26 210 34 195 6 217 43 201 34 199 11 207 37 194 13 200 28 198 10 214 31 
0 217 27 216 23 193 26 194 3 192 50 218 23 208 12 206 10 213 47 207 29 205 39 209 5 199 9 223 31 195 46 222 48 220 49 198 50 214 18 219 8 197 20 212 48 221 28 196 10 211 20 224 25 204 9 
0 219 36 218 12 234 37 
0 227 6 198 30 195 40 225 13 228 17 196 37 219 42 201 36 224 20 238 43 199 4 229 18 211 45 221 6 242 29 217 29 244 20 
0 196 33 242 18 227 36 213 25 225 4 217 49 219 16 237 5 214 26 216 39 232 46 226 16 
0 220 24 222 31 219 50 229 27 197 48 235 38 230 44 239 47 198 12 196 24 231 14 234 21 223 16 214 27 221 11 211 24 243 43 242 47 
0 227 43 231 43 
0 209 4 227 22 222 39 234 7 212 4 218 43 206 48 225 32 238 33 210 44 217 20 239 34 235 20 223 46 221 46 205 28 230 11 
0 204 35 243 44 208 44 225 2 
0 201 36 230 5 214 32 229 30 236 14 
0 239 11 237 4 223 14 242 20 226 3 233 23 220 2 202 35 225 10 234 38 218 4 207 48 
0 216 11 226 8 210 13 202 28 206 37 240 5 212 1 220 48 214 48 243 36 234 42 232 35 231 32 
0 231 45 241 18 242 29 209 47 203 15 235 11 210 47 228 39 208 38 221 48 229 3 232 34 224 14 207 21 244 2 238 20 213 29 215 5 205 15 211 1 
0 232 39 239 13 229 41 240 10 219 41 244 34 220 43 234 25 208 23 206 44 209 2 
0 237 38 212 23 225 37 223 25 228 9 206 3 229 15 242 19 
0 226 47 225 7 217 6 221 31 244 10 233 47 209 21 
0 219 33 229 47 240 26 242 39 234 38 220 4 226 39 244 1 211 22 221 31 218 26 222 29 237 26 230 30 227 20 
0 244 2 212 24 213 14 224 6 229 25 239 7 236 36 211 37 221 29 243 6 
0 231 33 244 45 210 39 219 27 229 43 240 7 234 22 226 13 230 5 235 32 237 10 232 10 243 18 
0 226 26 237 4 224 21 213 11 240 45 225 19 218 17 241 31 212 16 244 14 223 45 235 28 234 2 222 29 236 23 217 6 216 48 231 18 210 4 
0 223 20 235 10 211 5 241 49 227 34 225 44 221 14 243 9 220 12 
0 217 20 234 10 212 39 220 46 
0 226 40 230 13 236 46 215 6 221 35 222 16 231 39 233 44 219 41 234 43 240 16 238 18 220 33 213 49 225 29 
0 217 43 239 19 233 46 243 12 238 17 226 49 223 39 215 18 222 13 241 21 
0 226 3 225 22 235 31 228 23 218 50 224 15 227 42 220 23 243 43 221 15 222 20 237 37 239 10 
0 242 32 222 18 234 21 225 48 217 43 237 28 
0 243 8 
0 223 24 241 23 238 1 233 2 221 43 
0 231 24 224 14 228 4 244 18 241 48 235 5 232 16 239 24 219 9 223 40 229 44 226 7 243 45 225 16 227 15 238 32 242 9 
0 227 35 222 43 226 20 
0 230 11 244 29 234 3 232 10 242 48 222 40 
0 232 21 243 46 227 14 240 25 224 42 231 50 
0 244 19 241 40 234 47 228 39 225 19 226 16 230 47 224 37 235 49 239 26 237 7 243 4 231 3 223 6 
0 227 46 240 24 230 26 235 40 231 28 239 40 238 12 236 35 228 5 225 13 229 21 
0 231 31 232 42 226 23 229 17 236 27 243 4 242 40 244 26 240 9 225 34 239 14 241 20 234 1 
0 253 50 228 13 256 42 265 36 235 38 241 23 259 15 252 9 229 6 270 26 267 25 
0 252 32 247 44 261 31 269 34 251 30 231 28 249 47 268 8 236 36 274 38 262 1 259 40 229 6 264 9 265 13 228 26 260 26 230 43 277 18 258 16 250 40 272 35 253 35 246 7 257 10 266 35 234 44 263 43 271 26 270 39 256 40 
0 243 8 237 10 276 13 272 27 261 33 250 45 236 15 268 3 270 6 228 12 245 39 253 9 234 47 271 8 259 27 267 42 240 42 239 17 244 17 274 13 263 36 246 33 260 30 249 31 256 14 266 22 269 24 
0 276 8 249 26 232 28 267 39 
0 249 9 241 17 273 36 233 45 235 21 
0 252 19 254 42 238 1 271 29 
0 271 39 249 43 247 37 272 25 267 40 259 36 236 49 250 28 251 5 262 18 238 23 256 18 268 30 273 9 265 20 264 22 
0 276 35 258 1 234 18 264 43 233 34 275 16 250 5 262 29 238 23 259 28 239 19 261 33 241 5 
0 273 5 248 4 266 25 254 32 251 28 264 8 247 49 252 7 239 15 270 3 253 7 234 19 275 5 238 3 256 22 237 17 269 41 268 29 236 48 258 34 262 23 257 22 243 31 272 17 250 7 274 8 235 40 249 5 244 5 241 36 277 20 
0 236 50 260 16 267 39 249 3 272 27 235 50 238 30 243 16 277 22 270 35 248 49 273 18 266 18 239 19 245 21 241 5 271 29 258 17 276 31 262 26 265 24 261 44 263 35 268 8 256 31 264 3 252 6 274 30 269 6 244 49 255 3 242 29 
0 267 2 246 43 236 49 251 47 276 2 261 21 249 21 247 9 266 25 272 5 275 22 238 11 252 7 262 20 255 48 248 37 245 5 
0 261 50 249 4 262 36 251 35 266 23 271 49 260 39 276 32 257 8 
0 259 41 250 9 245 45 262 19 276 43 243 50 253 1 258 23 
0 267 31 251 31 277 40 240 3 273 4 272 31 276 41 264 47 242 10 268 45 243 41 239 25 252 26 
0 251 49 247 31 241 13 246 7 257 49 259 2 249 6 261 22 263 22 248 8 277 7 265 32 271 35 245 26 240 12 262 29 244 32 264 8 276 13 242 42 266 26 254 44 253 50 256 33 252 38 243 34 260 9 269 45 258 22 272 15 273 30 267 41 274 4 
0 277 41 256 40 266 38 249 22 
0 271 31 261 11 266 41 251 19 244 6 246 13 249 5 276 3 255 21 257 3 270 48 264 24 262 2 247 49 273 12 259 20 248 2 277 3 275 13 274 28 265 10 245 3 260 7 263 48 256 3 269 13 250 32 
0 264 39 247 2 249 30 270 19 253 6 254 13 248 12 246 30 276 41 269 12 260 35 266 1 262 5 251 24 259 5 275 39 261 33 263 17 
0 265 30 246 27 259 7 247 8 261 13 277 15 273 50 276 46 274 33 244 18 266 23 271 41 270 9 272 37 260 43 249 21 275 33 254 39 262 22 245 29 256 20 250 43 268 6 
0 259 19 258 27 249 6 267 25 254 10 276 14 247 21 270 36 269 15 266 35 263 30 245 26 246 37 250 45 260 31 272 31 256 12 271 4 251 21 262 15 255 42 257 45 273 36 268 43 
0 246 13 284 44 247 45 256 6 307 11 300 45 278 43 259 27 
0 291 43 281 23 286 30 297 41 282 31 294 13 274 36 248 13 250 18 260 9 298 3 292 30 269 16 273 49 264 45 279 13 289 7 263 50 305 32 285 12 255 1 271 43 272 12 253 30 275 46 295 17 293 39 262 21 265 24 278 35 300 15 
0 272 10 256 38 250 12 305 13 291 43 261 7 283 7 265 45 267 12 255 24 254 46 249 48 260 26 281 35 257 4 263 18 259 32 268 34 298 41 294 45 290 34 304 36 
0 267 28 302 1 283 49 295 1 294 2 276 29 305 35 306 17 258 3 303 2 259 18 274 1 304 31 271 7 262 10 301 46 249 42 286 43 273 9 260 31 272 41 277 45 281 5 284 19 264 10 251 42 275 26 252 30 268 17 
0 254 12 255 7 279 35 296 25 287 36 274 38 276 39 300 48 263 7 301 34 291 2 302 34 303 23 288 21 294 42 278 46 297 19 275 5 299 39 251 43 305 34 
0 259 40 285 45 283 38 300 6 297 30 294 23 251 50 252 10 277 29 269 50 288 49 296 39 293 44 272 30 266 35 278 44 284 1 
0 255 23 264 30 296 12 266 29 289 8 269 12 305 11 291 14 256 9 302 20 297 36 306 36 273 16 276 13 258 44 307 22 285 44 284 3 300 47 280 34 286 42 267 49 279 22 272 41 277 49 287 45 282 39 288 34 278 7 303 35 290 5 
0 254 9 260 48 296 18 301 20 307 2 277 45 261 36 270 24 285 30 269 31 258 13 259 27 255 50 295 40 302 27 289 15 264 48 274 30 267 15 
0 263 37 302 32 270 34 290 21 259 15 269 31 307 36 282 20 308 41 284 26 274 47 305 2 
0 298 37 276 14 294 19 308 42 295 41 305 15 281 3 280 39 264 12 296 15 
0 269 1 261 4 288 48 284 45 286 43 281 38 285 23 267 35 302 34 275 22 293 29 291 18 259 36 305 50 272 42 271 4 308 42 262 37 292 29 256 38 299 17 263 48 274 47 290 26 301 1 264 2 270 9 287 50 278 22 307 6 
0 285 5 273 49 304 37 281 26 287 12 303 15 276 25 288 48 283 29 280 26 296 4 257 39 262 34 307 24 294 3 292 49 260 50 266 13 302 46 258 26 268 21 291 48 301 2 270 27 286 39 293 31 264 29 275 27 259 12 289 21 
0 273 16 288 32 270 38 287 18 267 9 283 32 286 18 307 9 277 47 292 45 271 16 284 20 300 4 268 3 262 12 259 35 275 50 295 37 299 17 293 28 281 32 
0 277 42 307 15 289 43 281 49 292 44 278 39 298 15 301 9 285 23 303 28 291 44 279 11 295 20 296 37 261 36 
0 297 34 298 27 
0 264 25 294 36 292 2 267 10 289 35 302 17 283 18 275 23 270 24 277 24 271 15 298 43 276 18 279 44 262 14 301 35 285 1 297 25 304 47 286 5 306 42 300 15 273 27 282 39 284 11 293 46 
0 291 33 308 4 300 35 268 10 307 48 271 21 282 33 304 6 266 20 302 9 284 25 296 5 278 31 267 46 273 26 264 36 306 7 292 46 290 43 
0 305 32 298 18 271 8 293 21 286 2 272 30 308 2 276 23 274 7 289 37 291 31 280 10 299 9 304 36 295 31 290 12 279 48 296 27 278 41 270 19 281 28 284 1 269 46 294 3 300 16 
0 268 11 288 34 280 6 294 22 277 19 293 42 304 33 301 44 276 36 265 35 284 28 
0 292 27 272 11 291 22 
0 305 45 
0 297 16 
0 299 40 308 32 275 28 284 42 
0 270 27 277 10 293 26 283 42 282 20 308 36 281 3 
0 284 48 301 19 273 38 286 7 307 31 270 36 302 27 293 50 278 46 304 43 291 8 295 37 281 45 298 10 296 5 300 40 305 11 289 34 297 1 271 23 288 8 308 47 279 24 276 42 282 33 275 20 283 40 
0 285 15 276 1 284 5 293 26 286 40 280 35 273 45 299 41 295 34 302 17 274 27 277 39 287 10 307 40 297 45 292 37 271 10 298 2 
0 275 7 288 36 290 8 306 12 287 1 281 27 304 48 286 29 303 45 298 5 284 50 296 23 279 16 283 20 302 26 277 8 272 1 282 7 273 9 305 38 
0 291 16 304 30 302 25 281 37 289 23 301 9 280 45 283 41 288 41 
0 308 2 301 2 307 33 300 10 290 21 295 38 296 21 283 12 286 11 294 38 288 36 284 46 
0 286 26 282 49 306 7 288 21 281 41 303 24 299 24 298 39 278 27 279 20 283 47 307 38 304 7 276 50 284 39 293 23 290 34 
0 283 10 279 14 291 6 303 1 292 26 302 9 305 28 281 37 290 36 276 25 282 36 278 12 287 10 297 30 289 33 300 36 298 33 
0 298 31 286 20 294 7 278 41 301 5 308 39 288 38 293 10 304 25 279 9 277 35 289 50 295 15 284 45 283 23 
0 298 46 299 7 283 21 302 19 300 27 292 7 287 5 305 6 282 4 297 23 288 32 
0 283 7 
0 280 1 289 2 
0 328 44 289 6 319 11 321 26 314 8 304 24 311 16 286 19 316 11 
0 323 44 311 37 290 8 309 3 306 41 297 24 301 22 284 2 
0 310 27 296 12 329 45 
0 294 9 307 33 287 4 291 3 298 37 312 49 313 26 301 13 315 11 309 4 299 16 
0 286 18 285 38 308 40 321 4 290 42 326 49 310 2 307 50 
0 309 1 303 41 305 12 290 14 314 12 299 14 311 16 287 48 327 14 294 37 312 4 308 15 306 18 
0 321 18 319 41 302 18 322 21 
0 304 34 292 4 316 44 290 49 320 18 327 41 303 42 324 14 297 24 312 23 295 50 305 6 302 25 296 7 318 37 313 21 
0 312 19 326 8 323 47 315 16 328 29 309 30 
0 310 23 321 12 
0 326 3 294 15 317 13 303 1 313 8 319 37 293 42 302 6 315 39 318 33 314 1 304 47 
0 306 29 298 28 316 46 297 34 323 7 305 12 310 13 324 28 300 17 325 41 311 37 302 44 318 23 293 37 317 20 328 20 314 10 295 31 321 29 327 29 299 6 
0 308 27 326 3 325 13 304 31 300 39 329 36 323 39 301 2 293 3 320 12 313 15 
0 303 44 308 18 327 49 314 27 309 4 306 31 311 24 
0 318 11 308 20 315 49 302 26 309 13 317 42 325 48 312 20 326 1 305 6 298 4 296 34 329 27 310 3 295 10 
0 309 6 318 29 326 13 324 11 297 19 329 13 307 46 317 43 302 6 312 34 327 32 298 48 316 25 299 43 296 7 301 46 315 18 321 21 322 39 313 28 
0 325 22 319 26 305 47 307 20 324 3 309 43 314 2 327 17 326 20 320 11 
0 316 17 313 5 299 43 317 42 312 5 325 27 321 34 304 21 
0 302 15 323 29 314 31 315 40 328 47 300 3 327 17 310 17 312 37 305 40 317 4 325 37 
0 305 21 312 19 321 46 324 25 315 20 309 8 301 39 
0 308 40 318 30 304 6 311 6 325 47 323 41 328 39 307 37 312 46 326 3 320 41 310 18 306 28 322 34 314 8 317 15 
0 323 20 320 27 319 38 310 17 305 43 327 10 
0 307 50 308 48 323 50 304 33 312 29 321 2 322 22 326 30 325 36 329 31 
0 315 9 307 32 320 50 326 32 323 22 328 38 312 2 318 48 329 24 306 26 309 3 327 34 319 46 321 15 314 25 308 8 325 32 311 31 
0 324 2 322 35 305 15 312 43 320 18 316 45 328 48 307 35 317 49 318 25 
0 317 24 319 31 326 17 321 23 318 15 310 48 306 7 316 8 308 23 313 43 312 38 329 7 311 25 327 34 314 45 325 38 
0 315 28 328 22 324 28 311 35 317 26 
0 321 19 308 33 319 14 314 41 312 24 329 32 316 18 324 34 313 7 315 13 323 48 309 12 325 13 328 12 310 35 322 8 
0 320 26 322 44 323 46 314 4 321 33 316 7 329 41 313 5 311 41 315 40 318 3 310 2 328 46 324 34 
0 319 41 345 36 330 24 347 39 318 20 333 12 325 9 313 13 336 14 328 1 317 7 
0 344 2 334 9 328 38 321 32 346 49 338 22 315 24 312 5 336 43 316 3 331 44 337 9 333 29 329 34 
0 323 27 330 30 343 35 
0 321 35 325 12 331 3 344 8 323 50 333 36 343 3 332 1 324 10 
0 329 43 341 32 330 37 321 26 328 22 318 39 345 47 346 5 335 6 319 3 338 8 332 39 322 42 320 13 
0 346 16 345 5 325 42 331 29 330 19 332 35 337 30 321 3 341 45 315 41 326 36 322 29 319 31 347 27 333 42 
0 325 35 318 44 320 4 326 9 328 2 335 3 345 46 338 32 332 18 337 40 319 2 347 43 340 32 341 36 321 43 
0 341 3 343 35 334 26 325 22 321 36 342 22 327 47 345 10 
0 346 5 335 42 322 30 345 15 327 41 326 23 341 11 342 23 336 12 321 34 338 5 334 49 329 18 
0 320 22 335 33 332 17 338 6 
0 332 46 333 37 322 34 325 21 329 9 334 42 337 3 327 40 339 29 324 19 347 29 338 9 346 20 343 33 
0 340 21 323 44 332 12 331 12 342 49 322 15 336 19 325 27 
0 322 5 339 21 341 43 325 30 333 22 326 25 328 27 335 49 342 35 347 35 
0 324 16 340 41 333 14 330 13 326 47 339 35 327 27 329 11 337 30 336 24 344 20 342 34 331 8 323 48 328 11 346 43 
0 332 3 334 37 333 37 337 38 338 36 340 40 326 29 324 32 341 3 
0 337 49 329 10 
0 345 8 337 4 340 8 327 3 347 39 329 3 332 49 339 19 326 4 338 25 344 47 346 26 333 37 330 13 
0 335 19 333 3 332 12 343 8 340 22 339 28 328 22 342 35 336 46 337 2 330 3 345 40 334 49 338 48 341 16 329 40 344 21 347 8 
0 329 42 346 37 332 30 338 34 343 28 336 48 
0 335 25 
0 336 24 340 48 335 37 
0 354 10 331 3 342 48 365 11 343 3 348 44 370 20 336 49 363 28 332 44 344 26 334 26 338 34 337 22 357 37 371 40 360 50 335 36 368 38 
0 365 18 357 42 337 23 364 2 335 13 374 21 358 6 342 27 372 22 346 12 368 46 334 37 333 1 360 8 356 49 359 46 
0 362 49 365 22 374 19 350 17 349 12 358 5 353 10 357 46 351 11 334 46 341 24 335 31 372 6 
0 358 15 360 22 374 44 335 49 351 18 359 9 355 45 363 32 347 31 372 2 348 32 339 31 346 29 370 20 371 45 357 12 337 24 
0 357 25 341 29 343 31 367 30 370 33 373 32 368 23 347 3 336 10 369 10 335 39 365 35 346 15 353 40 371 14 338 42 355 9 344 4 345 5 354 37 364 46 358 41 375 12 359 30 348 46 
0 366 12 342 22 340 26 341 47 360 42 348 26 362 33 358 33 354 35 350 46 351 12 353 17 349 47 346 42 370 22 336 45 356 15 367 19 357 40 
0 350 25 
0 363 15 365 8 345 47 374 20 357 41 349 15 369 2 358 32 347 34 341 39 354 15 346 42 362 29 368 36 367 25 373 49 344 3 366 2 371 27 
0 370 10 360 13 340 28 352 1 346 43 
0 348 34 368 9 349 30 366 39 365 40 360 33 355 30 346 8 361 20 357 34 340 36 352 15 351 45 353 40 342 19 372 17 363 34 374 15 341 5 371 28 373 47 
0 362 30 355 16 347 10 349 6 346 14 365 30 357 16 364 45 
0 344 9 362 18 353 28 363 10 345 13 374 20 355 3 342 34 369 18 358 3 352 41 360 14 356 13 371 12 
0 349 21 
0 360 35 361 34 363 35 356 30 346 7 347 44 
0 345 43 360 11 347 47 348 47 370 2 366 40 351 1 374 16 352 50 361 28 365 44 364 15 356 37 363 47 359 28 
0 364 17 360 49 370 10 368 16 365 43 348 39 352 22 362 15 356 21 359 29 374 12 353 2 369 23 
0 366 25 374 50 369 11 354 31 352 49 353 37 347 30 365 4 372 20 357 50 355 47 367 47 375 32 364 31 
0 350 11 349 28 373 48 359 45 
0 396 46 394 19 361 50 382 34 379 23 383 43 402 40 392 4 380 16 390 41 354 40 395 9 
0 360 20 402 24 366 48 399 10 370 27 
0 360 20 
0 358 44 362 38 384 18 355 25 385 44 364 49 396 5 392 21 394 17 368 17 372 22 387 5 375 32 369 21 357 19 353 34 386 3 354 9 400 26 352 17 360 44 391 31 
0 367 15 392 45 369 26 390 42 387 17 385 22 376 32 371 19 353 11 402 44 396 49 364 5 356 17 401 2 359 47 399 43 362 49 378 17 383 8 366 21 365 49 400 27 403 9 380 26 394 21 375 17 370 10 354 48 
0 391 50 360 2 
0 388 47 401 9 357 46 394 37 399 33 390 42 356 21 375 50 372 17 363 44 373 17 376 28 378 40 400 7 361 34 370 36 369 31 360 40 397 20 377 20 
0 386 21 357 20 369 25 374 34 389 26 378 9 356 22 376 1 382 40 401 27 384 19 380 3 
0 381 23 360 4 364 43 391 40 384 42 370 12 357 35 377 18 374 3 380 15 372 17 390 40 379 2 387 20 363 25 358 18 402 50 376 47 378 9 366 16 
0 383 35 398 16 366 7 367 17 363 5 401 32 400 35 385 2 388 48 379 8 387 4 362 50 386 12 369 8 374 1 371 43 394 17 376 39 365 26 373 50 403 41 359 27 389 2 372 48 
0 374 21 369 26 359 35 361 7 382 36 372 24 394 47 371 29 400 49 366 14 362 42 393 38 378 20 387 5 375 44 385 46 364 26 402 48 392 46 376 11 397 43 
0 373 41 383 33 360 29 387 46 384 41 370 19 390 10 402 5 388 2 398 24 371 6 362 34 368 34 381 26 394 44 391 1 378 14 395 30 401 41 364 11 380 23 361 2 399 15 363 50 389 29 403 46 369 10 382 39 
0 391 31 
0 399 6 395 22 374 42 397 41 390 12 366 31 398 6 389 34 375 3 
0 380 48 398 1 401 29 373 15 367 14 385 15 375 3 394 46 
0 384 40 376 17 396 49 387 25 386 8 373 25 380 9 365 26 401 37 398 23 369 29 364 17 379 18 370 40 403 2 385 9 371 48 397 49 368 5 394 30 378 37 395 40 
0 397 7 393 50 389 21 398 11 403 12 395 2 388 41 372 35 368 10 391 10 384 15 366 31 377 26 375 39 401 48 382 1 369 25 365 34 400 24 396 10 378 25 373 29 381 29 380 49 399 27 392 5 
0 380 42 371 32 376 23 392 1 399 14 381 2 401 1 366 26 368 48 403 9 372 42 370 14 387 45 397 11 391 32 386 11 
0 374 12 388 35 373 12 380 29 392 42 384 13 398 49 387 35 379 25 371 10 386 12 399 25 391 27 396 16 376 21 372 24 383 36 397 45 393 5 
0 403 1 387 28 375 7 395 21 389 44 378 37 371 33 369 47 373 30 370 13 376 32 396 13 398 7 390 13 401 24 388 31 379 41 372 4 391 38 381 14 368 50 380 44 397 24 
0 389 25 381 30 394 11 387 43 384 15 390 22 
0 374 33 375 44 380 16 
0 382 31 380 38 388 36 403 45 377 27 391 6 389 36 396 11 402 47 372 5 390 27 371 36 375 46 395 35 379 21 374 11 392 17 378 4 376 37 385 34 393 38 
0 401 30 390 39 400 41 386 37 391 9 378 46 392 29 379 44 374 37 395 28 387 45 402 32 381 18 393 36 389 29 399 46 385 21 397 11 
0 393 32 402 8 374 5 391 8 401 10 398 40 394 9 399 6 381 36 373 28 403 22 387 48 377 29 385 40 379 41 392 3 384 41 383 32 380 41 390 27 388 28 
0 394 33 389 22 385 7 395 41 381 50 387 42 375 23 399 4 402 42 377 16 380 3 378 20 374 18 382 5 393 31 398 28 388 5 
0 377 38 382 37 379 30 396 27 386 7 395 47 401 14 378 4 390 19 381 29 387 1 
0 389 28 382 3 392 28 385 12 400 21 398 48 390 34 379 7 394 23 396 44 386 36 397 30 391 28 402 19 377 13 401 14 380 45 388 24 378 32 403 44 393 2 383 9 384 41 
0 379 24 417 48 377 50 393 19 386 41 391 13 420 12 389 33 410 48 418 36 414 6 
0 407 49 398 38 391 20 387 6 416 35 419 45 417 39 409 9 380 32 397 37 
0 409 21 
0 408 46 415 34 394 36 390 1 381 4 388 35 395 25 402 45 384 35 399 16 383 36 404 15 
0 417 47 403 8 408 49 415 47 384 8 392 48 398 48 402 29 383 3 385 9 389 44 386 6 397 11 414 3 
0 406 49 415 50 419 50 403 24 401 11 384 33 
0 383 36 403 38 397 2 
0 386 21 
0 394 46 410 40 415 4 420 47 
0 410 48 392 18 390 50 408 35 406 2 389 33 400 31 394 49 388 7 417 4 412 6 
0 393 50 417 42 407 8 418 10 409 40 391 43 
0 396 14 420 13 412 14 402 24 394 9 391 6 411 9 409 12 416 39 400 31 392 3 399 22 406 19 395 10 418 25 
0 392 48 416 7 400 15 411 43 409 1 401 42 396 29 
0 407 19 419 35 398 8 395 9 390 28 401 12 397 39 410 12 400 20 391 29 420 17 
0 414 14 392 41 402 47 411 12 404 45 398 1 397 37 409 24 391 32 420 41 403 4 419 33 393 6 415 1 394 32 
0 416 3 405 2 393 50 404 43 394 43 399 29 410 18 407 45 
0 398 47 393 50 404 35 396 8 410 33 415 19 407 11 417 19 401 24 400 14 
0 412 8 401 25 398 31 416 36 406 50 419 48 397 11 
0 418 43 404 44 411 19 408 43 396 13 416 9 399 19 395 45 407 14 397 17 405 50 398 29 402 34 410 11 419 4 412 13 
0 415 47 408 9 403 21 406 41 411 22 420 35 419 36 402 32 398 12 
0 416 47 420 39 413 39 415 6 401 2 410 47 408 47 
0 398 39 
0 404 26 406 16 
0 414 22 402 15 404 18 410 14 416 22 
0 409 13 407 14 416 35 405 2 413 26 410 18 419 38 414 7 415 15 401 44 408 47 403 34 412 17 402 34 420 1 404 3 417 47 
0 417 47 410 20 406 25 402 30 404 32 420 49 419 47 414 29 408 11 407 8 415 7 413 45 411 30 409 10 
0 420 15 409 38 411 43 417 13 410 23 415 14 407 6 406 2 408 33 414 12 404 14 405 22 419 40 
0 411 50 409 32 406 41 405 42 413 32 418 6 420 45 412 28 407 40 419 41 404 28 417 14 
0 438 19 434 46 432 28 420 21 428 29 429 13 408 21 419 38 435 25 411 1 418 26 409 6 405 46 433 24 410 40 
0 412 37 411 47 417 15 433 4 435 43 421 48 
0 411 34 435 1 421 36 407 17 413 35 417 24 410 7 426 45 425 6 415 21 438 49 416 31 428 30 
0 436 13 
0 427 49 413 47 416 14 423 14 438 50 430 42 414 11 424 30 411 46 418 1 
0 411 43 436 43 435 26 
0 414 46 430 35 411 48 434 37 435 41 420 1 436 5 412 42 419 15 415 9 424 3 
0 423 34 429 32 422 24 430 7 431 23 438 36 419 43 420 12 416 29 434 39 424 31 428 44 425 4 433 43 413 42 435 48 437 47 426 15 
0 427 1 426 21 418 44 423 5 437 22 428 16 431 32 422 21 429 10 435 24 417 41 413 39 438 12 436 16 416 6 
0 425 11 418 47 
0 437 20 434 5 417 14 418 7 426 37 
0 419 10 426 44 427 49 429 40 437 3 430 4 435 40 423 2 436 9 425 14 422 9 431 14 417 5 424 38 
0 423 22 426 45 417 27 428 19 430 24 431 45 432 14 
0 422 48 438 4 432 36 434 40 423 29 437 4 429 20 436 50 435 14 424 28 433 9 431 21 428 45 
0 428 9 424 19 425 39 430 22 429 15 420 44 427 16 438 16 437 5 433 22 436 1 435 34 419 13 
0 430 35 423 50 438 30 433 39 421 36 435 39 427 37 424 33 428 34 432 33 425 35 426 18 422 36 436 33 
0 437 4 
0 431 25 450 28 445 26 425 44 459 29 449 24 452 6 427 37 
0 425 6 444 30 468 20 428 21 451 29 441 45 431 32 454 45 426 41 458 43 461 18 450 3 447 31 452 21 424 14 434 3 455 22 464 17 435 13 459 13 467 39 445 49 437 18 438 43 
0 452 17 427 45 424 50 446 9 433 44 462 26 456 39 449 40 
0 449 48 462 35 426 45 460 34 467 5 469 50 447 49 427 17 430 39 457 14 466 29 438 24 443 35 456 24 448 14 452 21 453 42 437 47 450 33 455 21 444 46 461 8 428 42 459 14 446 5 
0 449 15 430 35 434 45 462 32 441 4 457 34 428 28 455 19 467 25 465 19 429 19 446 10 432 26 456 37 442 11 439 47 431 10 444 16 445 5 468 45 450 17 438 24 433 42 453 22 451 16 461 2 
0 440 48 454 38 444 7 436 13 456 42 463 1 435 33 466 47 433 49 443 50 431 22 445 36 427 11 455 6 469 5 460 42 447 24 453 34 
0 453 35 428 23 464 9 452 21 429 14 442 33 438 35 444 7 446 26 441 25 447 18 433 22 443 20 458 28 461 37 457 34 462 14 434 7 451 39 460 24 450 3 459 7 440 36 437 38 448 25 435 38 467 3 465 26 
0 449 45 447 41 460 48 467 29 434 2 429 49 466 39 
0 449 31 462 40 442 28 461 13 439 39 467 40 434 10 
0 453 34 436 31 440 4 468 3 457 5 433 38 443 6 452 1 435 28 445 18 451 22 442 36 438 28 446 8 449 20 463 48 456 47 434 1 462 20 454 48 444 38 441 42 465 5 450 50 431 4 466 12 469 31 439 26 
0 455 1 434 29 437 41 433 25 445 46 444 35 466 32 449 6 435 8 459 13 457 43 440 13 439 47 436 30 446 46 447 20 468 1 464 32 453 11 441 9 462 46 458 40 
0 450 38 467 15 452 29 463 24 456 45 457 5 437 46 438 15 455 40 449 41 446 15 
0 436 13 435 18 468 10 458 47 466 28 438 13 444 13 448 29 459 11 454 5 463 25 434 5 442 25 439 45 464 23 446 42 456 28 465 20 457 4 451 24 447 22 441 17 455 29 449 36 461 1 
0 435 25 469 14 468 6 437 29 443 50 441 22 442 47 440 29 458 29 464 20 465 25 463 36 462 38 460 13 436 29 467 27 452 13 454 12 461 7 439 3 447 4 444 11 448 15 449 3 459 1 457 41 
0 446 1 442 50 444 43 445 43 465 46 462 26 453 32 443 44 464 3 455 7 447 33 449 18 437 31 440 23 468 27 436 9 467 25 460 27 448 50 463 43 458 43 457 1 441 16 450 28 
0 456 15 449 38 464 27 469 9 460 25 457 17 461 6 439 9 466 48 451 35 446 34 463 48 453 8 438 24 441 21 445 10 450 1 458 9 437 15 
0 456 23 440 14 444 8 467 26 463 19 445 24 442 37 438 1 458 34 443 20 469 44 448 46 452 21 
0 459 38 468 41 464 46 440 18 467 10 
0 481 48 496 49 491 7 443 37 483 44 493 25 444 50 469 10 445 24 459 20 453 13 480 3 455 39 477 9 447 34 476 42 486 48 450 3 448 47 488 26 452 27 482 32 460 4 440 3 
0 492 7 480 22 489 22 448 26 477 15 483 22 470 50 473 42 446 48 447 9 486 47 441 49 
0 455 11 481 31 493 36 463 18 454 18 495 3 475 10 444 20 465 18 490 43 471 30 
0 443 29 477 27 493 32 
0 460 11 482 35 488 19 
0 482 39 458 28 483 9 473 6 453 12 490 27 496 5 452 34 491 24 464 11 454 49 
0 457 36 464 45 479 42 458 41 487 19 459 13 489 35 447 4 482 47 460 28 469 13 454 42 476 45 466 28 484 17 
0 477 35 495 24 472 33 460 47 450 14 455 31 479 34 
0 455 31 
0 480 49 449 19 496 29 473 40 467 10 493 12 452 43 488 15 
0 489 30 490 50 476 23 487 44 477 14 483 41 473 44 464 42 480 33 472 23 454 22 452 47 468 10 459 43 451 12 460 3 
0 462 33 468 41 464 7 485 43 469 4 488 1 472 18 493 10 474 31 476 12 486 47 453 30 465 27 459 46 467 49 457 15 492 19 458 6 489 6 482 4 473 12 491 41 454 50 496 17 480 20 475 25 
0 483 17 476 48 471 33 475 16 489 26 488 1 452 33 473 24 469 34 466 29 474 42 468 8 
0 456 27 472 47 467 15 483 39 464 30 494 27 487 26 492 16 457 37 465 37 468 45 469 45 453 27 
0 485 3 471 31 465 13 462 23 457 44 489 40 475 16 481 38 469 40 470 28 478 28 
0 470 22 467 34 463 13 465 34 477 5 456 13 461 32 462 20 
0 472 36 458 26 464 6 486 23 481 49 488 40 466 35 490 38 478 1 473 12 469 45 465 24 484 15 493 49 471 44 463 17 470 9 461 48 479 29 457 21 495 48 
0 489 9 463 27 459 9 476 16 470 14 491 4 472 10 458 16 477 24 484 31 492 10 494 8 480 25 469 50 478 37 467 44 468 34 495 18 464 33 466 5 483 5 479 39 496 42 475 28 471 35 
0 484 50 476 40 470 42 482 37 474 33 492 13 485 10 466 5 462 49 493 48 460 32 465 44 471 4 486 50 475 28 463 30 461 17 458 19 489 7 477 16 
0 489 7 478 22 480 22 471 32 481 7 464 10 473 25 
0 464 50 476 6 468 41 470 1 465 32 480 17 494 38 479 32 461 5 463 11 484 48 462 4 460 48 495 16 466 8 482 32 487 13 473 3 471 39 488 22 475 21 492 30 493 20 483 45 
0 462 2 474 23 488 42 487 27 
0 473 18 492 11 477 4 491 50 484 41 465 50 467 11 462 22 483 17 463 49 472 5 496 16 487 43 475 22 470 35 478 15 489 42 469 43 481 17 482 41 494 32 480 4 466 42 464 34 485 15 476 41 
0 476 21 495 40 468 27 481 41 479 44 475 33 491 12 482 50 478 35 496 15 477 28 466 28 485 13 472 17 469 46 464 25 474 14 465 14 492 27 
0 476 18 473 42 494 18 479 38 490 2 480 22 491 16 493 18 482 29 470 6 488 42 472 13 496 13 485 32 469 17 468 45 475 10 481 49 
0 470 9 491 31 467 27 466 7 493 38 490 15 483 36 475 39 471 44 472 21 477 29 488 1 469 44 489 4 492 31 481 26 484 43 495 49 478 41 485 34 
0 483 22 476 22 467 25 495 4 478 24 471 3 494 35 477 18 485 9 472 29 484 36 480 34 482 21 486 6 466 23 487 44 479 4 474 39 492 48 470 43 489 3 469 48 491 27 493 30 
0 469 31 491 47 479 6 467 38 
0 469 29 480 1 491 29 470 11 471 50 496 15 482 29 494 47 479 31 492 38 
0 490 43 489 10 488 24 496 10 482 46 483 22 471 49 486 49 477 50 473 36 487 15 495 26 492 22 484 12 479 3 494 47 472 5 493 17 469 35 485 21 491 19 478 21 481 6 475 18 
0 479 48 480 4 492 1 491 8 483 8 494 20 470 20 481 6 488 16 474 6 478 13 496 45 472 30 489 46 473 31 482 4 493 11 487 9 495 24 486 1 485 32 484 35 475 23 
0 491 1 
0 486 43 482 47 
0 496 5 
0 490 33 
0 498 48 481 23 
0 489 46 
0 488 1 
0 489 38 498 22 
0 497 12 481 38 
0 491 4 
0 495 33 
0 489 27 
0 485 26 
0 496 48 497 31 
0 490 34 
0 490 16 
0 493 39 
0 498 3 489 13 
0 498 16 
0 496 50 
0 498 26 
0 495 1 
0 497 50 493 45 
0 496 41 497 48 
0 498 39 
0 496 41 
0 498 45 497 45 
0 498 49 
0 499 37 
6
