-10 3 48 
0 5 1 6 39 14 4 10 16 
0 3 2 13 50 
0 12 34 8 46 5 25 7 46 10 12 
0 8 11 11 4 
0 14 4 11 12 10 22 8 11 6 5 
0 9 44 13 33 12 9 14 19 
0 10 33 8 43 9 10 13 47 
0 11 21 
0 14 33 10 44 13 45 11 32 
0 17 23 12 32 13 49 16 34 
0 14 42 
0 19 3 18 14 16 48 
0 17 20 
0 18 2 16 2 19 33 17 24 15 48 
0 18 31 16 35 17 9 
0 19 31 22 10 18 50 17 32 
0 23 3 22 36 
0 21 37 19 10 22 21 
0 21 18 
0 28 48 27 31 22 33 24 23 25 22 
0 27 21 25 32 
0 26 36 25 26 28 50 23 45 27 38 
0 28 20 25 7 
0 32 28 40 44 
0 26 25 43 49 48 26 32 50 28 41 33 36 40 37 46 29 
0 34 6 32 37 47 31 39 11 42 8 31 21 45 45 30 17 40 50 37 9 48 36 33 14 36 3 43 11 29 37 27 20 35 6 46 46 
0 31 47 38 37 47 36 43 49 42 48 29 47 36 16 33 33 46 20 34 40 44 10 45 33 40 5 39 15 
0 43 38 33 3 
0 43 50 
0 41 49 
0 47 12 
0 35 27 
0 35 5 
0 46 44 
0 38 28 
0 46 34 
0 48 26 
0 44 2 
0 42 15 
0 47 27 
0 48 37 
0 47 48 
0 44 43 
0 45 11 
0 48 41 
0 48 29 
0 48 33 
0 49 26 
5
