-10 19 27 5 44 16 7 15 14 20 29 9 36 7 36 1 7 18 3 10 45 8 23 17 32 2 7 3 47 13 10 11 8 14 50 12 42 6 49 
0 25 14 43 47 38 41 
0 18 23 8 32 20 10 38 42 24 43 
0 9 34 39 29 23 8 40 3 34 16 17 47 7 24 48 49 15 49 6 16 38 15 5 4 37 49 
0 9 39 13 3 10 36 38 1 15 34 22 50 44 49 49 47 40 41 11 39 47 13 21 4 33 31 51 24 26 40 29 49 
0 7 24 37 9 10 36 47 39 40 8 26 24 15 11 41 49 8 44 11 45 6 46 31 4 25 38 32 42 16 42 46 12 45 47 51 25 19 50 49 22 14 46 13 27 43 1 18 37 44 42 17 22 21 6 42 27 38 22 22 43 33 25 
0 13 1 
0 28 24 48 44 35 10 49 1 40 8 50 18 11 11 34 42 25 23 15 17 31 35 43 19 32 44 38 29 
0 39 22 34 32 10 14 30 23 46 43 29 22 26 41 51 28 41 30 11 46 17 44 9 41 24 15 27 16 35 36 12 26 15 32 13 3 20 40 44 30 38 22 19 1 48 14 21 50 49 41 45 29 32 32 31 15 37 44 
0 42 24 29 46 40 40 11 37 36 39 30 37 32 15 38 35 19 42 39 36 13 4 27 6 25 8 17 24 12 47 20 44 48 44 35 34 23 35 28 15 16 12 34 34 
0 18 30 16 27 49 46 15 13 33 4 38 30 11 21 34 10 28 20 19 41 
0 20 33 38 45 51 47 18 29 31 1 
0 42 22 37 33 25 3 13 38 49 19 26 26 20 6 31 39 24 14 33 5 35 26 19 49 51 30 18 15 39 46 21 24 27 21 29 28 34 50 15 4 28 45 
0 31 8 43 12 46 3 51 7 25 39 50 29 41 4 21 26 37 29 36 30 20 44 33 38 34 1 44 15 35 5 24 12 47 5 38 32 26 27 16 3 19 18 42 26 17 46 14 27 28 23 
0 51 27 45 48 15 21 43 41 25 23 
0 46 49 23 36 45 24 26 43 47 39 44 21 33 39 27 12 38 18 49 47 48 47 29 29 16 40 42 41 37 16 25 39 41 15 
0 18 48 28 2 21 43 27 18 43 4 39 30 47 34 20 49 46 16 49 20 44 7 41 47 19 37 24 14 42 47 36 15 30 21 40 41 31 44 48 1 
0 32 16 35 34 23 11 51 7 41 43 30 17 26 5 29 30 25 11 24 24 42 16 34 7 22 44 49 6 40 39 
0 50 25 21 33 47 36 19 35 48 14 46 15 30 6 37 15 26 28 43 4 38 43 39 40 31 2 44 5 20 27 33 32 25 22 34 33 
0 23 24 24 13 45 15 21 21 35 23 46 14 25 17 40 30 34 9 47 40 31 50 22 14 36 33 30 47 44 8 37 22 48 4 32 5 26 22 39 7 49 24 33 18 29 1 41 35 28 12 38 30 42 6 
0 41 29 29 37 33 41 47 12 32 8 45 27 51 20 42 39 43 17 50 46 49 26 36 2 38 4 40 9 23 42 46 6 21 3 22 42 48 22 27 5 30 43 
0 25 6 28 20 52 16 42 28 43 3 62 32 32 10 44 24 36 3 49 34 65 35 31 15 39 17 45 4 34 33 30 21 61 28 24 7 69 30 22 22 
0 45 33 54 38 43 36 38 32 46 2 70 46 35 10 26 16 37 3 64 2 
0 46 1 42 5 24 8 39 16 68 49 
0 44 35 29 23 52 22 25 10 45 25 26 37 47 10 49 16 54 36 71 16 69 17 51 12 36 37 
0 51 41 53 16 34 18 44 34 
0 68 28 41 21 50 1 
0 45 16 52 19 35 9 58 3 69 49 65 23 41 10 59 12 53 24 40 12 
0 47 47 32 5 45 35 52 40 42 5 50 3 33 41 62 5 55 40 54 13 38 4 
0 56 17 47 44 54 37 41 8 65 11 55 9 50 38 51 34 63 22 71 41 30 25 46 36 
0 63 9 45 2 36 49 50 30 57 17 59 12 39 34 68 47 58 11 55 7 67 30 37 33 56 43 48 14 64 50 
0 53 50 52 33 54 17 70 35 41 44 45 42 39 47 69 45 
0 54 25 62 26 60 36 59 48 70 17 71 8 44 38 46 48 64 32 42 31 55 36 58 49 
0 39 38 44 47 59 11 70 8 34 30 37 24 48 23 35 37 46 35 57 23 63 46 65 49 38 32 54 1 66 39 49 48 69 28 51 32 55 32 
0 41 2 58 24 56 45 70 24 63 16 38 18 68 3 40 35 55 37 
0 61 6 42 7 62 5 63 2 55 49 51 39 47 15 41 28 54 2 45 9 44 44 40 40 64 16 50 35 
0 58 41 50 31 61 28 56 27 41 20 59 3 42 35 37 30 60 2 71 44 43 5 47 3 
0 49 20 54 36 44 6 58 36 
0 54 8 53 9 42 11 
0 55 43 70 48 63 12 60 19 53 13 59 8 58 29 62 41 42 18 45 44 49 34 52 43 40 19 65 48 43 7 57 9 68 18 56 38 61 42 41 8 
0 43 2 57 10 67 39 45 25 41 23 51 23 44 8 53 14 
0 51 29 42 24 67 36 
0 62 29 50 20 55 43 53 40 68 40 67 9 
0 69 31 52 40 60 25 47 34 67 40 50 20 45 9 62 47 59 19 48 40 53 23 71 5 64 43 57 17 
0 49 35 62 26 65 36 47 33 66 42 71 4 54 34 55 38 63 29 51 8 58 48 
0 62 33 46 5 60 22 68 27 64 9 55 7 58 47 59 19 67 1 56 23 47 25 61 3 50 14 
0 62 22 53 38 48 41 54 15 58 30 65 18 60 3 47 25 56 43 57 36 70 12 49 3 64 41 67 22 61 11 71 3 52 14 59 43 51 6 55 39 
0 62 16 57 12 49 46 55 12 63 25 61 21 67 33 54 40 68 5 48 33 66 31 58 45 51 34 70 18 52 35 69 36 
0 59 25 58 35 71 8 50 29 64 26 68 11 56 11 65 37 52 47 69 2 63 11 67 35 54 21 
0 63 46 71 6 66 37 
0 70 39 53 35 60 23 62 46 52 11 57 23 63 19 51 3 54 13 55 13 56 21 67 31 61 14 71 13 58 18 69 37 59 25 64 29 
0 69 8 71 16 54 10 67 39 55 34 58 16 68 20 53 17 52 10 65 14 64 43 66 6 61 28 56 5 
0 61 45 109 14 93 12 107 34 58 31 55 13 81 38 73 40 111 40 112 5 97 35 70 35 84 32 103 9 90 6 62 33 95 4 65 15 74 31 71 9 77 30 75 41 68 40 66 44 80 18 110 9 78 12 102 42 87 32 88 34 56 30 64 7 86 15 96 1 113 29 57 29 108 1 59 17 79 7 85 36 94 29 69 30 
0 87 32 85 32 78 40 67 17 73 43 56 23 62 31 
0 113 43 82 41 80 48 79 38 108 2 112 3 61 36 63 49 83 33 62 33 110 32 77 7 93 34 89 35 59 9 64 20 81 5 78 43 90 12 60 38 56 44 72 44 96 15 76 26 65 23 111 15 87 8 95 43 105 12 84 26 85 20 
0 110 28 86 24 75 19 72 48 101 46 79 27 65 9 70 4 60 17 112 22 90 13 111 48 81 4 94 1 82 32 68 5 83 3 66 47 76 17 113 47 62 25 108 35 88 33 56 20 73 25 102 34 58 45 107 40 67 35 87 32 109 7 106 13 104 33 99 17 63 18 89 48 77 32 69 24 64 47 59 12 
0 109 20 110 19 76 15 72 7 77 24 104 16 
0 82 33 96 49 67 50 106 31 104 46 105 4 76 42 108 1 92 30 91 49 
0 87 15 106 40 96 31 97 28 70 43 65 19 
0 60 20 108 46 106 23 63 50 103 42 104 7 77 42 101 42 88 6 89 38 65 27 97 45 81 11 91 24 73 50 74 38 99 26 86 48 98 32 78 23 82 24 85 29 109 21 67 9 75 50 61 39 113 25 111 3 96 31 100 27 93 25 
0 69 40 
0 97 12 73 50 100 24 82 44 90 25 86 29 75 19 81 31 64 2 102 36 69 23 106 6 108 47 93 43 87 26 74 1 72 36 95 22 66 49 84 7 76 11 94 27 110 12 103 50 71 40 92 32 68 41 112 5 65 34 98 19 89 41 99 32 96 14 67 43 111 35 88 18 80 43 70 23 109 12 85 41 79 34 
0 95 33 90 44 80 15 70 3 105 27 103 26 84 18 66 41 106 2 79 39 85 25 86 50 98 14 76 31 72 42 68 49 87 46 113 10 112 5 104 7 111 8 107 10 100 25 81 10 94 6 64 17 97 31 67 6 65 8 101 2 108 40 78 35 109 27 74 2 83 40 69 20 99 25 71 23 102 19 
0 67 20 104 5 79 38 78 7 100 1 105 14 74 37 80 26 108 37 106 34 77 12 68 14 90 31 109 2 85 37 89 3 96 40 72 19 
0 103 34 109 39 76 27 83 37 112 2 107 25 97 9 102 13 66 29 78 47 73 9 70 19 68 13 91 14 80 47 69 20 89 3 77 35 87 4 81 10 108 19 67 4 71 18 111 37 88 41 105 28 92 16 72 6 101 47 65 44 
0 72 48 87 22 79 24 111 45 84 13 85 46 81 19 92 38 113 26 88 9 100 41 103 48 90 36 96 21 75 37 107 35 71 36 95 49 94 27 109 5 74 14 108 13 97 3 112 33 101 19 76 29 
0 96 18 103 14 111 33 82 10 86 8 69 44 83 25 77 26 71 12 79 1 94 9 108 39 
0 98 47 83 48 85 1 79 28 107 37 93 17 101 3 74 7 68 6 81 50 109 25 69 44 92 20 103 11 99 13 76 45 94 47 89 4 113 49 95 50 102 28 108 26 97 3 84 19 90 45 82 47 105 28 104 11 106 7 91 4 111 35 73 11 88 25 78 25 80 50 75 13 
0 75 47 83 10 81 17 70 39 78 24 105 14 102 39 113 15 80 26 
0 111 17 77 19 81 19 92 29 74 48 97 17 95 42 106 16 99 25 104 14 86 2 78 30 105 29 71 5 82 17 79 35 
0 102 47 71 12 107 9 83 20 73 17 88 36 92 34 
0 95 48 93 12 107 8 94 18 74 9 73 15 91 25 102 12 111 47 104 4 72 15 90 50 98 6 112 17 92 45 81 38 77 39 84 29 100 27 101 43 83 1 106 40 96 45 97 11 75 31 109 19 113 12 82 21 88 28 99 19 
0 135 36 108 45 
0 143 40 90 37 74 27 99 42 126 32 94 4 128 43 115 35 75 20 76 25 129 26 83 14 134 20 140 41 131 15 82 30 89 24 144 20 92 23 111 37 100 36 121 6 80 40 136 6 103 40 97 15 104 27 86 1 81 30 139 9 132 19 
0 93 19 99 45 76 2 124 27 83 34 142 17 109 12 116 34 129 35 123 29 127 31 130 13 97 48 75 16 81 33 122 28 88 24 96 32 110 27 98 17 100 50 114 32 
0 91 12 82 6 99 11 143 11 106 42 94 12 109 41 121 39 104 15 85 6 114 1 103 35 95 18 126 15 144 20 117 19 133 5 96 11 140 14 132 48 139 42 97 7 116 23 89 49 129 38 123 10 98 47 93 25 
0 122 34 129 50 140 2 80 3 78 40 85 49 118 22 126 45 115 7 90 14 106 43 83 13 93 17 130 31 128 22 116 24 119 38 95 43 141 18 
0 86 16 143 20 137 47 142 7 114 36 97 8 99 26 109 33 95 32 91 35 108 4 125 10 144 39 103 33 119 34 81 21 118 33 121 8 117 17 123 43 
0 102 22 82 14 85 9 129 22 
0 143 25 138 11 112 45 98 49 106 12 145 37 117 46 131 20 93 10 99 27 109 42 88 10 142 31 100 12 104 7 
0 106 4 123 19 85 14 137 6 102 27 125 48 95 22 130 16 117 17 
0 114 31 133 9 85 44 97 3 93 16 94 20 86 31 91 40 139 19 132 23 142 32 109 3 102 19 101 18 99 10 123 18 108 9 125 19 98 42 103 23 118 15 145 42 111 45 83 49 120 18 140 35 89 22 115 32 92 45 144 36 107 11 
0 145 27 138 39 140 24 122 34 116 34 125 4 96 38 114 48 99 29 141 31 89 40 
0 132 16 127 47 126 6 94 19 142 41 115 22 89 43 119 2 92 38 88 29 109 42 107 19 145 17 86 18 140 46 138 37 130 24 93 41 103 42 133 14 85 21 144 1 87 41 110 2 128 7 136 35 129 3 111 32 114 38 
0 133 28 89 18 141 50 126 9 100 4 95 30 128 14 130 13 123 12 129 43 135 49 88 16 
0 86 41 109 11 103 41 
0 130 27 139 46 92 4 120 14 93 31 107 14 141 2 89 15 106 25 138 39 105 17 
0 140 7 
0 131 34 109 11 110 47 105 36 116 20 140 38 93 24 90 41 
0 96 18 117 50 115 28 110 48 101 18 105 36 137 19 95 10 130 23 143 38 106 12 94 31 124 33 98 16 128 26 118 2 122 20 136 26 97 10 140 23 145 12 104 49 93 30 102 47 121 16 144 44 125 23 120 47 
0 115 21 121 45 134 36 102 4 135 30 113 44 143 24 100 9 124 5 122 23 110 13 94 6 116 14 128 41 91 37 92 28 119 6 125 3 131 22 97 6 132 3 123 21 106 8 96 15 99 42 144 1 145 33 104 47 139 21 101 44 
0 132 22 101 10 115 12 112 44 116 6 138 35 104 17 105 15 106 28 
0 138 12 107 9 100 20 119 36 115 25 116 21 117 2 118 25 134 8 96 28 131 47 143 34 120 39 98 11 106 21 112 42 109 50 132 26 140 23 121 44 125 19 145 39 
0 122 37 130 48 116 27 110 11 119 25 98 25 125 15 118 16 100 29 108 5 129 48 105 18 141 9 96 24 109 41 142 46 
0 138 6 104 44 125 39 97 4 126 38 128 6 95 11 145 16 109 9 96 41 100 25 123 34 120 23 119 25 105 14 124 4 103 21 127 36 134 41 113 2 101 12 98 14 111 43 136 12 132 31 133 18 135 49 139 28 112 27 
0 118 21 137 12 98 32 121 38 102 18 140 11 126 48 136 31 112 6 132 47 139 37 108 22 97 29 144 35 103 29 123 21 116 32 141 19 105 13 110 20 138 14 107 25 128 17 124 12 143 26 119 22 122 3 115 14 96 22 
0 113 42 117 24 108 40 99 1 135 4 
0 134 15 141 3 129 31 132 30 124 1 100 23 120 48 111 23 125 24 102 13 114 20 121 36 105 43 128 47 122 23 131 16 123 50 126 3 104 30 98 45 110 28 143 12 115 26 130 41 118 32 142 26 145 29 107 46 101 45 103 6 137 9 
0 124 34 120 35 126 26 130 47 134 14 99 35 
0 130 13 125 25 111 31 145 6 124 49 141 38 109 36 138 13 119 24 136 30 143 1 108 35 135 28 100 14 134 5 122 1 114 12 144 4 129 1 112 19 115 29 105 25 110 50 118 34 101 13 102 48 126 17 128 21 120 9 
0 145 35 137 20 121 1 125 5 141 37 129 48 120 46 127 49 106 25 128 4 122 18 117 37 108 45 143 26 132 9 118 38 138 40 142 10 
0 121 3 111 30 144 12 119 43 126 27 135 15 112 19 137 50 115 31 136 48 132 27 109 4 129 45 125 23 130 47 103 30 117 7 141 34 134 14 105 37 140 36 139 43 107 35 138 32 102 9 113 32 120 11 
0 103 42 117 1 112 36 123 31 119 15 140 16 125 4 106 22 126 39 138 42 141 28 115 28 142 13 108 18 145 31 121 45 133 25 129 6 118 32 137 13 
0 107 3 120 49 132 34 133 33 127 22 143 30 144 1 130 43 104 4 114 27 113 40 138 42 134 47 125 28 109 16 124 3 117 21 118 6 129 28 145 45 142 49 106 29 122 29 111 15 141 11 115 6 135 8 110 39 139 1 
0 106 27 122 3 115 9 140 32 
0 133 9 122 15 125 22 
0 141 17 117 39 125 40 113 45 142 6 116 42 137 50 136 7 107 13 134 29 115 9 124 12 128 39 130 19 122 1 114 46 135 24 118 18 119 14 133 48 120 13 144 33 126 45 
0 116 41 130 20 117 11 
0 127 50 134 12 117 48 139 25 144 35 131 31 109 7 125 43 115 14 128 4 143 46 120 3 113 13 129 22 
0 137 2 128 18 133 26 127 17 116 1 136 37 112 5 122 26 110 39 119 21 
0 127 4 141 31 119 10 136 27 114 29 120 28 115 47 116 48 143 46 140 32 122 50 113 18 111 9 112 44 133 25 125 31 138 34 118 28 132 29 142 9 131 34 134 5 128 18 129 36 139 36 145 13 121 35 117 39 130 26 137 27 135 12 
0 140 37 126 29 125 46 130 19 118 14 114 18 145 20 119 33 136 2 122 2 144 43 121 2 134 45 115 48 138 6 131 35 129 38 117 5 143 34 
0 136 18 120 40 129 30 134 27 144 35 128 18 131 47 119 18 114 3 123 41 143 15 118 11 138 36 132 37 124 40 117 21 140 5 125 49 145 1 130 47 121 10 
0 116 20 126 6 123 8 131 23 142 18 134 39 120 37 136 19 122 12 
0 149 2 148 30 
0 133 9 164 20 131 8 178 21 136 27 129 41 153 14 173 48 135 50 121 44 134 26 162 27 128 50 167 40 130 34 170 26 160 10 146 48 117 45 126 25 118 23 151 48 
0 160 36 140 6 124 38 165 25 126 30 153 16 141 22 159 21 175 25 152 22 121 19 144 21 142 8 129 40 149 18 168 19 154 3 133 45 118 36 158 48 
0 167 21 156 12 140 20 131 15 149 28 152 3 122 28 
0 121 19 154 10 150 7 149 41 129 39 125 40 174 12 178 28 
0 151 25 122 15 167 48 130 39 137 15 172 26 126 2 168 13 171 30 150 25 152 7 129 50 136 27 169 7 133 4 173 27 161 27 165 17 158 10 155 34 144 49 127 27 
0 138 36 134 41 171 17 148 13 147 39 153 33 129 12 169 25 140 34 175 43 164 2 173 7 161 20 151 42 157 21 177 34 156 40 135 10 143 34 167 17 124 27 
0 176 13 139 13 161 21 152 44 141 6 142 26 143 23 171 38 159 14 175 28 125 44 151 47 163 47 138 15 166 28 164 43 124 12 148 26 
0 152 32 167 25 129 22 176 31 166 35 160 7 141 17 140 19 162 8 164 6 154 36 139 47 177 23 134 6 126 26 128 45 153 14 143 36 130 20 155 20 151 27 138 27 
0 174 5 146 4 138 13 173 6 163 42 166 37 151 18 132 22 142 42 139 30 170 37 160 7 144 30 145 1 176 30 140 37 161 3 158 4 124 26 133 38 171 47 
0 137 19 125 34 160 34 146 21 159 26 176 16 132 41 133 19 178 44 157 42 140 1 
0 178 29 166 30 130 12 127 33 129 41 170 18 137 35 162 10 152 7 175 47 172 18 147 43 151 24 158 24 126 47 167 44 171 21 174 13 160 11 128 28 144 6 149 19 173 19 145 42 157 18 177 25 135 15 
0 168 42 162 42 147 43 128 16 146 26 131 50 149 35 158 19 136 22 177 43 134 27 164 33 163 40 141 46 145 25 151 13 156 17 157 50 176 14 178 21 140 43 174 46 165 20 159 32 
0 148 14 142 37 134 40 174 35 178 9 156 24 171 47 136 20 151 43 162 12 150 7 168 25 147 21 153 18 
0 149 24 169 39 143 25 153 31 162 24 132 10 150 28 160 34 174 24 144 9 164 4 167 28 171 11 177 31 168 21 161 11 148 7 178 42 139 3 130 32 159 35 156 8 173 34 131 36 141 45 176 46 154 40 
0 167 22 135 1 150 50 139 24 157 23 149 9 178 12 137 2 153 12 175 50 162 46 154 48 131 20 134 9 144 8 168 5 148 50 140 9 173 10 142 41 163 8 143 19 169 7 174 41 166 43 170 1 151 39 164 32 141 6 160 2 130 10 172 2 
0 157 43 149 50 171 9 131 38 162 23 160 34 161 11 147 50 
0 141 13 147 3 153 11 142 3 159 24 145 39 148 49 156 8 136 40 171 6 157 5 160 27 149 42 169 44 132 43 168 5 170 37 175 17 
0 175 39 155 21 165 28 149 40 
0 141 31 146 10 173 7 162 21 163 3 142 23 176 6 135 30 158 21 144 22 145 13 136 27 166 8 171 13 161 45 175 25 150 12 177 46 155 3 139 9 148 37 167 8 178 21 149 5 
0 136 19 150 22 177 48 168 40 151 49 137 29 156 7 171 18 174 39 172 37 144 18 141 44 170 15 152 44 167 15 154 10 163 1 162 38 164 18 158 28 178 39 176 22 143 47 135 6 145 38 160 42 175 33 169 50 165 2 
0 137 21 150 39 140 25 161 31 175 7 139 31 164 45 151 13 170 35 154 26 178 8 142 47 152 6 166 43 168 10 176 18 167 3 149 25 165 12 157 9 141 43 155 47 159 24 148 23 
0 156 34 160 25 162 49 168 11 158 38 150 3 167 24 140 48 174 41 
0 157 16 146 43 142 22 159 14 172 41 165 27 138 10 169 8 167 18 170 19 144 22 149 50 171 16 160 20 151 33 163 9 176 30 143 13 147 21 166 37 177 49 154 4 148 22 150 42 173 31 
0 156 41 153 47 162 38 169 25 178 35 
0 167 41 170 13 150 14 154 24 142 9 155 11 146 22 153 9 176 10 147 24 
0 168 17 161 2 143 35 142 3 172 28 160 42 169 32 
0 157 18 172 6 174 37 164 31 178 4 161 49 153 40 158 16 144 45 146 50 175 8 
0 161 2 165 26 157 21 146 36 174 23 166 7 172 18 148 19 163 10 170 16 145 12 168 8 162 33 154 36 173 9 178 48 176 3 175 5 167 42 160 7 158 7 153 4 151 31 143 18 155 11 149 50 144 11 159 12 169 18 156 48 152 2 
0 145 18 161 38 177 30 
0 156 4 161 10 172 41 169 11 152 29 148 6 164 12 157 11 
0 148 30 158 28 177 8 168 11 159 7 162 10 156 39 170 27 164 25 169 29 152 50 167 24 175 50 147 34 157 16 160 39 163 42 173 30 166 41 171 41 161 17 165 19 149 16 178 18 155 33 172 10 176 12 154 4 146 47 153 32 174 34 
0 156 4 154 38 221 30 165 50 174 46 186 20 204 40 167 33 170 43 206 29 173 16 184 40 161 24 200 49 163 37 222 24 149 29 158 33 220 3 150 9 181 27 199 1 201 32 
0 211 30 220 17 219 32 179 45 180 18 198 8 201 14 154 29 194 37 160 29 188 16 207 37 192 15 184 5 193 31 149 6 186 18 214 46 166 5 158 20 178 49 
0 184 25 153 1 191 35 219 25 161 2 154 6 190 49 179 9 213 1 168 40 217 14 
0 176 5 207 16 215 49 190 35 152 40 161 37 167 20 186 24 196 36 182 49 205 46 160 42 200 12 180 7 198 33 185 14 154 37 216 13 184 49 220 32 165 3 221 7 209 12 199 9 188 23 
0 187 7 214 45 188 3 163 9 218 17 171 12 201 40 151 36 156 44 212 44 194 40 152 48 204 11 172 20 191 41 209 8 220 35 161 45 157 41 183 15 167 39 178 22 181 20 
0 155 18 180 38 158 48 171 40 157 35 219 23 214 12 192 49 187 15 202 3 200 5 164 35 160 19 169 10 207 24 163 14 172 5 153 11 208 44 212 39 166 1 215 9 177 4 173 40 168 30 205 14 194 31 198 47 176 37 170 7 154 29 190 31 188 13 184 24 183 2 204 41 
0 171 37 203 7 159 41 195 5 164 42 198 30 207 42 210 25 
0 154 37 221 23 172 31 192 31 215 2 211 20 220 35 188 30 182 6 179 47 187 20 184 17 162 8 194 32 157 7 195 31 212 11 217 38 206 32 199 1 214 50 216 3 
0 176 4 180 15 179 22 174 30 197 13 188 44 163 29 162 48 165 37 221 37 155 8 164 38 191 42 177 50 192 22 212 44 207 45 214 47 170 20 217 31 206 39 156 25 
0 190 14 206 44 168 36 165 45 156 41 167 29 164 25 202 10 211 50 220 17 182 49 174 22 221 35 170 10 199 36 184 9 217 42 175 2 161 43 195 32 186 47 157 46 208 35 209 43 191 44 205 47 214 32 210 36 222 3 216 45 176 43 162 7 185 38 196 17 
0 213 26 170 40 177 12 200 9 176 37 205 17 175 28 204 23 222 4 190 48 193 38 164 26 203 16 184 37 182 17 185 37 210 12 192 36 178 3 201 5 207 45 162 26 202 35 180 2 168 23 195 12 189 2 206 1 166 43 186 45 
0 174 11 207 21 181 17 164 47 161 20 214 41 168 42 180 7 194 35 212 49 203 36 200 14 220 26 171 47 162 15 206 41 165 9 172 34 158 38 175 25 208 44 215 12 205 13 182 38 222 3 210 22 187 1 188 49 
0 187 42 201 18 168 37 164 12 181 41 191 15 166 7 193 23 202 1 179 1 217 7 163 45 184 32 188 2 161 14 211 24 169 9 171 37 189 41 210 10 165 17 200 42 206 28 209 48 160 9 219 16 207 49 
0 180 49 166 35 195 12 168 18 221 50 173 10 162 25 183 15 175 19 188 29 207 7 196 49 187 47 190 46 208 24 201 17 205 35 213 20 209 19 198 12 165 42 184 32 182 8 210 17 193 39 177 22 218 27 189 14 161 4 164 10 206 37 211 24 200 7 194 48 191 3 214 17 169 36 219 39 181 10 163 30 172 26 215 50 
0 168 23 179 2 167 14 194 49 206 44 193 28 199 35 207 43 211 4 205 8 210 45 181 41 169 50 186 35 217 48 197 41 165 41 180 16 215 17 162 41 198 27 176 25 172 31 163 26 189 42 184 11 
0 170 12 168 43 172 32 205 10 180 43 169 2 177 32 218 25 195 34 190 33 166 28 194 12 203 3 189 27 197 38 207 7 209 43 206 38 214 39 184 14 181 42 178 34 182 16 163 38 165 33 204 28 164 24 191 15 213 24 211 15 217 25 187 17 196 42 201 3 
0 176 34 207 33 182 24 200 19 172 29 166 11 213 25 188 40 202 1 
0 171 40 173 4 209 25 218 38 208 20 
0 171 3 213 5 204 13 170 27 187 29 185 46 199 17 168 25 201 1 189 15 165 23 202 11 183 49 178 25 198 7 203 24 169 21 167 23 214 39 207 31 166 24 194 24 200 4 218 38 182 47 175 32 209 16 172 17 192 48 220 42 215 48 205 45 
0 208 2 179 19 197 32 174 36 204 21 195 23 192 47 171 25 187 2 189 12 203 21 207 43 170 25 169 46 183 32 173 15 200 19 219 24 186 4 172 15 202 37 222 34 188 7 190 49 206 44 201 22 177 5 211 34 178 19 210 40 
0 168 43 206 18 219 16 175 38 217 23 211 10 172 2 188 17 178 27 199 1 200 17 218 28 195 18 196 20 169 15 190 2 207 32 215 19 202 30 179 19 185 50 221 46 198 19 177 48 205 17 171 26 182 12 184 27 208 36 220 5 210 27 201 1 173 19 204 39 
0 205 37 200 7 175 13 187 28 181 18 218 10 173 15 203 9 199 22 171 28 213 45 204 46 197 22 190 25 168 13 170 49 169 9 201 15 214 38 219 5 212 3 179 15 207 37 192 40 183 17 182 27 186 21 222 19 177 23 178 41 176 47 194 9 202 14 196 23 180 41 189 21 216 39 211 6 
0 222 7 210 38 207 27 196 4 169 10 174 30 181 29 171 8 
0 217 9 170 34 201 13 198 36 192 38 176 20 200 27 213 14 214 48 209 17 174 21 182 30 207 27 181 35 172 29 208 42 188 42 215 8 177 4 187 6 191 11 197 47 206 50 211 41 219 30 216 24 175 10 184 35 202 28 210 7 222 33 195 49 179 17 171 44 185 3 
0 202 1 192 44 180 8 186 33 213 8 178 9 187 10 194 30 172 9 206 50 191 27 190 12 200 12 221 33 176 28 181 21 209 8 207 44 195 9 211 39 214 20 183 42 215 32 182 15 219 8 189 7 177 32 196 35 197 6 212 44 198 21 
0 213 24 
0 188 38 206 25 198 42 208 43 202 19 204 27 186 17 173 50 205 38 210 9 193 27 196 15 220 38 207 23 219 50 183 32 197 38 195 12 203 4 184 31 181 26 221 11 199 31 222 3 209 46 191 21 190 23 194 8 179 47 211 5 187 38 180 19 182 18 214 8 178 22 175 26 192 36 215 16 212 37 174 5 
0 174 10 212 33 207 12 219 42 189 31 211 10 220 41 215 31 199 39 186 1 193 25 178 8 188 23 209 1 213 10 180 34 175 25 177 17 185 35 214 21 218 50 205 3 184 29 200 45 216 28 204 45 206 21 176 23 190 49 203 3 217 26 197 31 202 38 196 16 198 6 208 40 201 5 181 7 183 43 195 29 191 38 
0 202 44 184 23 195 17 211 4 179 1 197 27 
0 215 35 201 9 218 34 187 40 191 8 184 42 220 23 190 43 216 35 183 6 221 25 193 49 188 14 
0 213 43 186 45 187 28 185 24 217 32 215 28 221 14 203 17 199 24 209 49 188 11 200 33 196 47 184 41 181 37 179 33 182 35 198 43 177 33 220 16 190 4 216 4 193 49 201 19 183 44 197 47 194 5 205 20 180 13 
0 185 20 202 20 211 48 
0 190 27 203 33 194 19 211 7 180 15 188 14 221 21 210 37 207 18 214 37 219 25 216 4 193 41 199 48 209 17 200 28 183 26 208 25 206 27 204 13 192 38 
0 233 24 182 28 180 21 214 22 198 40 247 45 252 32 195 9 215 12 246 14 219 5 
0 185 19 181 24 205 23 210 18 188 50 201 21 216 50 247 46 199 24 189 3 246 30 236 12 237 2 248 15 253 4 226 21 221 28 200 47 257 7 206 38 196 43 191 14 232 7 219 50 
0 256 11 188 43 203 46 224 36 202 8 
0 215 3 197 50 233 38 242 5 195 25 208 31 257 47 193 46 228 36 
0 219 28 252 31 235 31 214 4 222 10 216 41 226 8 224 7 203 47 205 10 184 34 246 22 186 33 202 8 209 44 231 21 
0 238 4 197 29 220 20 257 34 253 46 196 45 210 24 233 13 211 14 205 22 249 4 229 11 218 33 216 25 251 31 246 8 212 19 242 48 256 13 236 7 
0 255 22 232 48 212 42 211 20 246 43 214 27 252 46 229 20 219 10 256 42 242 27 186 11 209 15 234 27 203 40 226 46 
0 226 32 227 36 203 12 212 3 219 7 236 18 214 27 191 33 246 50 198 46 255 42 241 35 217 16 249 50 208 30 223 3 232 39 240 38 209 42 
0 216 28 207 11 226 44 254 47 214 20 256 17 210 3 255 22 222 26 195 17 191 39 198 24 189 17 247 31 211 23 237 35 258 48 193 37 219 14 231 18 229 2 244 40 
0 198 13 211 35 197 9 219 37 226 44 234 4 
0 245 13 241 33 246 35 251 41 213 5 196 44 233 8 225 29 214 38 250 8 227 39 194 27 226 40 230 8 257 22 248 24 258 36 219 12 190 33 244 14 243 7 238 46 205 44 231 13 216 18 249 15 195 32 
0 242 21 191 21 211 18 248 2 235 17 256 46 192 16 236 1 244 34 255 21 
0 223 43 246 42 209 10 225 21 234 29 208 14 251 12 247 41 195 11 199 49 253 15 198 17 
0 226 8 219 9 213 1 216 33 231 39 246 33 249 19 223 44 248 34 241 36 199 16 240 39 206 25 215 27 211 24 251 44 201 21 214 21 236 33 239 41 238 3 
0 215 49 257 26 206 39 255 18 249 22 231 20 247 11 212 2 228 9 252 48 240 4 199 46 200 6 236 49 223 22 242 17 232 23 220 25 234 25 
0 236 35 209 27 252 41 196 9 226 16 207 49 200 16 198 12 205 34 242 9 241 23 231 48 243 24 254 45 248 15 219 49 251 10 202 40 255 38 230 50 217 23 224 43 208 3 244 38 
0 231 37 229 48 257 10 242 44 216 2 218 50 225 48 241 37 247 40 198 14 258 29 235 16 226 5 196 28 220 28 244 27 215 31 255 4 212 4 245 39 234 30 243 9 221 24 240 22 205 39 227 40 208 44 248 6 250 40 
0 228 17 243 30 207 38 224 3 213 49 220 24 212 1 218 9 199 35 229 38 241 18 215 42 240 44 244 47 231 36 211 7 204 6 201 20 248 34 242 29 197 19 219 28 227 28 210 46 233 24 225 41 230 21 232 7 222 39 203 8 221 31 200 10 216 43 251 17 
0 248 41 218 4 233 32 245 27 211 11 237 44 246 18 209 4 
0 257 31 204 3 256 47 250 22 237 4 219 7 231 40 215 13 249 42 227 15 246 47 208 8 213 13 212 14 220 29 240 28 201 29 253 2 242 50 210 43 254 25 214 41 216 5 251 31 203 42 221 50 222 36 241 19 244 13 205 24 235 31 206 45 200 35 199 4 247 15 
0 253 49 
0 230 16 201 17 206 6 212 42 243 30 227 5 219 35 204 11 218 42 236 4 221 36 224 19 254 45 214 9 238 37 207 29 208 7 216 10 250 39 234 2 211 44 229 27 205 29 255 4 220 48 241 13 223 2 237 15 244 43 
0 246 27 218 27 211 34 238 44 219 12 222 37 205 4 202 2 227 22 203 12 232 28 206 19 209 38 235 24 207 50 224 18 233 2 258 36 237 13 
0 247 1 239 39 257 44 203 1 209 8 234 22 248 5 233 3 250 44 224 18 235 29 208 19 225 43 217 5 246 5 229 44 254 43 258 37 206 23 210 21 240 25 221 41 220 3 253 46 227 36 256 19 228 34 212 25 231 50 245 9 214 21 218 47 215 39 230 35 237 40 
0 245 33 214 17 229 20 258 14 251 36 228 9 217 33 246 32 257 40 207 49 206 31 244 17 237 7 222 6 208 40 224 13 239 7 221 16 233 8 241 1 215 34 247 22 213 19 219 15 232 11 254 11 209 49 231 13 225 27 216 43 210 37 234 39 252 50 240 23 226 7 230 31 
0 241 28 258 45 251 8 257 39 213 19 235 11 244 39 225 34 255 45 220 24 212 46 252 18 243 19 250 25 219 42 249 47 206 6 234 10 236 48 221 39 233 35 246 30 208 22 
0 226 40 242 47 250 49 228 13 252 12 256 27 234 5 215 28 241 40 255 2 209 36 249 12 224 50 222 21 210 46 229 46 208 27 244 48 235 14 211 40 243 1 220 23 212 46 225 48 238 28 206 29 233 28 216 11 253 28 219 15 239 50 207 17 214 11 
0 215 39 211 44 250 39 230 28 229 49 246 18 225 33 208 43 248 32 256 7 241 19 249 28 232 25 224 35 239 40 210 29 216 2 253 45 258 23 252 7 247 34 240 43 237 2 226 21 236 47 244 29 235 1 242 42 233 37 228 43 251 47 220 25 212 5 231 45 245 35 
0 248 46 222 22 213 20 211 34 226 49 238 29 254 46 257 39 228 21 217 45 208 16 258 18 209 14 247 4 252 28 249 38 212 40 236 2 225 32 227 31 250 21 
0 220 41 215 8 243 24 216 6 252 7 230 38 247 25 210 17 
0 213 44 253 31 221 38 222 37 238 1 258 22 211 36 240 23 212 50 231 3 220 42 234 27 230 32 251 49 210 10 215 4 255 23 236 4 241 17 235 35 248 11 
0 217 11 247 47 224 48 237 44 234 5 230 10 250 45 
0 252 30 222 50 221 8 243 45 226 21 224 29 231 11 232 13 
0 245 22 251 16 223 11 249 16 255 6 219 3 257 21 232 24 244 37 228 34 246 46 235 44 224 7 
0 248 14 243 38 219 2 255 13 247 44 214 11 245 25 258 2 236 24 224 3 252 18 223 11 229 34 218 12 250 29 227 14 233 7 220 42 235 35 217 23 
0 224 22 250 47 230 47 249 48 247 25 240 41 222 39 248 50 231 50 235 46 258 9 242 25 
0 256 39 245 44 240 15 217 27 254 11 244 10 246 45 222 48 221 4 248 30 238 12 233 37 236 47 234 35 242 22 227 10 243 27 258 38 235 49 216 47 225 44 239 30 
0 232 16 221 34 227 46 254 1 226 30 241 18 244 31 218 9 243 41 248 7 228 45 250 38 217 2 231 33 249 6 225 45 256 5 251 7 
0 258 26 233 19 250 37 234 14 249 19 255 11 229 5 220 50 245 18 230 26 227 41 225 3 246 23 240 7 247 20 224 40 252 4 256 8 241 27 238 1 235 36 218 8 
0 243 36 256 27 245 12 222 41 228 41 224 6 226 23 225 28 
0 252 44 248 14 255 4 251 2 
0 246 12 225 2 243 6 250 15 227 44 241 38 234 3 231 41 238 2 229 28 254 40 249 25 
0 240 46 224 34 246 23 243 8 234 2 227 28 257 20 251 24 239 26 250 3 245 7 252 26 229 31 248 34 238 15 237 9 254 22 247 19 244 15 225 43 249 11 253 24 258 11 228 45 
0 255 45 250 31 230 40 238 14 232 30 242 30 226 22 224 19 227 11 223 29 228 37 225 13 248 13 258 32 254 14 236 5 
0 278 21 225 47 255 1 227 43 246 11 276 9 264 39 243 50 228 9 273 38 229 14 268 27 236 48 247 25 266 10 270 8 283 4 230 48 235 29 233 42 253 49 274 49 284 12 281 16 269 14 282 45 262 43 
0 228 31 260 10 240 50 277 49 270 10 257 46 255 26 239 17 272 48 281 1 245 3 235 15 275 4 225 45 244 28 227 50 282 28 246 50 269 24 293 46 247 32 274 1 266 40 278 16 241 11 243 38 254 5 238 9 
0 269 30 253 41 281 26 232 43 234 47 283 24 250 50 272 36 267 15 
0 272 33 279 31 240 3 284 3 256 10 271 46 276 43 281 10 283 38 287 18 273 24 242 40 261 34 264 1 277 15 286 43 269 46 255 31 248 4 237 13 292 13 266 30 232 47 278 23 229 7 258 16 227 43 282 6 285 14 244 12 
0 289 14 264 16 284 11 261 33 231 48 258 26 287 13 278 18 247 2 285 13 291 50 236 26 268 20 277 34 242 3 228 38 265 5 272 16 283 27 240 29 293 25 243 11 262 12 
0 272 19 242 34 257 24 
0 278 9 270 39 291 4 
0 291 8 250 22 277 30 240 20 251 30 252 31 267 35 263 42 284 25 238 39 241 21 235 4 254 43 253 11 269 41 292 2 257 10 256 28 231 4 245 1 287 21 281 26 
0 267 14 277 27 288 5 265 14 246 42 275 32 290 45 264 31 276 38 233 34 291 20 237 29 
0 287 35 281 27 276 30 260 36 280 24 284 33 268 26 252 46 254 32 269 32 250 18 289 47 246 32 266 39 279 9 244 47 251 11 278 3 272 3 261 24 282 40 292 42 234 39 255 20 243 33 240 43 
0 235 26 252 40 291 7 278 34 256 37 285 37 280 26 250 2 246 16 272 44 266 49 248 20 242 2 234 34 237 18 238 5 258 43 284 40 281 13 265 46 271 40 292 40 262 33 263 7 277 14 239 29 241 12 253 43 293 19 274 34 275 8 
0 251 8 288 26 
0 267 17 259 9 277 49 292 44 262 31 272 45 276 22 239 48 273 36 244 5 293 6 
0 275 27 239 19 255 34 272 33 242 10 285 31 293 32 286 39 245 25 290 48 264 27 281 14 280 23 241 6 278 9 270 24 284 47 251 19 247 28 248 8 259 30 258 32 246 28 268 7 254 1 266 20 277 41 291 38 283 20 243 10 274 8 
0 288 13 272 27 275 15 289 20 253 17 240 45 248 49 287 25 285 29 291 20 249 11 273 44 261 29 254 2 269 45 
0 264 38 262 3 257 26 277 8 239 44 241 32 278 39 288 1 244 25 270 20 242 15 283 42 263 25 282 18 258 11 250 18 251 15 259 47 268 8 273 35 275 49 256 26 286 46 
0 291 21 280 27 
0 274 37 282 38 286 12 283 34 292 50 271 16 291 12 268 8 276 14 257 25 288 50 245 43 275 34 284 31 277 2 244 47 290 8 270 43 280 9 264 9 263 29 258 22 279 17 243 33 256 16 273 29 251 24 265 25 287 22 246 44 
0 291 18 279 34 269 16 242 20 266 37 263 30 245 26 277 21 271 10 258 4 246 17 262 15 283 6 247 19 265 50 290 21 260 28 243 8 273 8 270 39 249 14 256 6 275 49 248 27 
0 269 34 256 25 278 3 292 8 250 48 271 32 244 2 286 3 
0 270 8 257 40 252 19 271 18 262 17 259 35 288 30 284 29 276 17 258 35 278 22 275 41 269 39 285 16 263 42 244 33 
0 278 3 276 29 264 28 283 10 272 2 247 7 246 43 253 39 257 36 263 14 288 22 266 19 280 22 248 4 250 15 269 42 255 29 287 18 275 37 289 19 274 24 260 40 258 22 
0 279 24 291 34 289 13 274 3 256 1 290 17 273 23 272 2 276 36 286 18 284 12 255 36 261 27 264 23 
0 247 2 289 26 251 13 252 4 280 22 292 3 249 37 269 41 286 22 250 17 260 26 263 3 253 4 277 16 271 46 284 34 282 6 293 5 291 45 272 25 265 48 266 26 281 38 
0 257 48 271 18 278 41 289 2 249 47 263 45 
0 253 46 278 37 280 5 291 46 254 7 269 50 288 40 261 43 255 35 265 22 258 47 264 46 285 33 266 7 252 10 257 12 262 20 289 26 287 6 272 26 270 12 281 44 274 2 251 47 260 5 277 13 293 19 282 3 
0 267 23 273 38 291 31 280 5 274 27 251 36 282 4 272 25 275 25 289 44 268 12 281 28 262 6 290 49 284 48 255 47 264 36 278 38 258 16 271 48 256 27 286 11 279 26 253 9 276 21 250 5 269 16 260 40 270 9 283 10 261 20 266 22 288 22 
0 283 19 269 37 275 45 271 14 251 40 257 20 252 20 270 49 260 8 276 15 261 11 277 33 253 8 280 40 284 41 
0 276 41 261 28 283 6 284 25 256 19 254 18 273 18 278 13 290 43 277 29 
0 258 29 257 37 291 28 261 41 267 16 260 32 281 38 271 12 255 15 
0 270 44 265 20 266 28 254 20 269 9 282 13 290 50 283 16 285 22 271 15 268 41 275 44 258 14 291 37 276 38 273 15 277 45 289 31 
0 277 43 261 22 265 33 256 28 280 10 288 30 267 32 278 22 279 15 275 16 255 45 270 34 272 30 268 10 290 32 
0 259 4 263 14 289 28 277 2 258 9 285 22 291 25 281 38 292 3 257 10 265 12 279 12 284 10 278 42 268 9 290 38 271 36 262 40 276 8 264 38 267 28 272 11 260 38 293 33 280 42 
0 263 2 289 20 258 17 273 49 293 50 279 49 257 3 259 43 267 22 284 8 
0 272 41 283 31 269 40 261 19 280 26 288 34 282 46 277 36 285 43 286 48 292 35 273 37 279 18 291 48 267 15 271 21 274 41 262 21 289 11 284 10 276 9 260 46 275 46 259 19 268 36 290 2 287 3 266 49 258 30 264 4 281 37 263 44 265 32 
0 288 6 282 49 278 32 286 42 276 14 
0 279 3 289 9 284 16 315 10 305 6 303 19 301 43 317 43 285 47 333 3 296 33 302 21 283 32 269 1 326 49 
0 321 1 306 44 329 11 313 29 322 35 314 31 311 49 277 20 300 41 280 13 330 34 297 27 324 43 302 33 315 20 264 25 273 41 287 18 298 24 295 15 332 28 320 13 303 32 292 31 296 4 310 30 294 38 284 50 331 3 
0 320 27 270 41 288 28 302 20 274 31 334 24 264 21 306 26 291 45 331 14 303 23 314 29 301 3 325 8 316 8 279 25 296 40 318 17 263 38 313 44 273 4 317 30 308 32 
0 315 30 266 25 322 15 287 16 277 3 
0 273 29 286 43 299 27 295 11 294 34 313 38 308 10 323 18 310 30 278 27 329 19 333 5 318 7 335 50 274 31 283 38 334 14 272 35 309 20 331 2 301 20 297 26 296 6 293 10 269 39 270 27 311 21 288 45 312 32 303 28 315 25 327 23 307 33 277 42 292 36 282 23 305 15 271 1 267 7 304 38 319 33 
0 283 7 273 33 297 9 329 41 334 3 330 49 332 11 269 42 307 44 268 47 289 9 318 29 325 21 280 12 267 25 300 3 274 48 298 39 266 45 327 10 306 26 331 14 291 43 305 45 294 2 271 19 314 27 303 34 313 17 270 30 
0 303 43 267 23 330 4 286 2 293 47 321 11 278 36 299 43 279 42 268 33 287 46 289 48 283 23 331 11 285 48 281 47 277 27 271 31 297 49 295 20 270 12 317 30 290 6 311 19 
0 288 2 290 23 324 34 270 16 279 39 269 40 297 7 305 8 280 50 310 3 287 50 329 10 302 28 299 18 291 5 312 8 281 6 285 3 
0 331 43 291 19 296 48 329 37 274 38 308 5 323 17 322 50 320 33 295 47 270 44 306 33 298 36 281 8 301 32 273 34 268 18 286 20 327 1 312 45 328 34 315 33 307 16 303 13 289 15 284 36 269 48 300 13 292 48 305 27 275 43 321 1 335 33 317 39 333 5 309 14 325 41 330 34 299 44 277 17 324 11 
0 278 27 303 37 287 15 296 10 331 12 332 1 320 44 299 49 298 24 
0 276 8 300 11 314 25 286 25 316 21 321 14 290 27 333 28 274 25 326 27 315 49 310 20 282 18 335 32 325 46 271 30 283 38 317 37 296 36 294 14 331 5 298 27 332 39 308 33 329 10 301 31 324 15 297 2 293 35 312 42 287 41 306 45 295 40 330 2 323 20 309 30 272 10 334 38 327 5 304 38 279 29 318 36 
0 318 30 317 29 298 37 335 41 319 39 
0 311 6 292 37 274 47 328 24 303 31 278 11 286 10 306 19 293 13 317 6 284 44 302 4 279 1 291 25 325 39 320 1 276 41 298 15 327 13 
0 304 24 317 11 322 24 302 15 323 24 324 14 320 23 331 2 313 4 319 9 276 5 300 36 328 15 281 12 335 38 277 19 288 26 273 44 329 5 301 19 297 20 275 44 305 5 318 16 303 28 334 42 
0 302 29 288 6 291 38 332 43 304 23 322 33 324 11 318 3 308 47 312 22 287 43 279 33 315 13 327 13 333 46 285 1 329 1 323 34 281 24 325 27 306 31 294 33 331 6 335 40 278 12 284 23 280 7 334 19 293 19 310 23 
0 302 2 313 40 
0 284 19 326 15 294 24 314 47 316 6 309 12 333 38 331 3 305 2 334 28 297 30 277 2 293 28 330 13 315 41 304 12 320 5 321 7 335 10 295 7 324 45 285 46 313 1 283 1 327 7 312 41 290 28 329 34 280 4 328 50 292 32 278 15 332 21 
0 327 29 321 47 287 46 322 1 309 13 303 33 307 11 288 16 280 24 325 49 326 15 289 30 319 35 278 36 333 41 300 41 292 4 317 15 323 2 296 39 302 1 301 20 305 13 310 17 332 4 334 18 298 10 
0 308 14 294 14 318 25 315 2 297 4 320 32 312 28 284 30 291 34 319 44 317 43 289 36 322 9 334 38 290 46 302 45 307 44 280 48 332 46 300 49 324 10 293 44 283 33 299 27 309 36 330 28 323 41 303 11 288 24 282 38 281 43 321 19 316 26 313 12 
0 281 33 288 6 335 29 330 42 321 4 313 4 334 16 293 33 289 8 316 17 287 37 327 42 314 3 294 11 307 48 292 49 300 14 317 19 
0 307 24 304 45 332 27 328 44 291 5 320 2 
0 316 38 291 27 335 14 300 26 332 35 302 16 327 8 301 33 304 37 281 47 318 45 310 12 282 11 323 47 
0 285 10 300 34 302 26 297 29 330 32 323 16 299 36 289 19 315 38 294 8 293 17 326 16 310 14 307 3 306 23 
0 306 7 333 24 295 29 292 7 331 31 290 1 307 41 314 24 324 24 288 9 298 26 317 47 
0 315 1 294 35 308 32 332 15 302 18 310 21 287 3 299 39 331 43 333 43 328 35 300 45 314 30 288 25 293 44 296 5 317 41 321 20 325 1 305 16 319 17 334 5 324 13 290 49 306 30 
0 321 4 320 19 318 7 331 21 291 18 329 38 294 30 292 26 326 17 312 23 317 40 333 25 290 34 309 25 311 44 315 16 322 22 305 12 323 39 330 14 302 24 327 48 
0 330 24 321 28 334 31 299 18 290 26 296 35 326 27 300 38 313 32 303 41 293 36 327 23 307 15 312 20 298 21 328 48 286 41 315 14 319 41 306 21 332 17 333 36 329 29 322 16 292 36 309 14 320 37 287 7 314 19 310 25 297 31 301 19 304 29 335 38 291 22 289 3 
0 317 12 299 48 323 6 320 17 305 28 310 44 303 20 293 40 334 49 296 18 302 38 328 9 327 28 288 49 306 46 324 37 301 46 325 24 292 23 297 46 289 42 304 49 318 18 335 43 315 32 308 12 314 3 313 23 316 32 331 10 329 50 
0 300 33 307 28 316 5 311 44 335 48 317 16 294 16 304 34 291 50 310 31 332 20 334 23 289 10 319 19 323 29 333 15 321 19 298 1 313 30 295 40 314 40 330 29 325 6 315 3 309 41 293 25 297 36 320 45 303 4 288 47 292 11 327 32 306 1 299 20 324 25 290 16 328 19 326 39 312 30 
0 322 28 308 8 315 4 314 22 311 47 299 27 300 22 335 28 331 2 332 32 323 28 324 32 304 4 316 32 307 24 296 46 328 9 291 45 334 5 318 26 312 13 327 49 290 16 325 30 326 37 309 11 313 27 293 10 297 15 294 19 321 5 333 2 320 34 305 8 292 7 330 2 
0 294 25 323 28 
0 301 32 327 33 330 45 300 45 321 44 316 12 323 17 325 17 313 26 329 33 311 44 334 49 324 25 335 11 307 45 322 49 291 6 328 11 304 46 292 14 326 50 
0 332 46 303 18 320 41 327 28 329 42 293 37 299 42 306 24 334 18 314 20 335 31 311 29 308 44 295 47 330 11 331 46 321 22 318 48 305 8 309 16 323 39 326 35 296 12 328 2 315 48 292 14 294 24 301 44 312 36 324 31 
0 293 28 326 36 331 21 315 34 320 18 308 34 318 39 319 13 314 46 333 11 307 13 309 20 323 16 328 39 322 30 301 31 
0 303 18 296 22 329 47 325 38 295 36 315 13 309 25 333 39 302 36 312 39 330 24 324 24 297 17 335 10 316 49 308 19 313 46 323 3 326 29 298 42 
0 341 30 299 50 331 46 310 25 330 29 343 19 316 9 346 4 344 5 334 7 326 35 347 50 360 28 348 35 329 17 339 16 364 25 349 44 362 29 337 35 358 43 309 6 327 40 302 49 
0 320 35 328 3 335 40 360 14 298 14 306 48 339 6 346 27 366 50 305 40 326 32 313 6 355 19 343 30 352 2 329 4 301 19 348 6 300 47 315 27 345 13 319 2 363 42 
0 343 32 312 11 353 48 304 29 364 21 369 41 373 49 362 4 322 13 299 31 352 50 338 44 355 43 359 3 311 38 332 9 340 39 371 36 317 25 351 5 375 19 361 25 319 35 356 18 339 44 350 32 308 19 318 11 336 7 310 36 328 16 347 46 316 6 303 31 325 1 298 19 365 14 345 21 331 41 374 32 
0 355 40 318 25 361 37 358 18 341 17 352 16 329 47 300 36 349 43 360 17 335 3 333 26 322 28 298 16 356 31 309 40 363 15 372 8 344 7 338 25 325 49 311 10 374 20 299 24 316 41 336 49 369 49 315 22 308 24 337 3 375 40 371 26 307 36 
0 328 47 319 9 320 40 374 40 354 36 322 50 362 4 306 17 373 36 369 16 347 8 343 19 341 14 309 12 351 1 326 14 370 3 299 5 357 44 363 30 339 28 
0 326 45 375 43 305 34 336 35 372 23 335 1 
0 358 49 334 27 362 33 331 17 364 20 
0 375 46 306 26 343 40 368 50 373 22 323 7 334 24 342 29 356 7 363 29 338 14 316 17 350 35 321 49 371 3 360 5 365 2 354 42 352 21 344 24 347 20 351 27 
0 350 40 330 13 321 44 326 21 363 47 335 4 344 9 346 8 347 36 365 26 319 20 336 15 342 37 333 40 368 16 308 23 329 46 351 44 374 16 317 34 
0 311 42 318 39 357 34 349 48 334 48 310 14 330 37 332 4 325 29 343 16 340 28 362 39 356 3 322 37 345 8 367 37 341 34 316 1 342 3 319 29 363 16 358 18 353 30 352 43 313 25 327 12 368 43 348 39 
0 358 49 
0 351 48 307 25 365 40 322 47 354 28 329 13 341 16 362 19 
0 317 13 343 5 332 8 364 22 351 8 358 9 335 29 341 19 372 7 321 31 356 28 357 40 325 36 338 25 361 26 369 29 366 39 354 10 308 8 324 5 331 27 355 27 368 32 339 40 344 18 330 1 353 49 367 22 359 4 373 48 337 11 316 15 350 36 345 14 336 48 311 25 349 43 315 43 
0 319 22 334 41 308 18 345 31 323 12 369 37 313 43 328 18 322 7 340 36 351 28 332 32 327 24 350 16 362 6 312 31 311 22 373 49 353 45 352 41 356 32 343 20 309 24 365 45 329 26 359 7 341 25 325 50 336 21 371 35 361 21 
0 353 26 361 22 322 39 375 3 373 43 356 29 359 24 345 16 336 17 320 10 354 16 339 43 371 49 337 17 311 50 310 4 333 47 370 18 362 43 350 50 327 17 334 20 331 45 343 44 367 4 332 23 330 21 321 18 363 18 344 8 374 43 
0 349 12 363 15 320 21 358 14 333 42 365 44 353 36 329 9 319 34 339 23 345 13 369 40 316 33 325 40 328 9 314 6 
0 350 27 333 13 313 7 
0 313 36 357 25 317 19 343 2 336 23 339 4 349 5 319 46 371 11 356 47 373 16 359 44 347 7 362 30 358 8 334 50 328 45 368 6 322 40 316 16 318 38 360 24 314 31 348 38 351 12 315 26 340 8 342 15 
0 351 11 375 2 336 1 325 43 367 30 370 29 343 23 321 14 371 44 332 14 333 45 318 41 363 20 359 11 315 9 328 26 340 21 353 9 330 27 372 5 335 14 322 46 360 38 358 3 369 19 341 43 362 14 334 27 342 1 
0 362 21 349 23 346 29 325 12 358 5 370 18 332 32 321 42 373 7 345 48 364 42 356 22 355 40 338 36 374 8 324 25 330 30 314 48 359 21 361 43 337 23 322 45 
0 375 20 353 34 350 28 365 32 341 30 364 28 367 46 358 6 351 5 368 25 343 8 362 15 342 24 361 1 345 32 333 44 323 48 357 16 319 30 
0 322 32 317 4 352 38 316 13 347 8 362 16 330 14 372 38 339 49 320 18 363 15 361 46 375 14 321 48 357 7 367 26 338 21 323 28 319 29 335 7 368 28 349 6 324 39 336 46 370 50 345 10 341 39 331 21 334 49 325 26 337 34 355 3 358 33 326 37 371 33 365 32 354 30 344 1 364 45 
0 369 30 321 34 344 8 355 8 
0 330 18 348 15 339 50 358 35 331 31 345 25 374 8 363 27 344 42 337 7 318 47 
0 327 33 361 19 334 26 330 15 340 45 364 46 319 32 332 12 337 23 348 46 338 45 356 27 325 17 346 4 357 43 322 25 351 39 339 40 350 44 352 27 333 7 353 44 373 39 366 20 369 13 368 20 355 45 354 49 360 18 328 38 359 3 372 38 321 11 347 10 358 29 362 23 335 11 371 7 
0 342 47 368 15 358 49 348 39 334 33 336 41 
0 338 7 336 25 357 31 354 4 324 47 342 50 372 3 358 14 353 32 345 40 363 40 371 48 339 37 325 29 343 42 334 25 349 15 360 44 351 3 352 49 331 17 
0 366 48 350 34 356 22 349 7 373 4 334 34 328 45 363 6 346 27 354 25 351 45 326 12 359 32 325 43 353 25 336 49 333 44 361 45 358 50 348 19 345 29 329 50 331 45 347 4 
0 371 40 336 46 361 34 327 6 326 10 366 32 334 40 357 46 363 29 346 20 335 42 345 25 349 32 
0 347 3 334 44 364 28 349 46 358 45 354 25 
0 350 31 328 38 341 32 336 35 334 48 356 21 361 31 355 7 333 5 363 27 369 24 325 2 329 6 374 41 327 21 343 47 326 28 367 30 372 1 370 2 353 8 346 14 371 16 351 32 357 28 364 11 366 40 345 16 360 20 337 29 
0 336 43 349 8 328 19 366 1 371 14 334 46 332 15 333 1 374 48 355 17 339 20 359 33 327 3 335 32 345 26 326 44 360 4 337 25 331 9 365 16 373 30 356 11 372 27 375 30 347 12 343 12 357 43 352 29 344 40 330 26 369 41 348 20 
0 367 32 355 49 347 24 331 21 330 14 335 37 333 5 368 27 337 46 374 39 345 9 336 35 341 40 359 29 354 39 339 43 350 33 342 34 371 24 334 28 357 10 332 17 348 13 
0 366 47 355 48 360 7 365 23 328 36 341 18 348 4 329 31 351 12 373 41 361 45 347 40 358 28 342 19 369 17 346 44 333 29 340 8 353 27 331 43 336 18 357 40 332 23 371 24 344 50 339 41 349 38 359 39 335 8 372 33 356 22 354 38 362 10 
0 361 47 342 12 357 41 343 17 347 16 358 39 346 10 334 14 368 50 364 38 353 18 360 7 331 45 359 22 363 17 374 38 354 16 330 21 348 38 350 48 352 21 339 46 333 9 
0 369 14 363 8 359 13 357 10 351 44 
0 375 14 351 49 366 28 342 14 347 9 331 37 349 29 334 42 344 28 
0 375 17 357 14 339 33 365 46 354 39 355 50 343 50 359 34 346 21 342 16 347 14 341 50 337 12 360 41 368 26 338 16 372 35 367 46 363 45 374 46 358 8 334 4 
0 342 17 369 4 358 6 367 26 336 47 340 13 360 38 350 7 355 5 345 38 359 10 354 3 373 23 362 22 338 27 348 6 344 30 349 8 347 41 343 1 374 20 361 35 339 37 337 35 356 11 371 37 333 14 364 28 372 26 375 35 366 21 351 19 334 35 365 50 346 40 335 8 370 33 353 26 368 40 357 31 
0 353 45 359 45 374 28 334 11 367 25 341 41 358 3 369 11 349 23 370 47 335 34 338 35 363 1 337 24 350 33 355 14 354 46 361 12 346 37 364 50 351 22 343 20 373 47 336 46 
0 358 42 
0 347 29 344 7 354 4 350 45 375 8 348 28 353 14 342 31 351 20 358 41 363 32 359 1 
0 348 10 363 27 365 14 376 10 398 39 380 36 351 50 354 23 364 34 353 1 402 5 395 4 
0 401 50 354 26 390 35 371 2 348 39 382 1 380 25 369 20 377 20 376 14 352 34 341 47 351 2 
0 354 5 393 2 398 46 383 47 343 14 362 24 375 12 376 5 381 36 340 12 402 31 365 25 372 4 401 6 353 23 373 12 387 15 385 9 346 36 374 34 339 43 384 42 
0 340 3 394 33 341 27 376 7 369 27 361 36 381 44 348 43 392 31 395 30 374 18 404 10 373 18 363 5 342 1 398 33 403 28 
0 385 14 375 11 368 15 372 31 376 37 379 39 395 32 397 22 381 34 360 2 347 24 365 2 404 10 378 47 346 17 352 41 377 40 401 1 
0 348 41 385 32 355 28 403 27 401 21 367 43 345 8 361 22 374 20 388 24 372 37 360 43 394 16 384 30 343 30 363 28 368 14 400 39 
0 364 19 363 14 394 2 357 18 373 28 351 21 348 41 347 14 349 1 401 10 396 48 372 7 402 22 346 17 382 30 371 31 380 44 354 9 403 32 389 3 400 44 395 13 365 41 393 44 387 5 384 30 381 20 358 49 355 22 
0 381 17 353 37 401 49 
0 369 3 381 32 379 37 345 27 392 1 366 17 361 27 399 26 359 36 370 44 400 4 402 43 371 34 372 15 391 46 397 9 
0 357 23 353 46 386 37 370 22 367 44 385 20 364 4 350 50 383 3 404 32 391 41 372 18 348 43 358 7 374 8 384 27 403 31 352 1 378 19 399 2 362 6 
0 386 5 371 18 381 16 
0 349 6 390 42 354 42 370 13 361 23 378 35 391 50 397 26 396 25 388 7 389 35 385 7 366 32 368 11 379 29 403 7 382 17 351 25 348 15 377 9 
0 380 11 386 19 370 44 
0 389 37 378 34 373 24 
0 382 34 388 50 362 24 403 46 376 43 391 19 392 28 377 43 393 13 358 17 374 37 373 45 401 38 356 46 379 11 372 25 384 1 398 48 
0 355 35 357 2 386 21 367 31 400 21 394 31 372 19 384 48 392 30 391 39 354 49 379 11 398 20 352 1 360 43 375 4 380 43 396 25 
0 357 19 402 29 399 4 361 20 363 50 387 35 
0 387 4 370 19 379 10 401 43 384 5 390 42 367 41 378 11 364 5 363 36 360 10 397 1 395 1 361 27 386 40 389 6 359 1 372 48 374 7 399 48 380 47 373 42 391 29 368 11 358 42 393 50 404 13 402 15 
0 395 15 397 47 376 40 
0 394 18 376 12 398 32 368 7 384 27 383 6 401 50 370 37 359 36 367 49 395 49 402 17 356 40 393 28 373 2 380 21 392 5 362 22 379 18 
0 358 25 377 27 397 43 363 28 357 26 376 43 370 48 364 3 
0 387 30 362 23 364 18 374 11 400 42 377 14 401 14 403 34 394 18 359 11 373 7 392 37 369 39 379 37 384 21 375 23 391 30 361 37 372 39 404 41 363 2 365 29 360 47 366 16 390 6 371 10 
0 394 3 380 12 391 31 
0 364 19 362 43 
0 363 5 387 36 389 13 
0 393 11 385 38 366 5 381 28 392 20 367 3 384 17 398 18 368 29 362 10 399 20 397 41 394 7 382 19 371 20 365 25 388 15 377 17 372 35 369 34 395 1 387 10 
0 392 4 398 18 402 50 
0 368 22 390 19 394 14 395 39 373 3 396 48 392 12 378 23 
0 386 23 395 23 368 11 370 39 367 50 387 5 
0 404 26 
0 395 23 387 5 371 10 397 22 399 48 384 13 372 30 370 44 378 17 374 43 394 18 400 9 368 43 396 34 367 14 379 48 393 33 398 14 376 40 
0 386 19 388 31 396 49 381 41 369 3 371 44 374 43 377 21 389 14 383 17 382 16 387 1 404 43 372 24 397 10 379 3 370 43 402 2 368 5 385 43 395 13 400 32 403 15 390 30 399 24 391 33 380 47 373 18 
0 400 1 392 12 390 8 389 1 401 41 383 22 377 45 369 42 379 12 376 4 381 27 374 26 393 43 
0 389 4 402 12 380 20 390 42 
0 388 9 394 27 393 3 
0 401 17 402 11 374 30 391 48 373 19 387 39 377 41 372 18 386 19 378 38 400 23 385 3 398 37 375 38 390 8 395 7 403 48 399 8 
0 386 49 394 50 373 41 391 21 403 44 385 19 392 40 
0 378 28 381 33 395 11 391 13 374 5 375 8 385 1 384 44 389 41 377 4 
0 382 26 388 1 390 24 392 27 391 15 389 50 404 23 384 19 395 24 381 8 398 42 394 11 379 20 403 25 402 1 397 7 399 9 383 10 387 20 377 43 378 22 401 4 385 24 380 16 386 41 400 34 376 43 
0 397 25 392 3 380 20 382 30 400 13 393 4 389 21 387 25 403 45 381 8 385 3 379 1 395 30 386 24 383 7 391 11 398 28 390 46 
0 418 20 379 2 410 31 
0 402 47 385 11 404 41 409 4 387 7 426 19 407 27 400 41 394 9 414 49 382 10 401 22 422 1 381 41 
0 415 1 405 29 379 32 390 9 413 32 416 8 380 19 427 45 385 12 410 11 383 12 408 10 381 29 426 5 406 8 417 41 394 25 401 43 393 30 424 33 420 44 414 3 425 42 412 7 
0 421 19 417 49 428 30 388 29 391 27 382 28 389 2 425 40 420 19 386 41 415 49 424 46 392 34 402 30 400 50 380 8 422 9 426 8 393 35 419 49 383 11 403 43 427 13 
0 403 13 417 20 415 12 411 30 384 12 404 32 407 50 419 16 387 47 396 41 383 36 424 17 412 38 405 12 414 36 389 12 385 46 420 27 
0 400 10 406 36 393 25 405 33 403 35 407 50 401 7 385 16 392 3 421 39 412 3 399 1 420 10 395 11 
0 394 47 399 33 424 32 384 24 420 6 389 37 418 47 427 23 393 5 423 1 397 7 405 8 404 29 387 25 426 43 390 9 
0 402 34 385 44 416 48 389 32 427 30 420 10 386 10 417 4 384 11 
0 422 31 405 12 424 2 421 3 395 49 425 31 396 24 407 21 413 10 428 22 
0 405 19 
0 408 22 423 16 428 44 403 20 398 44 425 48 406 33 388 26 422 38 395 20 427 20 426 16 391 21 419 4 411 21 410 19 399 12 409 32 
0 393 15 425 24 404 2 390 19 418 44 388 32 422 50 398 47 400 22 407 14 396 21 419 41 409 19 402 6 428 28 
0 415 3 409 19 419 32 407 13 
0 400 12 418 40 416 17 404 4 390 32 421 28 395 39 408 48 410 28 392 9 422 18 424 7 406 10 419 45 412 10 423 20 425 17 
0 421 48 394 44 398 30 413 13 406 35 414 42 415 22 409 23 392 49 400 6 396 6 428 31 395 12 405 39 411 30 418 11 393 28 
0 410 20 408 40 
0 396 40 418 39 408 33 424 30 410 1 409 41 
0 404 29 406 3 428 49 410 21 415 26 422 20 427 38 414 13 413 46 417 12 402 16 394 23 421 26 412 14 424 6 418 28 
0 423 36 421 35 427 15 401 1 417 44 395 14 419 36 398 3 
0 416 28 412 47 425 18 418 12 400 48 402 35 421 11 417 45 404 41 410 36 407 37 403 44 419 28 423 48 399 50 398 35 424 32 428 12 426 6 415 25 396 29 
0 406 37 416 17 420 2 401 10 427 34 402 12 425 43 412 33 
0 412 17 409 1 413 33 428 48 420 1 423 26 416 7 408 17 422 48 426 13 403 5 421 17 402 9 398 44 411 49 405 7 419 11 406 7 418 4 427 1 417 17 399 49 
0 410 42 421 43 404 48 411 12 402 5 413 19 405 47 399 7 407 32 400 31 401 20 420 33 422 25 406 17 423 12 419 16 415 41 424 2 414 24 416 3 427 34 
0 410 8 422 12 
0 403 28 
0 405 48 411 8 417 37 424 42 407 38 412 35 421 10 408 46 416 1 427 18 418 11 404 2 420 6 413 43 426 47 403 36 409 7 402 8 415 13 414 44 
0 418 6 
0 406 29 424 31 408 15 410 30 416 40 421 48 413 1 412 8 404 17 419 44 
0 427 40 
0 442 45 
0 435 26 446 41 
0 442 47 441 23 438 3 452 22 412 32 450 13 451 15 417 8 446 30 
0 433 35 448 48 447 39 411 1 420 17 438 18 428 42 449 48 432 7 442 1 443 45 441 11 434 29 426 49 436 28 430 15 422 30 415 20 409 3 451 10 445 7 
0 448 38 412 45 415 30 434 35 414 34 441 18 443 24 417 31 
0 418 23 429 7 436 45 446 45 448 45 437 20 425 40 413 2 423 21 442 13 432 31 430 41 444 33 
0 413 25 445 16 424 46 423 26 429 28 415 19 431 22 426 12 435 13 449 1 441 2 416 41 428 19 
0 417 21 439 21 443 15 437 8 
0 422 35 440 11 
0 415 17 425 5 428 37 451 44 430 37 446 29 436 46 439 35 441 5 433 13 449 24 452 41 421 40 445 12 435 22 447 1 423 45 432 33 438 30 417 20 450 47 442 32 
0 428 46 447 18 422 3 419 29 442 13 416 1 436 31 450 37 420 33 425 41 443 38 426 10 438 26 444 48 452 16 433 44 427 17 439 28 432 18 429 40 424 3 
0 421 32 439 44 425 44 429 29 434 38 447 13 435 40 422 17 451 36 452 36 419 33 446 27 433 9 426 35 
0 440 44 448 35 451 25 446 32 425 28 444 4 450 13 447 17 438 2 433 48 436 18 439 34 432 36 437 9 421 4 
0 431 36 440 47 435 19 446 46 424 38 
0 428 6 432 34 437 44 445 7 450 35 452 28 435 36 425 5 443 31 441 16 440 43 
0 426 3 423 21 429 4 444 29 451 27 448 16 440 3 421 39 443 8 441 45 449 40 422 24 437 35 428 21 430 21 424 24 452 44 
0 444 48 449 30 445 20 433 1 443 17 436 8 428 34 434 3 451 33 427 50 430 2 447 21 452 6 423 42 425 30 424 48 
0 448 39 
0 452 1 
0 440 33 425 37 451 4 431 45 434 13 450 48 426 14 441 30 429 22 444 3 435 17 442 41 430 40 447 43 449 30 
0 435 16 451 50 434 7 432 20 449 3 441 1 448 29 452 8 444 27 428 2 439 11 430 42 433 37 442 45 436 3 443 23 427 1 437 33 431 28 440 23 426 3 450 24 438 20 446 49 
0 438 36 
0 431 20 448 43 432 23 445 27 449 39 434 4 438 34 447 34 450 21 452 41 443 4 442 20 429 8 436 22 430 3 446 7 437 23 451 18 439 4 
0 450 8 
0 451 37 455 34 459 49 449 21 453 24 471 45 465 15 444 13 450 1 463 14 445 19 443 22 448 35 430 36 473 31 464 32 
0 433 1 443 21 472 30 473 35 440 32 441 37 448 50 454 11 464 45 435 41 456 11 467 43 449 26 439 18 461 15 
0 447 33 444 40 464 3 469 10 473 25 456 19 435 49 440 43 468 3 463 3 451 7 461 4 457 20 455 19 474 34 436 5 
0 474 19 458 2 471 7 435 26 433 50 441 45 438 29 457 38 
0 462 39 459 34 444 19 471 42 458 12 460 32 470 32 434 11 436 12 439 16 
0 471 39 460 38 467 48 449 32 447 23 462 21 465 15 466 47 443 23 452 11 440 13 455 46 474 11 463 28 451 16 438 28 456 30 
0 457 39 439 26 443 4 470 34 465 1 472 14 
0 442 41 461 41 465 2 455 28 453 13 471 29 463 10 470 42 451 49 444 18 
0 470 41 474 14 
0 474 48 462 47 448 47 
0 442 27 469 38 465 45 448 19 452 45 471 4 461 44 456 13 451 5 462 45 444 46 450 20 466 47 468 26 473 1 440 15 458 8 445 39 443 14 463 26 460 24 
0 467 19 446 36 449 20 464 18 444 47 445 34 460 23 456 16 441 28 450 14 471 34 454 25 468 22 469 8 451 3 474 50 459 37 
0 450 20 454 35 451 24 452 24 444 20 469 43 456 8 447 29 461 40 457 8 465 40 448 49 
0 446 23 457 6 464 16 463 38 466 50 447 8 451 13 
0 445 6 
0 469 10 450 22 473 15 446 45 460 20 459 22 453 19 471 16 474 28 465 12 452 32 447 30 445 37 
0 452 4 465 6 473 21 
0 463 37 451 5 471 4 464 12 450 12 461 3 467 14 449 28 456 35 452 32 460 20 457 48 459 49 454 9 447 12 453 47 465 40 469 31 470 37 458 27 
0 466 42 471 21 452 39 474 10 463 15 459 36 470 40 453 50 458 7 
0 450 39 460 49 473 50 472 26 449 17 474 15 456 22 458 37 463 4 452 32 467 17 461 40 468 12 453 10 454 47 457 32 464 46 455 12 
0 462 23 463 5 468 44 456 50 458 48 451 25 464 10 450 33 461 35 471 8 473 22 470 9 465 45 453 49 469 13 455 7 
0 458 40 473 50 461 8 470 12 451 7 464 49 465 39 452 29 474 32 462 20 457 43 472 41 455 32 460 47 469 50 468 21 454 11 459 40 453 33 463 24 
0 459 6 454 50 461 20 467 31 455 22 457 42 463 36 453 28 464 35 472 10 470 22 468 12 452 21 460 43 456 43 471 28 469 1 466 7 462 22 465 33 474 1 473 14 
0 453 44 460 12 466 49 470 19 468 19 465 46 457 17 
0 468 4 459 13 496 35 482 42 466 42 490 15 475 29 481 24 487 38 489 7 502 6 467 9 455 41 507 14 499 30 504 27 492 12 472 22 477 36 483 15 503 30 491 39 506 29 461 48 474 7 493 16 
0 467 32 461 23 489 33 475 37 505 4 478 18 485 21 492 38 483 35 456 25 455 47 482 41 474 32 486 16 488 20 473 44 459 30 484 15 507 34 472 43 506 10 496 22 464 4 479 16 498 48 500 9 497 4 
0 497 16 471 8 501 48 503 14 473 30 465 43 482 43 499 39 483 20 474 17 492 33 479 6 495 41 458 11 502 12 493 22 487 13 
0 500 20 
0 495 14 505 32 487 38 490 1 481 1 474 6 479 5 466 37 476 22 463 9 498 24 461 6 491 36 467 43 
0 474 42 480 4 
0 461 4 501 39 498 9 502 44 490 17 500 33 
0 482 41 492 28 486 28 464 4 489 21 507 6 501 39 484 3 461 28 497 48 471 33 483 40 467 16 473 45 475 28 506 45 463 1 491 24 465 1 462 45 498 42 478 1 474 16 488 29 500 8 493 35 470 32 505 22 
0 484 40 470 43 472 47 480 3 485 32 463 45 471 9 482 15 489 48 
0 503 11 506 16 485 40 493 17 497 49 504 12 487 39 463 48 469 46 468 2 500 31 465 47 474 44 482 39 484 25 481 44 483 31 473 30 507 49 501 20 489 17 486 10 491 3 
0 497 49 
0 503 44 490 32 499 12 487 27 483 8 468 46 492 15 486 6 501 35 495 21 478 5 465 9 479 10 496 4 489 2 481 36 
0 468 22 507 30 471 45 501 44 474 4 493 31 475 13 500 44 498 13 502 21 482 46 485 50 506 35 504 28 486 47 470 34 496 12 479 44 481 2 483 19 503 18 469 34 467 37 473 46 497 2 489 43 478 18 
0 482 13 497 43 507 18 494 43 495 7 471 13 493 34 486 47 504 10 499 26 490 44 501 2 498 2 473 8 503 48 488 34 492 9 472 20 502 32 491 49 478 28 467 35 500 10 475 39 469 42 483 9 489 11 
0 498 33 507 12 502 8 486 14 494 49 504 13 476 24 475 14 482 2 469 17 
0 487 2 479 28 474 37 482 1 501 5 481 32 500 44 507 34 497 13 485 50 494 3 503 16 496 18 469 28 495 15 472 40 486 42 502 26 470 33 476 31 490 4 498 40 475 6 478 18 471 27 499 4 491 34 
0 481 19 494 43 473 14 501 13 483 29 504 10 474 22 506 2 498 4 475 49 505 9 488 16 492 44 503 29 478 42 470 25 480 19 477 8 502 35 471 9 491 38 499 38 482 9 497 17 
0 490 38 477 18 471 32 491 49 483 21 507 24 494 20 
0 485 42 480 47 498 21 492 12 478 50 506 19 491 38 472 41 483 24 488 13 507 50 499 9 502 34 493 44 504 39 475 9 494 37 481 49 479 45 473 33 490 44 482 20 503 38 474 26 501 38 
0 482 36 475 21 474 12 476 4 478 22 488 13 503 49 480 20 500 27 506 23 486 36 485 49 499 12 505 33 484 35 492 20 502 48 494 10 491 27 477 30 490 39 473 29 
0 481 6 485 17 475 32 498 14 507 17 501 50 494 10 496 30 491 9 
0 490 30 484 10 494 8 504 15 479 7 491 9 495 44 482 31 478 22 502 30 481 26 503 15 476 47 485 32 500 13 480 27 487 6 496 50 483 43 505 9 488 22 506 25 477 50 507 19 489 5 497 16 486 15 492 9 498 37 
0 493 41 529 23 535 36 491 20 497 15 501 34 522 2 487 16 
0 516 16 519 41 500 9 480 15 494 17 524 34 514 30 
0 535 5 
0 497 42 523 27 532 47 498 39 512 15 
0 493 27 534 7 533 43 506 10 
0 526 36 508 23 520 18 487 12 493 8 529 19 496 45 498 7 483 43 481 23 505 20 482 29 518 40 535 14 533 35 495 2 534 21 504 12 527 31 530 12 510 19 522 44 500 8 524 30 486 8 485 30 519 34 
0 489 20 488 37 496 15 511 40 497 36 516 8 484 29 512 33 515 16 519 11 507 49 505 33 501 18 502 43 506 16 500 5 520 43 482 10 493 16 490 25 
0 535 6 488 24 503 3 519 35 486 14 522 50 525 43 529 27 532 27 490 50 514 49 485 1 502 27 505 21 504 41 509 8 499 15 515 7 495 22 524 35 517 18 497 40 512 12 507 41 493 1 511 6 498 48 531 3 
0 521 46 501 1 509 34 488 18 524 34 495 19 500 7 531 47 504 15 518 24 514 33 522 22 503 11 484 33 528 26 508 30 
0 530 15 487 44 527 24 518 20 
0 527 17 513 44 524 1 496 21 516 32 488 44 512 37 494 41 499 19 505 41 
0 528 31 
0 526 4 502 5 518 12 528 13 509 50 519 46 527 18 532 50 489 28 507 8 523 18 512 4 508 12 522 22 517 37 514 47 496 15 524 21 506 45 505 39 494 25 
0 493 42 510 17 533 3 519 21 489 44 501 49 524 44 512 48 497 33 526 38 
0 523 10 494 23 526 23 496 11 504 42 500 42 514 20 507 42 515 17 520 31 530 41 513 41 490 23 522 45 510 4 501 33 535 7 524 46 519 11 497 30 493 16 491 23 533 8 
0 510 49 494 43 518 36 527 21 520 38 523 35 495 17 517 24 500 32 492 24 504 13 524 24 515 49 512 24 526 29 491 10 522 44 514 16 499 33 533 10 519 40 508 13 503 38 525 48 
0 493 31 501 44 525 47 524 42 530 37 500 24 510 4 516 19 509 3 499 43 520 18 513 45 502 20 511 24 507 17 519 24 528 25 508 18 521 18 532 33 
0 516 4 532 3 498 49 529 3 521 49 531 28 503 26 511 21 500 23 522 48 497 44 499 22 
0 499 4 500 17 519 2 504 7 505 48 506 19 503 7 526 17 508 50 532 24 525 4 510 37 530 19 495 16 524 13 496 49 512 16 507 47 518 45 521 33 516 38 511 50 529 9 
0 515 29 520 15 531 20 
0 535 2 509 11 510 42 534 43 503 46 497 25 505 37 523 14 
0 531 49 507 40 501 29 519 38 528 32 524 49 525 2 510 49 509 14 508 44 513 31 520 5 518 16 517 35 511 50 523 44 497 29 516 43 522 28 532 21 502 6 515 9 504 7 530 2 499 27 
0 510 12 520 19 502 29 511 35 
0 515 26 534 50 499 48 527 24 509 50 
0 507 6 525 43 526 46 504 1 534 14 503 41 517 28 511 32 523 30 518 41 501 4 532 37 502 9 529 24 519 18 521 44 531 26 520 26 508 7 505 29 500 36 509 25 512 49 530 7 
0 503 39 510 40 504 50 523 41 511 49 522 8 518 6 521 6 531 5 526 34 534 7 506 14 527 5 529 16 535 18 516 2 515 9 505 18 507 4 524 32 517 11 509 46 513 22 532 10 508 29 
0 531 1 534 5 532 31 502 46 515 17 522 49 509 33 521 30 525 25 514 39 508 48 505 46 526 38 512 39 528 38 519 31 518 39 
0 526 39 508 48 522 33 511 24 520 5 531 28 533 2 512 38 513 2 519 40 521 50 510 9 527 9 516 37 
0 530 36 505 18 509 42 504 20 533 39 515 49 523 50 518 33 508 12 535 37 524 38 
0 515 48 528 43 531 23 507 20 532 9 526 23 530 42 514 47 534 2 535 48 529 21 521 18 508 5 516 2 519 11 533 46 512 6 527 9 510 42 518 29 520 7 513 14 
0 523 36 511 25 525 1 527 48 524 35 534 29 506 15 516 40 508 48 522 19 532 42 518 32 512 30 521 26 510 37 528 23 507 44 529 10 
0 520 30 510 48 507 23 524 48 523 10 519 1 527 14 518 40 513 48 529 1 514 49 511 48 526 10 535 26 521 2 534 32 
0 535 10 534 40 510 38 524 3 527 4 525 22 512 21 508 13 521 39 515 12 529 40 518 42 532 32 520 8 514 18 523 14 528 11 526 2 511 47 517 37 519 3 
0 509 41 550 20 533 3 548 11 539 22 560 29 562 9 566 18 552 19 554 17 529 47 526 28 513 9 522 38 
0 533 18 537 21 544 39 564 29 
0 524 2 542 26 517 5 552 24 520 21 521 20 511 35 518 6 536 12 539 28 515 28 565 10 550 24 529 41 543 8 566 21 527 33 547 46 512 13 531 42 561 44 556 4 562 37 522 13 537 1 526 40 557 13 567 25 544 49 555 48 540 19 558 41 
0 526 34 527 13 567 22 515 39 536 10 555 41 552 43 568 24 550 28 512 36 564 24 542 41 545 16 548 26 562 9 543 43 524 46 531 27 540 16 539 9 560 30 
0 551 10 544 26 525 35 
0 564 20 532 46 553 16 534 5 538 20 521 36 528 21 531 21 559 38 550 21 514 23 533 29 549 11 552 42 520 14 558 22 529 37 565 47 547 9 539 14 556 12 526 42 568 44 536 4 
0 537 45 526 37 519 15 538 20 553 47 522 6 562 46 521 7 515 47 565 1 528 24 555 6 549 26 548 21 564 48 552 27 525 45 540 12 541 8 531 19 557 14 554 22 568 3 567 33 550 45 545 17 
0 565 33 522 33 561 48 568 11 517 22 559 31 543 45 527 48 552 19 539 35 564 22 566 50 530 18 567 10 549 49 555 31 562 17 526 18 541 34 544 10 523 32 528 49 
0 528 33 546 29 533 47 567 41 532 12 524 3 538 46 558 3 556 21 529 10 551 14 536 38 527 9 530 23 550 25 553 38 564 45 557 47 526 44 544 6 554 49 542 29 562 9 561 13 547 22 522 33 559 21 
0 565 11 519 25 533 41 567 50 540 18 546 50 557 23 524 37 563 5 520 16 
0 533 14 564 36 527 31 531 29 560 45 559 36 540 18 544 46 537 25 529 26 549 35 551 17 528 40 552 12 523 21 545 18 536 12 568 26 524 41 539 47 562 16 521 39 554 27 555 2 546 37 550 7 567 26 
0 543 26 534 34 555 45 539 44 528 49 527 26 523 27 559 32 536 12 524 13 563 47 548 16 535 49 525 18 560 12 562 22 554 28 537 46 538 37 522 18 
0 522 33 552 44 549 28 546 40 544 2 558 21 547 33 566 50 521 1 
0 564 1 565 2 567 48 534 36 544 26 566 39 563 36 541 19 543 27 532 9 560 45 524 25 526 14 528 25 538 25 553 17 545 47 568 8 529 38 
0 543 23 536 27 562 17 525 21 534 32 537 17 542 11 538 26 544 30 557 10 539 43 563 48 533 34 551 42 526 7 561 30 528 30 540 13 552 4 541 35 565 35 554 25 546 6 535 23 
0 532 49 556 7 549 30 533 24 555 24 526 43 553 42 561 19 542 19 529 39 550 17 537 46 531 45 544 40 557 13 546 9 540 15 524 11 564 4 554 1 545 42 559 27 543 43 539 36 547 36 560 4 558 31 534 31 562 34 567 42 548 20 525 5 
0 540 37 
0 561 9 541 35 552 25 527 46 556 7 544 4 
0 531 40 536 31 542 20 540 35 537 47 554 46 549 19 567 37 551 44 534 33 541 39 568 48 560 23 562 18 566 35 535 19 552 42 555 44 527 14 
0 533 7 559 4 531 22 544 5 555 6 536 26 532 44 554 40 534 17 541 4 535 17 546 34 568 42 547 41 556 40 560 5 558 35 548 12 542 15 545 14 538 27 564 24 567 20 537 3 550 26 565 35 528 42 562 5 529 46 549 24 530 37 
0 536 19 556 33 531 9 533 5 545 1 532 38 563 5 560 31 552 15 538 28 544 25 553 46 529 20 
0 532 8 555 29 554 22 536 31 544 37 551 7 564 22 552 32 560 17 550 32 553 29 563 3 534 16 543 28 562 40 567 48 
0 546 10 564 14 549 34 560 33 545 15 568 32 532 32 552 17 540 33 538 15 534 9 563 23 565 20 555 24 
0 536 36 537 32 561 21 557 16 543 20 534 10 542 15 560 19 550 4 552 43 538 31 551 4 541 50 540 39 546 14 567 26 532 28 566 26 564 37 535 36 555 28 553 23 558 46 544 17 568 28 559 27 533 38 547 28 554 39 539 8 562 36 
0 540 40 533 39 563 41 548 20 544 44 562 16 537 24 547 15 
0 557 32 566 11 
0 543 33 553 43 542 50 538 28 556 25 539 12 555 35 557 18 562 11 567 12 564 38 540 48 558 22 550 14 541 15 536 40 547 23 559 36 561 17 560 9 535 4 552 29 548 50 537 21 549 3 566 48 554 33 545 43 568 42 563 14 
0 559 15 550 25 542 48 546 50 543 15 536 9 566 46 555 33 554 38 537 35 552 18 541 44 565 39 538 18 560 43 547 30 564 17 556 20 557 41 551 31 562 23 540 24 539 4 558 18 563 31 
0 539 14 546 26 
0 542 42 544 20 572 9 588 12 590 31 
0 548 5 562 13 
0 548 18 586 8 553 15 575 3 590 44 
0 550 37 580 5 577 34 557 6 587 25 544 10 566 37 541 15 583 34 
0 550 24 551 12 571 6 589 26 549 22 580 21 572 5 587 40 564 45 579 49 543 33 562 2 581 5 569 35 576 2 542 49 575 24 553 11 548 38 
0 589 44 553 22 585 41 571 36 574 13 582 35 564 34 551 20 555 48 566 40 548 6 546 1 586 5 
0 590 44 561 13 562 42 587 24 586 11 578 27 565 4 577 39 559 45 563 21 569 17 550 44 
0 553 46 554 3 574 46 547 50 558 50 581 9 568 48 
0 578 24 579 7 549 12 556 20 577 23 570 38 584 8 552 32 559 19 569 14 571 31 557 7 574 24 566 45 564 16 575 41 547 10 565 44 546 10 
0 547 45 561 34 551 28 563 40 571 16 
0 573 13 575 39 576 48 559 16 
0 583 21 566 17 562 4 580 3 571 48 581 1 577 30 584 14 573 4 
0 552 29 559 24 550 26 581 47 564 39 580 2 588 43 585 49 573 5 575 43 565 17 553 50 558 22 576 11 578 42 567 29 568 48 557 2 556 36 555 41 587 47 583 13 
0 555 10 587 13 559 3 571 40 582 47 565 43 570 1 566 33 561 48 564 1 590 6 557 2 556 16 552 27 553 25 588 25 577 22 558 3 575 20 
0 580 1 570 49 563 27 562 43 554 22 559 36 565 13 585 40 
0 582 14 570 5 554 28 561 46 575 5 565 8 569 17 586 22 581 11 580 7 567 29 589 12 571 14 576 22 590 32 587 14 573 7 557 11 
0 558 34 555 46 577 16 569 40 561 2 575 44 589 35 565 11 580 5 560 10 567 44 564 10 573 33 576 12 556 46 
0 558 2 572 31 589 3 582 41 555 16 
0 562 11 568 2 565 44 564 46 556 4 589 40 
0 571 4 583 14 573 14 588 2 589 41 567 8 590 16 574 44 587 27 568 41 561 13 575 10 563 41 577 32 565 37 566 13 560 19 576 20 578 44 558 20 584 11 
0 574 36 559 17 
0 587 4 583 45 563 31 576 39 565 2 590 47 561 12 562 37 584 1 572 5 579 28 559 49 566 29 585 40 577 34 569 25 568 23 586 9 571 19 588 47 581 16 564 23 
0 568 12 576 4 560 3 589 8 585 44 579 34 574 8 577 26 561 48 563 20 586 30 571 14 562 10 578 36 570 2 582 32 564 49 567 12 565 21 584 1 583 33 569 19 
0 564 18 570 3 575 10 583 48 582 22 588 48 586 31 589 17 566 47 573 9 567 10 569 46 581 22 562 49 585 5 568 7 579 2 571 29 590 26 
0 563 24 569 8 562 2 581 13 590 14 573 17 587 4 565 44 576 11 572 7 579 30 585 27 588 9 586 6 584 4 
0 584 22 563 29 586 47 567 31 578 25 572 32 589 17 575 20 570 14 577 44 574 43 580 49 585 22 582 41 565 41 588 25 569 8 564 13 568 23 579 42 581 16 576 39 
0 577 48 573 15 567 23 568 6 572 46 570 39 574 11 586 21 571 39 564 48 576 21 566 7 
0 572 48 585 11 571 1 579 6 590 33 576 38 584 28 580 38 587 6 578 47 565 15 583 37 577 17 574 44 570 27 568 45 566 13 588 33 575 29 589 50 582 28 581 47 
0 577 41 576 17 566 8 590 19 583 32 580 28 573 29 588 37 581 13 589 26 582 8 
0 584 42 
0 571 34 588 33 572 24 587 49 585 50 590 43 569 21 586 50 570 3 582 16 573 21 580 43 568 7 589 4 574 40 581 32 583 45 584 18 579 2 575 20 
0 581 43 577 45 585 32 589 1 584 41 578 4 590 48 574 28 575 32 571 36 580 40 576 6 583 44 579 15 587 20 
0 600 18 597 39 574 6 591 17 579 20 581 7 578 39 573 34 571 1 585 22 601 44 
0 579 39 606 25 601 41 607 31 590 37 597 29 589 48 572 21 591 12 
0 604 28 609 21 
0 584 43 581 2 580 14 598 33 600 15 597 27 579 34 587 20 604 11 611 14 602 20 601 7 608 39 590 37 603 6 583 20 586 48 575 42 606 27 582 10 
0 597 29 584 47 591 34 574 38 580 39 592 23 578 10 588 34 611 40 593 14 
0 594 13 611 35 610 41 578 35 593 39 590 26 609 16 603 5 592 39 601 38 
0 585 1 586 28 577 10 609 10 600 10 604 32 
0 603 22 587 33 604 40 582 1 584 15 588 26 605 15 602 50 599 20 591 15 581 26 583 25 585 32 577 21 611 31 586 33 609 49 592 28 600 46 589 29 
0 589 43 586 32 
0 589 15 
0 604 22 600 39 585 26 611 38 606 20 608 13 590 50 587 49 605 27 
0 584 8 605 5 586 17 583 26 609 15 612 6 597 23 595 4 585 49 588 34 603 5 602 21 608 8 599 38 606 20 589 44 611 23 587 42 
0 610 21 612 21 607 37 611 45 583 4 588 2 603 14 608 46 586 1 587 16 602 38 591 40 592 20 605 6 590 3 596 16 609 49 582 42 601 13 604 34 
0 600 24 589 15 597 17 608 50 592 7 611 50 596 22 598 42 585 8 612 28 610 20 594 42 606 43 583 38 609 50 607 15 599 43 587 28 602 12 605 29 604 9 
0 589 8 606 22 588 49 586 18 605 22 604 46 601 13 594 14 608 19 596 5 602 37 587 10 599 42 610 25 607 40 600 45 598 35 590 46 593 28 591 27 612 6 
0 585 8 597 3 592 40 586 30 612 27 609 45 588 20 607 16 589 44 608 5 600 32 610 6 611 43 596 47 
0 601 40 609 26 596 46 605 4 611 2 610 32 
0 589 25 604 38 597 33 593 42 606 28 594 45 598 50 
0 607 16 598 11 602 11 591 10 595 34 589 34 
0 603 16 611 44 590 49 589 14 599 7 595 32 606 26 591 43 597 36 609 7 601 49 
0 610 21 607 40 598 49 591 1 612 32 600 5 596 16 603 21 606 29 608 6 602 46 604 20 595 16 609 39 592 5 
0 596 27 612 4 594 9 610 16 601 43 593 46 592 13 595 16 591 15 605 1 
0 622 2 593 24 629 28 624 43 600 34 597 47 632 20 639 22 621 3 609 20 631 30 633 10 637 32 623 45 627 13 595 20 599 12 592 33 625 24 612 47 
0 638 18 622 21 619 17 602 49 633 48 599 40 629 16 596 49 616 22 603 15 620 9 594 4 617 5 615 26 609 42 607 44 606 40 632 6 611 26 631 33 614 49 623 19 613 33 
0 599 25 630 42 
0 619 50 616 26 599 49 632 37 620 13 614 5 615 23 604 33 607 25 601 10 634 27 613 32 608 46 610 33 631 14 624 42 625 7 602 2 
0 604 35 616 36 602 20 617 4 632 7 633 38 613 35 623 37 619 23 597 31 621 4 635 48 611 34 639 22 
0 627 27 628 44 598 27 603 4 
0 606 44 630 19 604 23 618 23 629 23 614 24 605 2 611 48 616 48 601 32 628 21 608 36 603 28 624 33 619 32 598 30 627 43 615 21 638 17 610 16 623 15 612 18 636 14 600 16 609 48 633 24 631 31 
0 611 36 607 48 608 40 636 45 638 49 628 15 601 5 605 48 603 21 619 32 613 45 617 46 600 48 614 16 621 47 622 44 626 32 602 40 604 2 
0 603 8 608 31 629 9 622 13 613 37 612 28 634 27 636 2 623 43 606 19 614 42 633 19 607 25 616 16 632 9 610 1 638 26 619 3 631 37 630 20 637 35 604 1 635 34 617 34 625 49 
0 631 45 
0 628 5 632 46 614 24 616 44 635 38 638 40 627 19 619 5 602 23 630 43 620 41 633 17 607 37 623 30 615 24 612 45 636 25 618 2 606 6 625 14 629 29 631 1 604 42 637 28 639 26 613 17 
0 605 48 625 26 618 30 620 32 614 35 634 11 604 37 630 31 635 13 638 31 629 32 624 34 627 31 621 8 632 12 633 39 613 15 626 12 637 10 617 47 612 15 611 36 609 16 610 35 607 26 608 8 
0 605 7 612 6 615 45 628 9 604 7 
0 606 18 637 22 611 24 638 8 631 38 615 22 607 41 630 6 624 30 621 12 635 7 634 46 613 36 627 4 605 47 633 24 
0 632 30 606 32 611 21 629 4 609 32 631 37 608 32 639 48 617 27 620 25 627 9 624 36 610 18 618 11 636 46 613 28 633 25 634 37 623 1 616 8 626 27 615 38 630 8 
0 632 31 616 46 628 28 633 5 617 11 612 20 637 25 608 34 618 30 626 34 620 31 614 18 621 26 613 8 625 19 607 33 631 7 629 31 623 26 636 45 635 4 615 31 611 3 639 21 
0 639 33 631 22 623 39 638 26 628 45 611 1 621 39 610 13 613 7 617 20 625 27 624 26 634 44 635 18 618 6 637 19 626 12 620 35 636 9 608 40 
0 611 21 622 40 634 41 609 20 624 2 635 17 630 2 614 2 620 34 631 48 616 21 639 9 
0 624 32 615 11 628 48 634 10 625 44 614 19 621 35 620 6 619 4 630 17 626 13 622 22 
0 620 3 624 20 615 30 619 34 638 21 616 44 636 22 
0 615 26 612 47 636 28 621 24 616 11 635 9 617 50 637 37 626 34 629 1 620 27 631 18 622 41 613 46 618 7 614 36 627 26 624 37 625 2 623 9 630 44 628 33 
0 614 34 619 40 629 13 638 22 624 33 615 24 626 31 630 11 613 45 616 17 620 23 632 11 635 20 636 5 639 13 637 37 622 34 634 3 633 11 628 48 617 9 631 43 621 9 625 34 627 34 618 31 623 18 
0 666 21 652 43 
0 630 17 633 5 621 5 652 17 620 37 643 48 619 32 623 46 624 15 
0 658 16 655 18 662 22 663 10 629 13 
0 666 10 635 25 628 37 667 35 621 16 633 16 624 35 
0 666 30 659 32 634 20 651 41 655 47 660 29 619 13 650 4 620 49 649 21 647 5 664 46 623 39 640 10 638 40 
0 630 26 645 13 637 14 627 32 662 18 659 39 649 13 660 15 631 13 654 43 656 44 667 49 624 37 647 47 642 23 623 42 633 24 651 33 632 21 646 15 652 47 639 43 666 10 664 6 661 19 
0 620 11 647 13 640 47 
0 641 20 665 30 644 40 647 12 629 6 652 29 628 2 662 47 637 12 655 46 625 41 633 46 663 27 656 2 654 8 624 16 623 9 645 12 622 17 646 22 
0 662 49 652 32 659 37 622 44 638 13 664 10 642 26 646 41 640 25 647 7 643 2 630 30 651 32 639 13 649 14 657 34 666 36 650 15 645 13 658 38 626 23 661 12 623 30 654 37 624 50 625 30 667 37 632 42 644 27 
0 641 42 649 7 644 29 625 4 629 23 657 22 662 44 628 45 640 3 627 48 645 27 667 19 661 7 655 23 633 43 642 14 638 17 652 25 637 36 
0 660 11 629 28 656 5 655 49 641 49 639 1 630 27 654 31 627 33 632 19 624 45 650 14 626 50 658 47 661 48 659 34 662 12 665 36 668 43 667 1 634 24 642 20 648 34 664 22 652 38 
0 637 15 648 29 626 14 631 13 627 50 649 27 656 26 629 22 657 37 661 21 625 16 668 34 630 15 
0 663 5 632 21 629 18 638 36 631 50 635 15 
0 635 42 632 28 651 33 668 29 639 39 654 33 656 13 629 48 638 7 666 35 662 50 648 47 633 17 627 13 664 48 628 39 660 12 647 8 630 41 636 41 645 49 655 50 657 5 650 2 652 41 
0 636 37 647 30 651 13 645 15 635 16 633 45 631 15 638 38 653 21 637 45 628 49 634 21 665 50 
0 629 19 643 48 640 49 
0 650 3 641 39 664 44 652 44 667 36 662 10 663 37 666 10 631 39 640 21 638 6 642 11 655 38 
0 640 38 666 36 643 35 662 41 655 29 658 16 657 36 650 11 665 22 653 47 647 39 659 14 645 29 641 8 654 40 632 44 644 34 651 23 661 8 633 3 
0 648 15 649 41 633 3 653 16 667 18 637 39 650 35 662 5 665 47 634 31 664 32 639 41 656 29 651 29 645 21 640 38 666 30 635 6 668 14 632 16 642 49 646 49 654 40 636 9 
0 655 47 652 45 646 13 634 26 664 35 636 44 650 46 658 18 657 19 635 43 642 41 662 25 645 49 643 32 641 15 660 39 633 15 640 37 656 27 661 4 644 8 653 30 649 35 665 49 
0 655 29 653 12 638 34 640 14 664 3 667 6 643 22 639 35 649 13 663 40 634 24 635 14 665 35 654 18 662 2 645 13 666 23 652 23 650 35 659 8 637 33 
0 661 47 653 31 657 36 635 1 651 8 638 4 660 47 636 16 
0 653 38 664 42 649 21 643 45 650 17 662 41 660 32 668 50 641 17 640 35 665 34 656 50 646 46 644 42 651 1 642 2 645 40 661 7 639 37 657 32 647 42 637 47 655 48 638 24 652 26 658 11 666 21 
0 660 30 661 3 665 30 663 2 646 49 664 38 638 39 645 3 654 14 647 40 655 46 668 6 667 34 662 6 653 35 652 49 637 17 641 4 
0 646 42 660 24 655 49 652 8 638 24 641 11 645 37 668 13 647 15 665 16 648 15 653 14 650 6 639 14 651 41 643 48 667 43 662 40 659 30 666 45 656 46 640 28 658 15 
0 643 28 668 4 657 31 664 18 642 8 645 3 655 8 652 3 649 29 644 26 661 43 647 29 665 27 648 11 639 3 667 11 662 24 656 47 654 1 
0 659 10 650 16 663 33 643 47 660 25 667 5 648 2 668 17 658 15 645 5 641 43 
0 679 1 671 46 644 12 651 32 678 34 660 30 669 39 652 14 685 40 684 3 645 7 682 24 680 41 665 19 657 35 648 47 653 34 672 31 
0 653 16 
0 675 25 661 9 678 17 660 39 686 3 658 26 650 42 681 36 684 11 663 26 665 26 649 27 657 29 672 24 652 4 
0 655 22 651 44 650 3 657 9 670 40 667 19 664 36 686 49 687 40 683 38 681 24 676 42 682 22 
0 661 28 677 9 662 14 653 41 679 37 656 25 668 37 664 9 
0 662 23 664 13 665 18 685 25 678 50 674 26 683 35 675 44 682 3 686 48 648 27 661 48 672 12 650 50 647 33 681 7 673 17 
0 652 16 
0 658 40 674 5 679 31 666 46 686 46 654 32 677 21 660 28 687 12 665 21 
0 654 34 672 23 686 44 650 17 662 8 651 43 675 14 673 4 652 40 661 20 660 45 680 8 656 25 659 31 667 19 683 39 682 36 
0 659 21 679 46 683 29 671 39 670 35 
0 674 15 
0 663 24 668 29 673 9 682 37 652 4 665 1 666 32 667 30 678 35 669 16 656 35 681 28 660 14 685 38 679 47 671 22 676 48 657 2 
0 667 46 680 49 658 34 661 11 683 10 668 43 686 20 682 17 664 37 653 19 657 16 
0 672 25 657 3 663 17 667 35 666 18 671 18 677 35 658 36 687 7 685 31 684 20 654 8 656 17 670 26 676 12 681 10 655 30 
0 684 49 658 49 660 44 665 35 677 14 670 32 656 13 671 40 687 29 659 50 663 44 686 1 683 40 675 45 666 22 
0 676 20 663 1 684 25 664 29 671 42 672 7 
0 677 3 685 5 678 26 657 9 
0 680 11 671 22 658 1 676 24 678 43 664 14 666 33 679 17 
0 659 13 685 13 676 18 663 26 668 7 661 11 679 16 680 31 
0 660 33 668 46 675 8 666 14 672 29 663 14 679 7 664 14 662 42 686 40 687 28 674 26 670 43 
0 668 42 681 1 667 16 670 17 665 36 683 39 664 44 671 8 687 48 677 31 685 36 680 11 684 3 
0 671 46 676 34 669 44 
0 680 12 677 6 664 36 681 4 669 47 673 21 683 26 665 45 675 24 679 48 684 42 667 37 674 33 663 47 
0 675 35 
0 672 18 671 21 
0 681 46 669 44 682 27 671 20 677 32 685 36 683 7 676 18 672 45 666 12 673 27 667 20 670 33 684 25 680 3 668 17 675 15 
0 682 18 673 42 670 3 667 31 684 6 675 21 674 16 680 17 676 14 679 21 677 20 687 47 685 11 686 1 
0 668 45 682 1 675 24 673 38 680 29 687 45 685 25 674 22 671 15 669 26 683 27 686 8 676 30 684 46 670 37 681 22 679 17 672 42 677 31 
0 675 17 669 9 680 28 678 16 670 22 671 35 674 50 676 32 682 8 686 16 679 46 681 39 683 38 684 16 672 3 687 17 677 18 
0 689 23 693 7 711 20 686 4 718 23 710 42 705 8 674 11 685 27 691 17 
0 671 35 691 16 694 34 678 1 723 39 697 25 672 20 673 8 706 26 721 6 702 14 705 19 714 41 700 21 698 13 713 44 688 12 724 36 689 31 704 27 718 12 676 15 684 30 681 35 699 48 687 23 703 44 712 16 686 40 711 34 709 21 716 19 
0 719 28 707 39 722 26 705 20 681 5 685 37 
0 707 19 715 43 679 20 701 11 724 28 682 12 721 11 677 45 675 38 690 37 
0 708 14 705 22 714 50 678 24 699 29 687 32 706 37 712 9 685 29 694 22 716 18 
0 709 15 675 3 685 22 704 23 706 26 699 41 722 21 715 49 701 13 702 15 698 47 725 17 690 38 680 13 708 35 712 9 716 11 718 37 694 20 710 24 719 33 720 50 684 45 724 41 696 5 721 14 714 3 677 12 695 34 
0 717 17 724 19 
0 691 40 715 16 700 49 684 44 697 27 710 3 712 33 686 16 690 20 688 4 713 23 716 2 695 6 705 25 680 25 687 40 683 36 685 6 
0 714 8 697 25 
0 702 45 689 10 683 22 716 28 695 12 
0 723 14 719 40 704 4 
0 710 11 681 15 715 49 702 45 711 29 689 16 690 9 705 23 684 15 707 29 697 40 713 23 686 15 709 46 695 25 685 10 723 14 704 34 688 48 708 29 693 19 696 25 724 13 687 39 717 10 683 7 716 3 701 29 692 13 
0 698 3 683 21 694 34 721 19 695 34 
0 702 42 711 23 692 6 685 42 722 25 
0 709 27 723 17 702 50 716 31 695 32 691 16 715 27 698 34 687 34 696 42 704 24 720 17 693 48 711 37 692 20 712 29 708 10 717 41 686 23 705 27 690 29 713 40 
0 702 13 712 16 700 15 721 20 717 44 724 8 722 19 711 50 719 32 690 14 704 33 723 41 720 4 709 46 701 14 696 10 718 18 715 10 705 48 685 44 714 14 707 46 691 1 713 48 706 14 716 27 688 36 694 48 
0 696 32 
0 722 45 713 14 695 13 688 49 698 48 714 29 718 49 704 41 721 22 692 32 716 18 690 19 706 12 702 9 710 50 701 45 691 44 711 44 694 8 708 41 697 31 724 48 715 14 
0 714 33 692 12 712 12 713 14 722 20 697 50 723 36 720 15 721 9 699 15 704 49 706 49 719 36 689 44 717 32 718 3 693 24 716 41 724 8 701 1 702 18 711 8 708 29 698 35 725 23 705 42 696 46 709 44 715 19 
0 714 47 748 15 705 36 689 33 737 23 700 24 734 37 728 16 
0 705 7 702 33 746 26 733 46 748 5 
0 695 23 697 19 698 7 724 26 740 30 732 32 704 9 712 49 
0 714 37 
0 706 19 727 18 735 30 743 7 701 24 718 3 738 50 
0 747 47 696 35 697 3 720 39 725 25 706 12 742 46 727 31 
0 739 13 731 21 712 5 736 28 722 11 737 45 714 25 729 42 733 39 742 23 725 8 728 17 704 14 695 30 741 40 746 11 706 37 747 17 707 47 708 15 723 14 709 43 720 42 
0 728 43 732 7 703 25 701 36 718 5 729 50 721 49 708 19 714 19 730 5 700 6 716 9 744 17 747 32 722 8 709 2 710 27 720 43 717 31 697 33 746 44 698 35 702 31 
0 715 38 722 11 712 11 740 43 728 5 
0 715 31 742 5 739 14 723 37 700 40 719 33 704 7 732 17 701 7 708 44 731 29 727 4 711 31 725 11 733 43 722 18 
0 712 22 729 10 706 45 747 29 725 33 733 3 700 2 707 9 718 3 730 49 748 35 738 32 714 27 709 33 743 26 704 25 736 14 717 38 740 48 
0 738 50 725 29 722 32 735 13 748 12 739 40 741 34 705 10 729 4 720 6 703 50 747 18 709 1 727 48 700 36 701 49 
0 732 30 738 24 705 14 721 44 709 31 735 46 718 40 747 36 744 31 746 28 
0 747 28 713 10 710 33 744 29 725 10 734 14 715 13 723 41 731 3 740 31 708 43 746 21 
0 710 18 721 47 707 25 746 24 722 9 735 14 739 33 713 22 744 42 740 21 732 36 729 18 
0 708 40 706 17 704 47 722 49 726 20 725 2 747 21 712 15 743 28 730 13 738 8 731 25 711 16 716 7 740 31 707 26 705 1 719 4 
0 719 12 744 13 717 45 737 7 721 6 713 33 724 36 741 32 747 48 
0 716 6 725 20 710 38 745 20 718 42 726 9 737 39 744 3 727 44 741 14 728 1 735 38 706 13 722 45 713 22 708 48 734 19 730 48 707 6 715 33 
0 742 49 744 34 732 14 720 22 716 17 734 46 743 40 728 5 731 50 740 21 714 29 718 28 725 30 723 30 717 18 747 38 726 6 719 1 739 2 733 43 735 23 737 50 
0 724 19 729 48 741 23 733 14 747 10 737 34 727 30 744 13 743 33 716 31 734 48 721 16 712 21 717 50 732 44 725 46 718 20 723 35 746 32 722 39 742 48 713 4 730 28 
0 714 47 745 34 721 41 741 49 743 8 731 42 729 29 718 9 734 35 722 41 709 21 726 20 724 40 711 8 739 41 738 1 723 41 725 2 719 2 732 10 
0 733 13 743 6 726 41 748 27 713 39 722 24 744 14 719 24 
0 727 27 
0 727 23 
0 718 27 742 22 717 9 733 49 730 24 714 8 736 15 716 3 725 16 713 50 715 23 740 48 727 3 735 27 745 50 719 11 
0 734 45 720 49 718 47 
0 715 26 723 25 733 8 717 48 720 2 745 49 721 16 735 33 739 25 748 47 746 28 747 35 718 25 726 44 731 9 724 29 725 37 716 7 722 13 743 47 744 15 
0 724 39 746 21 741 32 
0 746 25 741 47 748 4 
0 728 32 719 1 744 32 738 40 737 8 723 32 735 31 746 16 742 37 721 17 730 37 743 33 741 44 725 11 718 32 722 12 745 1 
0 738 33 743 1 739 23 745 17 733 36 741 9 732 2 744 2 735 18 722 21 725 36 
0 736 40 
0 747 10 735 21 746 9 721 10 743 22 728 36 741 11 730 34 722 34 724 42 740 49 738 16 
0 742 32 746 34 747 41 731 49 
0 736 22 739 33 746 10 728 47 730 36 744 24 725 9 727 36 731 46 741 27 734 50 742 43 
0 739 33 726 15 732 47 736 10 729 45 742 50 738 18 724 50 728 26 743 15 741 5 725 4 727 15 745 12 737 34 744 46 731 48 746 15 740 19 748 27 735 7 733 31 
0 726 13 745 46 732 25 728 34 734 42 740 36 737 17 729 32 727 12 743 11 735 45 725 48 747 6 748 31 739 13 742 11 733 48 
0 745 16 728 46 740 50 748 3 734 35 746 31 731 37 738 17 727 4 744 45 742 46 737 8 741 18 
