14 40 5 23 13 32 2 45 15 44 11 9 
23 17 19 42 25 12 21 28 
12 33 
13 35 4 4 11 24 22 12 26 28 23 35 27 34 8 19 
23 41 14 3 17 4 15 44 5 10 20 42 6 12 8 16 21 9 10 7 27 13 
23 34 21 22 10 35 12 6 18 9 
25 18 18 44 7 5 14 41 13 27 
25 26 9 26 18 49 14 21 11 44 27 9 20 1 
16 49 15 45 20 10 17 46 25 43 22 17 18 26 9 24 10 20 26 14 24 43 23 12 
15 39 27 23 18 32 16 41 10 3 21 28 20 12 19 24 13 33 23 18 24 44 25 36 28 4 
20 10 13 14 28 21 12 16 27 18 15 35 21 24 
22 6 28 33 27 44 20 12 12 12 26 25 19 35 
15 47 13 44 25 17 24 10 16 35 14 9 19 49 26 44 21 17 
23 34 25 26 15 17 14 3 26 2 21 50 
24 12 
18 48 16 6 20 21 28 46 23 14 26 47 22 47 24 8 17 26 19 26 
18 17 21 31 30 31 24 28 35 7 22 12 29 36 17 2 
28 25 31 46 19 22 30 49 18 32 29 15 
29 32 20 39 
22 28 27 44 26 50 
26 35 35 39 30 10 25 50 21 21 33 19 29 20 
28 44 
27 2 
31 42 28 7 
30 50 26 27 34 43 33 33 31 48 
30 19 29 7 32 10 31 1 
32 7 28 49 27 38 36 38 34 25 33 45 29 20 35 24 
30 36 
34 24 35 13 
39 32 31 6 43 20 37 33 42 47 41 36 45 21 35 1 47 7 32 27 33 31 
36 29 32 4 35 47 46 42 44 17 42 11 34 27 
37 23 46 6 33 19 44 10 49 9 
49 35 47 23 33 1 
44 4 47 9 38 5 41 17 49 48 35 32 36 24 48 13 43 28 46 1 34 22 37 43 
42 6 47 13 40 44 37 45 49 7 39 49 44 11 45 39 35 46 46 17 43 12 
46 32 42 34 40 37 41 3 37 43 48 9 44 1 36 24 38 25 43 40 
47 22 38 13 42 37 44 50 37 7 39 24 41 39 49 28 45 30 48 6 40 7 43 37 46 28 
56 20 47 46 50 5 51 29 41 8 59 49 
44 30 52 12 55 49 41 2 
55 25 56 15 
55 44 57 38 56 14 48 49 42 20 58 42 50 31 47 43 52 21 
42 7 59 49 56 47 53 22 49 28 50 21 45 28 43 33 54 34 
47 13 51 16 
56 38 46 33 53 31 52 24 48 34 
49 33 50 22 47 38 46 22 53 16 59 19 58 18 
54 12 46 17 50 1 47 29 
57 12 59 12 54 8 58 32 49 35 50 7 
56 43 50 41 58 25 51 6 48 16 54 6 57 14 52 1 
54 14 55 16 59 28 52 12 58 27 57 12 
53 18 58 35 55 44 
60 49 67 19 54 6 68 40 55 44 51 49 59 4 69 2 65 23 73 24 72 20 
65 6 54 7 58 33 59 6 53 45 62 5 74 50 64 21 63 43 52 3 56 31 60 30 70 43 75 46 61 11 
74 33 75 9 
60 1 72 15 59 28 76 10 62 6 54 12 73 42 64 23 70 41 66 43 55 16 71 42 
64 12 66 28 60 43 63 3 
69 22 73 38 72 34 66 35 68 25 71 19 58 24 65 6 74 45 56 4 75 6 67 33 63 20 
67 44 65 34 74 46 60 3 68 40 
64 9 59 20 61 40 66 44 62 7 73 38 69 14 
59 24 60 24 67 31 66 20 
67 18 64 26 69 13 72 29 66 45 75 6 73 49 70 33 62 47 
79 43 88 11 65 25 63 23 90 3 70 13 89 23 80 40 84 23 81 8 74 21 64 20 71 32 
71 22 75 7 77 16 82 42 89 27 65 47 62 17 69 29 83 1 90 22 70 15 64 26 
63 37 66 18 77 8 70 25 71 6 73 17 
65 19 73 27 67 38 88 50 89 2 71 2 80 49 
66 24 67 2 75 30 78 21 85 34 76 29 72 40 91 2 84 16 70 10 65 42 74 43 81 9 
67 26 76 48 81 48 82 35 72 32 78 4 69 6 79 20 87 48 68 29 74 31 75 48 77 45 85 43 
69 29 68 34 
80 13 83 48 69 12 87 28 75 11 68 50 82 28 91 42 
78 31 82 18 90 1 88 5 75 5 72 19 80 6 85 2 71 9 79 31 
88 32 82 31 72 4 87 17 
91 34 73 32 88 18 72 36 82 44 71 14 78 42 74 2 
85 30 79 22 74 41 80 13 72 4 77 39 82 43 
76 24 74 44 82 46 
83 41 80 18 82 50 79 43 90 15 85 38 88 6 91 37 74 42 86 23 76 13 84 30 
84 34 75 21 87 50 79 14 88 31 85 40 80 19 82 20 83 22 76 21 89 17 86 13 78 39 90 5 
91 35 79 17 76 10 88 9 86 4 89 3 87 2 
81 24 84 18 83 48 91 17 85 50 87 4 88 3 82 4 86 19 80 36 77 43 89 28 90 41 78 5 
94 12 98 28 
79 32 91 46 93 37 86 41 98 28 92 42 96 18 
94 8 
87 41 92 41 82 4 91 15 
92 14 
95 26 90 39 
98 27 84 30 85 8 88 8 
86 29 89 41 94 19 97 30 91 8 85 4 
90 11 95 39 97 15 88 38 
93 20 89 30 90 39 97 21 88 39 
96 47 91 31 93 30 90 30 88 30 98 32 94 47 
89 21 94 29 98 25 95 45 
97 35 92 13 91 24 90 35 98 16 
93 32 91 27 92 15 98 25 95 16 96 27 
94 35 96 26 92 22 97 47 98 38 
97 32 
96 9 
98 5 
99 44 
97 12 
99 9 
99 36 

