3 45 
53 28 6 21 35 16 40 45 
41 41 31 27 4 45 24 44 33 42 6 1 56 16 32 28 47 15 10 28 36 39 44 33 46 22 3 37 58 14 49 42 29 35 
23 34 51 6 25 28 10 2 7 20 18 5 47 22 58 10 26 18 27 36 31 48 35 47 30 1 8 49 19 37 49 4 14 31 9 14 36 5 46 32 45 26 11 43 43 37 39 49 50 12 5 34 
19 22 43 49 57 32 15 8 14 24 13 19 24 17 51 37 21 43 22 36 55 24 
36 16 11 10 35 9 28 4 13 17 24 50 25 20 59 3 6 36 14 7 48 5 30 44 51 3 26 33 43 7 29 46 50 5 18 4 27 38 10 18 9 5 22 45 
35 33 11 7 
27 11 21 49 15 4 30 43 
10 44 30 12 25 7 55 8 15 48 37 8 28 39 36 16 13 37 11 14 43 23 19 29 20 34 9 4 12 39 
31 41 13 10 58 49 12 7 41 50 42 39 11 24 52 19 40 30 45 46 18 9 49 33 17 23 44 13 39 6 14 33 
21 31 11 12 56 21 54 3 14 42 57 26 30 49 55 39 37 26 31 50 48 12 45 38 19 20 
21 3 31 35 25 24 40 20 20 1 46 40 17 44 48 50 53 9 58 5 49 48 28 39 22 21 26 39 47 14 34 2 59 49 30 31 
31 32 44 29 32 50 43 36 41 8 13 36 38 5 37 27 14 12 17 44 36 2 26 17 40 26 47 46 48 10 56 19 28 21 42 48 50 3 54 8 55 40 52 18 58 22 16 22 25 32 
50 22 49 49 17 11 53 5 28 37 45 22 36 50 37 16 31 35 46 9 21 44 14 4 23 14 33 5 55 21 30 30 
36 36 57 28 54 14 28 25 50 50 31 27 33 27 46 7 43 12 21 37 19 47 53 4 23 49 42 36 29 1 39 9 30 10 51 15 45 1 18 47 44 8 47 27 
22 6 50 8 49 50 40 34 36 40 
17 19 54 21 25 21 27 28 37 2 55 29 51 15 52 5 39 33 46 33 48 17 26 6 40 30 18 32 38 33 29 12 43 43 30 42 21 14 35 36 49 29 36 35 47 35 
37 11 18 22 54 6 22 42 46 4 51 21 35 29 56 23 45 7 19 17 48 29 50 14 44 47 33 41 53 19 24 38 55 13 59 6 40 3 57 33 23 34 41 21 
26 1 25 18 30 41 39 49 49 49 50 31 
56 28 49 4 51 33 45 19 59 41 43 20 33 27 39 16 55 44 35 48 42 22 40 22 52 21 50 34 41 29 54 40 27 33 
36 23 25 1 53 30 50 32 58 35 30 36 31 21 47 29 34 18 49 14 55 49 54 6 27 21 45 33 22 5 40 24 28 14 37 6 51 49 21 11 24 30 39 22 
57 3 26 11 55 31 40 6 53 2 49 27 23 4 58 4 31 41 42 10 48 7 54 32 39 11 29 3 37 31 46 29 27 34 
28 23 36 12 57 38 59 31 51 27 40 13 56 22 
59 3 45 27 56 19 26 10 
30 40 43 33 44 33 38 50 29 32 26 17 57 8 50 31 59 37 55 31 56 15 34 28 42 39 37 1 47 45 
45 27 26 44 42 18 38 28 39 41 41 1 37 33 28 40 50 29 47 5 56 21 58 18 34 5 32 41 51 19 40 32 
39 25 
34 28 54 46 
57 38 40 3 49 7 52 1 50 19 36 34 41 22 44 24 43 17 53 11 51 2 37 36 38 45 58 23 
51 23 37 10 36 35 47 6 52 47 
47 22 41 16 57 8 49 48 54 6 38 17 59 5 50 25 55 35 
58 47 54 45 38 20 42 39 43 33 50 43 59 11 46 1 45 37 32 49 44 11 40 26 36 27 53 18 47 8 37 42 34 28 35 43 48 30 
46 36 34 16 57 18 39 8 41 22 51 45 38 33 55 21 35 34 47 33 49 42 37 1 
46 6 38 12 52 34 58 39 34 16 45 32 48 41 54 23 44 11 36 44 53 46 40 50 56 39 55 17 35 30 47 3 57 2 
67 48 
63 41 40 41 69 50 37 25 79 6 53 6 62 13 55 18 45 32 49 21 48 38 66 38 74 39 
81 43 
82 31 45 35 64 29 71 29 43 44 68 23 66 4 62 42 78 39 50 41 53 49 67 10 
79 50 64 48 42 22 69 23 73 43 82 33 78 40 48 11 56 14 62 16 66 38 74 28 71 7 81 29 44 50 52 35 51 20 
80 9 62 4 46 4 68 20 50 6 60 11 77 5 81 41 
77 19 
75 47 44 18 
59 3 44 15 74 19 62 30 63 15 64 4 47 22 49 40 66 35 61 14 69 35 55 6 43 46 
60 43 67 27 80 50 48 21 54 47 62 33 44 20 57 36 75 35 82 5 58 22 
80 46 46 16 48 50 70 38 45 8 60 28 59 16 71 1 47 42 53 22 57 33 52 33 49 16 63 3 74 26 67 4 58 4 64 7 
54 11 53 20 60 19 51 18 46 7 61 23 47 1 74 6 55 21 62 8 71 26 57 37 52 15 78 32 80 30 65 49 50 9 76 29 68 8 58 11 77 18 
56 27 60 3 63 31 75 27 72 8 59 39 80 40 82 48 70 19 62 12 73 43 58 33 54 41 47 49 49 30 51 19 52 41 48 8 67 20 69 32 81 1 
67 15 56 30 61 42 74 40 54 20 76 50 78 39 48 12 60 21 80 24 62 23 51 7 65 21 49 3 70 38 
72 17 65 41 59 24 67 9 61 1 73 12 74 10 
55 36 76 37 68 29 
69 49 55 27 78 18 74 27 68 26 57 15 52 40 65 4 53 3 58 32 63 11 54 6 51 33 80 12 
69 12 80 26 55 24 68 18 70 49 56 27 64 26 74 50 81 9 
61 38 77 19 70 31 56 30 67 1 
57 50 66 47 70 46 82 50 69 32 72 49 60 43 79 2 71 18 63 18 74 30 77 44 55 25 56 11 59 12 73 38 58 37 76 6 68 11 80 1 67 5 62 18 
82 2 78 45 61 26 76 45 74 33 70 30 
82 1 63 46 59 29 64 13 80 50 68 5 56 35 70 22 79 26 65 37 60 7 61 28 57 40 73 50 58 28 66 1 71 38 76 17 62 48 81 3 69 29 75 20 
66 27 78 39 59 23 70 24 64 19 76 22 80 19 81 45 79 5 77 3 69 41 62 44 82 27 61 10 75 22 60 24 71 42 67 39 68 17 63 36 65 26 73 34 
81 13 71 50 77 45 82 11 62 15 60 28 65 47 79 43 69 38 80 17 64 18 78 40 59 22 73 22 
73 36 65 27 71 4 60 17 70 26 62 2 61 24 67 35 68 44 64 19 74 23 82 14 79 36 
77 12 61 16 74 17 63 44 75 46 78 34 65 41 70 13 68 34 72 35 73 3 76 33 
69 30 82 14 104 17 94 37 74 17 65 21 98 30 100 14 76 11 79 45 83 34 93 16 88 31 81 17 92 16 64 47 84 18 102 43 62 16 91 7 67 13 85 9 
73 39 89 42 101 13 65 38 91 12 86 19 
68 38 80 11 93 33 89 48 92 31 102 31 91 20 86 48 
67 2 77 6 95 38 85 7 71 1 81 31 66 29 90 9 101 32 75 3 97 40 103 45 
78 19 89 9 100 45 66 19 
102 14 96 16 95 28 
73 8 93 19 87 46 75 12 100 41 72 26 104 20 99 30 102 39 82 6 97 33 94 45 91 41 92 44 86 21 78 2 83 10 69 24 67 3 88 48 
104 27 102 20 
86 3 71 42 69 32 82 43 93 46 
87 47 76 38 78 8 79 29 85 12 82 29 103 31 102 50 83 7 104 27 81 24 84 15 89 11 98 14 71 44 70 27 80 34 
101 15 79 24 87 27 
97 27 84 1 77 41 82 23 92 39 79 32 91 8 95 32 76 46 80 16 93 49 104 26 96 4 85 17 88 9 102 37 74 31 86 27 103 49 73 44 100 18 99 31 
96 48 104 8 76 15 86 25 81 50 87 34 74 21 78 10 75 3 95 46 83 11 84 47 85 43 77 18 80 43 92 39 102 36 
99 8 97 8 91 37 86 29 
83 41 92 47 82 10 102 5 75 15 80 21 86 5 89 7 84 3 88 48 77 7 76 1 93 31 87 21 100 50 98 16 
96 39 100 18 82 18 85 6 87 27 103 15 
77 47 91 42 99 17 93 39 84 41 89 42 96 7 83 23 87 20 101 47 90 29 98 32 92 17 82 28 102 24 
92 16 84 4 83 31 104 17 97 6 78 45 99 24 100 8 91 15 79 50 85 30 
101 4 90 49 94 21 
100 38 93 17 96 47 101 3 80 9 102 13 81 13 85 30 97 32 94 2 95 40 84 11 91 3 98 42 103 17 83 14 
94 40 81 38 88 10 103 5 83 5 104 28 91 18 85 13 
86 15 91 32 85 24 82 1 89 43 96 23 93 37 103 48 100 29 
104 37 94 16 102 3 95 2 83 12 91 41 85 22 88 1 99 50 101 29 100 50 86 22 87 45 98 4 90 50 92 30 89 23 96 11 97 14 
131 24 127 27 125 28 105 14 115 3 128 8 95 35 114 32 
129 32 102 6 113 28 110 25 112 34 130 29 127 14 90 14 123 44 97 20 107 27 108 34 120 28 
109 31 115 39 126 23 106 17 124 14 91 38 100 27 122 10 117 43 92 35 110 37 95 43 119 2 90 29 
99 36 110 31 126 7 122 50 101 42 102 45 103 37 112 21 127 13 124 49 100 5 96 44 107 9 117 37 108 14 98 1 
116 9 103 50 100 14 101 34 128 36 115 29 114 24 125 12 88 41 120 45 117 8 130 40 110 14 93 36 91 9 95 14 105 21 98 29 96 4 129 27 
118 17 107 2 106 41 
95 1 125 6 116 31 97 50 115 35 94 26 106 6 91 37 129 35 111 18 122 36 113 33 130 19 127 21 112 21 119 20 120 30 98 28 123 41 131 4 103 43 100 8 93 23 126 22 90 2 132 27 96 34 
110 45 131 37 120 5 106 43 100 30 122 17 127 24 108 10 115 18 101 50 97 19 128 43 126 13 95 6 113 47 124 1 104 15 91 33 129 35 
121 47 112 14 129 23 97 8 92 28 130 8 131 17 126 5 99 9 113 13 100 44 101 30 123 12 127 5 117 1 111 15 119 33 116 25 104 26 105 45 118 23 106 37 95 19 107 16 120 40 98 2 
94 12 130 18 99 39 113 21 110 19 129 5 115 3 107 10 128 41 122 42 111 8 131 30 118 39 112 7 132 13 96 22 109 50 103 17 114 8 127 29 101 33 93 34 126 27 95 37 
118 26 131 47 
131 6 106 2 108 21 122 43 129 37 109 34 119 5 102 20 97 2 125 24 126 11 114 19 112 46 
121 42 132 4 104 34 107 32 102 21 123 46 125 20 111 27 117 44 114 25 103 48 98 34 118 45 105 46 96 45 112 24 120 42 99 36 
121 14 106 31 102 9 99 2 104 4 112 16 98 24 120 14 105 20 122 18 
118 5 123 31 115 6 102 37 99 19 120 7 121 25 101 14 113 18 114 11 
131 16 113 39 105 20 122 27 103 13 123 7 132 45 
105 38 126 40 100 20 110 10 115 44 116 31 124 24 120 8 112 38 104 23 131 7 111 37 101 7 121 1 
114 22 103 1 129 17 107 37 131 29 120 2 
117 39 124 9 118 9 108 42 109 26 112 28 125 27 127 12 130 14 119 14 126 32 106 47 129 43 
121 49 128 35 132 20 115 48 103 13 107 22 104 36 127 47 122 34 116 46 119 18 129 8 123 33 112 33 114 20 109 4 
118 48 111 49 
106 23 124 2 127 20 114 10 122 33 112 45 107 21 
158 13 
152 47 145 8 144 18 111 21 132 11 150 6 113 28 118 28 133 2 158 30 
135 15 152 45 139 37 144 45 127 44 126 48 119 42 132 6 141 19 155 26 156 36 157 16 140 46 150 19 148 34 124 36 147 41 145 24 112 21 137 8 114 44 130 33 143 41 110 47 
111 17 113 22 143 16 116 49 110 30 148 34 134 48 135 8 
110 1 131 22 121 3 152 6 141 23 123 27 111 6 158 27 134 4 
151 7 149 20 138 19 127 41 112 2 147 21 
147 45 132 22 120 26 124 47 128 29 131 36 135 16 137 5 157 48 126 30 133 22 127 48 114 30 158 11 138 4 116 49 125 23 119 3 122 48 145 16 154 39 148 45 117 45 141 30 123 11 146 15 
136 44 115 29 118 35 156 48 153 14 146 3 125 37 154 16 145 8 130 45 135 45 148 18 142 43 128 1 132 33 116 50 138 28 151 9 157 48 137 18 120 15 158 13 129 37 150 5 119 28 
158 7 142 45 122 45 148 2 145 42 119 36 117 16 151 30 143 13 136 11 137 17 115 20 147 47 141 41 114 30 153 27 123 21 157 24 139 47 126 24 144 9 134 7 131 32 149 40 
115 39 122 21 128 16 149 4 
137 24 136 19 152 20 148 24 157 30 140 37 132 38 130 26 125 20 145 32 128 26 144 50 142 48 127 36 151 28 149 23 126 38 
140 11 121 3 144 2 150 31 117 47 125 30 126 3 153 7 
121 5 127 13 124 6 132 2 157 13 142 47 153 28 123 19 128 48 149 25 146 27 145 27 133 47 125 12 151 10 141 26 138 36 152 37 150 30 118 35 131 46 130 30 
134 27 121 18 123 8 133 37 148 15 127 39 150 25 152 25 129 13 155 20 145 7 143 31 120 11 153 49 142 23 154 32 156 33 144 12 131 45 135 18 157 47 
127 19 155 4 150 19 134 35 133 5 156 19 132 10 141 6 135 19 121 24 142 34 143 10 157 28 151 11 136 14 138 9 129 25 122 22 123 34 154 42 120 12 139 43 
143 3 123 22 133 38 147 41 134 29 145 33 126 23 127 35 132 49 150 10 130 3 148 18 137 18 124 27 152 45 135 6 149 34 144 28 129 22 
151 49 149 13 148 22 
144 42 127 22 131 17 152 43 150 1 156 39 147 26 138 31 135 27 133 49 129 14 
146 26 132 34 153 27 154 49 143 2 142 5 134 9 158 35 152 13 151 5 133 45 126 33 141 23 
125 38 137 35 147 35 132 4 131 47 143 11 155 42 154 35 128 42 152 8 146 14 150 43 153 50 135 9 156 43 
141 14 133 50 143 46 126 41 150 27 140 21 138 4 152 24 130 41 151 24 139 27 154 17 129 5 137 44 156 15 132 5 135 1 128 38 142 1 146 13 131 43 145 31 153 30 134 37 
139 13 128 39 156 27 130 47 137 21 133 40 
143 18 130 45 128 17 152 26 133 18 138 20 135 9 148 17 140 17 144 9 157 28 146 44 155 19 
143 31 151 10 145 32 140 1 130 40 150 20 157 31 147 48 153 9 149 6 136 22 132 38 137 36 133 6 155 19 134 21 138 44 141 3 142 45 156 13 131 38 148 3 
149 29 145 21 140 24 132 29 130 43 139 13 138 26 156 3 146 9 134 10 157 48 131 3 142 31 
141 30 137 44 148 38 134 34 131 6 153 18 156 46 138 34 147 50 145 16 142 20 143 30 
132 33 153 31 146 40 134 33 138 1 155 23 149 18 148 49 141 26 147 40 140 42 142 24 135 13 150 14 143 50 136 48 157 33 144 9 139 29 156 32 158 8 151 31 152 49 
133 32 142 40 134 13 140 17 135 4 152 40 151 47 157 30 139 38 150 42 141 23 149 6 137 45 138 27 144 12 
141 29 137 41 183 29 164 4 160 10 
176 20 162 35 136 22 151 38 160 24 144 13 172 41 159 14 142 6 166 45 158 33 155 9 173 12 165 11 154 32 170 32 143 25 180 32 181 28 186 7 185 32 177 49 161 4 
179 1 153 19 181 41 163 40 145 20 157 18 139 33 170 49 137 47 184 11 148 50 176 12 149 47 164 24 147 37 138 3 
167 43 145 12 168 13 169 30 186 16 138 49 179 50 139 3 141 41 181 36 176 7 147 42 161 46 150 5 174 24 152 22 172 48 140 17 184 19 156 48 149 20 154 14 158 6 163 9 157 38 
167 33 179 1 161 16 182 46 165 18 174 20 177 20 155 34 172 15 186 26 140 22 141 32 173 13 156 49 160 31 183 48 185 15 148 15 
184 34 186 17 178 26 181 20 157 29 174 31 152 25 165 29 143 30 158 35 153 41 179 7 185 7 146 7 182 7 183 39 163 49 164 40 147 23 169 39 171 47 150 32 180 22 173 28 156 47 172 50 168 21 
146 17 185 28 180 2 151 48 142 35 166 16 172 50 167 7 175 34 176 4 169 27 148 39 171 30 143 12 165 11 150 20 168 42 162 43 155 20 181 35 149 31 154 13 178 23 160 1 153 16 163 36 152 21 177 38 
183 32 156 3 155 22 171 45 151 26 149 43 145 24 146 20 161 28 169 2 142 4 181 42 177 4 166 40 144 20 172 4 150 16 175 33 165 42 170 19 141 16 143 33 162 12 
146 4 145 40 184 41 147 9 
185 12 
151 30 166 50 155 39 175 12 181 6 149 29 180 25 150 42 161 28 173 4 184 46 156 25 165 39 178 40 163 21 164 13 144 50 159 35 
166 14 160 10 156 44 177 48 174 29 145 19 164 41 183 18 168 19 172 46 180 27 167 2 154 13 186 1 159 10 151 13 149 26 184 27 153 50 152 13 162 15 182 30 170 21 
148 8 147 36 185 6 155 33 168 14 154 37 
150 24 172 24 174 9 167 42 157 37 152 42 178 19 155 42 179 23 
186 11 155 1 150 20 161 12 148 36 167 40 179 9 184 38 164 35 176 24 169 41 171 6 177 43 
174 17 181 11 175 36 151 29 167 10 
153 45 160 10 
160 25 175 15 177 24 164 34 174 9 158 17 168 32 183 37 151 13 169 29 186 11 178 4 154 1 156 14 152 38 170 32 182 10 172 33 165 9 155 29 161 29 159 9 167 21 184 10 166 39 
153 37 164 36 186 5 171 23 152 15 
164 47 168 5 157 22 154 17 167 28 158 13 172 21 184 43 186 46 162 43 180 49 185 21 169 3 173 34 177 47 153 9 181 11 174 24 161 49 176 42 165 38 171 9 183 19 182 29 155 27 170 5 159 5 178 4 
161 21 157 37 168 48 186 16 177 35 
169 39 181 1 185 50 157 8 164 25 165 3 168 41 
171 44 158 49 185 45 175 1 170 12 
181 28 185 39 158 25 173 12 163 19 169 5 172 15 177 45 183 41 165 34 176 45 180 28 178 30 186 28 179 8 161 44 167 12 184 38 182 48 166 18 
175 50 176 8 160 8 168 6 158 27 177 7 159 45 185 32 162 18 167 41 180 10 179 6 184 49 163 1 
162 19 175 46 186 46 171 6 184 40 176 42 164 38 163 16 185 35 170 35 160 3 173 27 161 21 181 21 
191 39 162 39 193 36 167 22 177 33 160 1 163 22 189 35 187 10 181 13 
188 17 203 39 194 9 198 44 179 19 
189 9 203 35 202 17 197 4 176 6 195 14 
187 42 191 49 171 40 177 22 173 2 170 19 179 16 201 22 169 48 180 21 185 13 203 49 164 19 193 34 189 25 166 30 
183 3 177 2 164 37 191 31 185 9 187 9 201 12 195 14 189 3 169 10 190 13 165 47 167 27 175 50 197 39 203 48 
181 31 174 24 178 28 173 36 196 36 197 31 
176 40 183 43 168 44 181 3 188 35 169 22 170 7 172 5 191 30 
192 3 167 23 190 9 
197 12 191 13 202 10 193 3 176 22 172 15 200 49 199 33 204 8 180 39 168 24 186 49 170 29 183 2 182 41 194 47 205 30 
194 6 179 9 180 35 198 29 174 30 188 30 190 32 182 5 184 3 193 41 195 33 199 38 191 43 187 22 186 15 
177 49 204 16 205 13 194 21 173 44 174 35 189 41 187 2 184 24 180 16 193 12 190 35 170 21 182 32 191 40 195 27 192 20 
172 45 176 13 203 42 
180 34 202 11 191 11 197 13 195 10 188 40 186 15 187 44 175 18 189 28 174 5 201 30 203 11 200 4 
203 37 190 37 177 42 
202 3 203 44 192 33 197 21 196 26 
189 13 190 30 175 7 199 17 197 25 204 23 186 3 178 48 205 5 203 25 
200 21 192 27 199 47 189 2 
193 22 181 36 178 33 201 37 188 11 202 48 196 32 192 24 
184 11 192 32 194 35 182 2 179 47 204 33 198 9 197 17 187 50 202 32 195 38 196 18 
187 38 182 20 183 41 205 22 186 12 200 39 195 49 192 10 197 16 180 3 204 4 
189 11 183 41 203 41 198 44 196 28 193 47 
193 8 203 26 201 47 200 30 197 44 202 48 184 45 182 12 194 31 204 14 188 19 192 4 198 36 190 20 186 14 189 33 191 25 205 7 185 24 
189 6 197 3 205 50 200 21 187 16 193 39 
197 8 199 13 198 7 203 15 186 44 189 48 204 48 184 23 190 38 200 24 196 39 191 36 
197 25 187 3 195 4 202 11 185 24 200 47 203 43 205 47 186 46 198 8 189 46 188 1 191 34 201 3 193 32 184 24 
191 49 202 15 196 14 192 42 189 44 204 5 185 37 188 33 205 34 198 38 186 11 203 24 201 6 187 22 
201 15 188 30 194 41 191 16 198 9 203 2 192 28 199 21 189 34 193 2 197 8 200 35 195 22 
203 4 190 14 189 31 205 3 194 23 196 36 193 37 199 30 202 31 192 38 191 9 201 36 200 48 198 48 195 36 197 28 188 43 204 29 187 8 
215 45 228 27 211 41 
227 13 211 35 210 44 213 30 196 20 205 32 206 28 230 12 226 47 215 35 190 29 218 4 219 23 225 38 203 7 195 28 200 18 192 30 228 13 202 42 197 10 207 16 221 2 214 24 
218 38 215 29 202 31 194 42 220 1 205 39 211 26 196 12 192 33 228 27 213 15 219 43 230 20 216 32 199 12 214 32 212 44 191 45 209 35 221 5 197 45 203 46 210 14 227 33 195 9 231 37 
196 3 216 22 193 38 205 44 197 8 227 36 199 47 215 47 217 27 208 5 230 1 195 23 225 41 226 18 200 17 192 42 220 15 213 50 222 36 218 41 223 23 198 27 229 17 211 32 219 20 207 33 231 30 
201 44 206 32 198 42 205 36 229 31 211 15 226 11 207 19 210 30 192 39 220 25 203 50 
204 32 195 18 225 4 211 27 228 45 
220 5 213 36 196 27 210 13 221 22 209 20 204 44 217 36 
197 45 212 28 199 11 200 50 224 18 220 16 201 26 222 24 213 40 218 41 230 30 210 17 227 13 195 5 228 33 217 1 214 5 
201 2 225 4 219 12 215 41 231 45 208 24 211 14 221 39 223 15 230 3 232 4 226 5 218 14 229 20 206 50 207 18 197 41 204 27 217 31 210 44 199 36 214 39 
220 24 231 40 201 30 211 32 224 36 199 2 216 17 206 50 209 16 229 26 230 12 207 35 198 40 202 47 
211 7 205 38 229 17 206 19 210 42 208 20 232 37 221 1 202 46 228 7 222 2 213 4 214 3 
226 11 213 10 204 28 209 42 199 29 218 19 210 17 219 36 208 35 
212 50 218 47 222 44 215 30 219 32 204 7 201 19 200 48 203 47 209 28 207 48 214 24 211 4 228 4 220 6 217 8 210 43 202 15 231 11 225 4 224 22 230 21 213 38 216 46 223 45 232 24 
230 15 206 12 219 16 207 44 215 11 227 29 231 20 229 34 204 33 201 25 222 9 218 1 213 30 205 49 214 17 228 32 217 32 225 27 223 48 211 30 210 25 221 1 208 39 224 31 216 34 
227 18 208 4 216 26 218 21 206 16 229 17 
215 20 226 45 210 43 231 46 206 27 229 44 207 37 
215 23 219 19 218 16 232 20 207 24 204 46 216 1 220 33 213 32 224 41 222 4 
228 41 206 1 221 30 230 4 231 43 213 38 207 15 226 17 223 44 217 30 210 8 
210 14 217 35 224 31 215 1 218 15 212 31 226 26 220 42 223 26 231 23 228 16 213 23 232 28 211 39 214 40 216 4 227 33 229 15 222 25 
217 1 231 9 216 24 245 42 213 21 226 25 223 14 208 6 214 34 
241 10 252 32 233 50 245 14 227 24 214 9 246 34 229 44 
243 35 214 37 228 30 211 27 241 34 224 48 216 43 247 31 232 21 235 37 230 33 236 47 239 35 249 28 251 27 225 42 244 21 
234 15 250 39 226 36 229 21 239 15 244 47 240 22 221 19 247 41 217 21 231 29 251 1 211 20 225 28 
230 16 249 4 211 9 241 23 251 12 219 38 252 12 218 47 212 4 248 18 222 38 227 49 226 28 245 45 246 30 214 6 217 48 236 14 243 1 235 35 
250 4 239 15 230 2 217 39 232 43 
233 39 238 32 222 20 219 24 240 5 245 45 216 37 235 45 230 30 221 2 229 32 
228 19 
234 7 225 30 245 22 
232 5 
218 42 237 23 250 36 223 42 240 33 248 43 246 16 230 21 227 16 225 28 
221 36 
231 50 238 20 227 41 233 9 222 27 252 47 250 19 235 25 228 34 237 34 236 3 251 19 232 11 229 4 
234 1 224 3 223 14 231 34 220 42 248 33 250 33 251 6 245 1 
246 5 223 36 234 7 236 3 243 12 227 25 229 21 240 40 250 40 238 36 228 13 239 6 242 6 244 41 222 28 232 50 247 20 
241 44 246 7 227 46 234 15 225 48 243 18 230 42 251 49 247 8 233 7 
240 37 249 50 227 23 228 32 243 47 224 2 235 19 233 22 223 32 241 33 242 20 237 41 230 14 229 5 236 33 226 13 250 41 232 39 
246 41 235 14 241 39 228 22 224 26 245 13 
252 3 235 13 242 22 244 34 247 38 233 14 241 35 225 23 230 15 234 15 245 12 237 50 231 47 226 5 249 30 232 49 
231 14 232 15 235 4 236 11 229 34 238 32 237 35 230 30 233 26 252 29 244 28 251 21 249 44 228 15 242 20 227 49 245 9 243 46 247 22 250 12 
234 5 232 17 231 49 229 1 239 29 230 42 236 19 240 32 251 24 237 18 244 19 
241 24 249 45 230 48 240 15 248 41 233 48 246 11 236 50 238 2 242 6 251 50 244 26 234 10 247 35 243 31 229 11 
251 11 250 21 243 8 239 20 232 14 241 22 249 41 235 6 237 15 245 23 244 38 231 4 233 14 252 22 238 44 240 15 229 35 236 40 
241 8 248 22 250 49 238 31 235 41 
237 4 244 9 233 21 232 22 
251 37 242 33 240 22 250 33 241 6 239 38 234 1 238 38 233 21 248 12 246 47 245 8 252 5 249 31 
239 15 247 44 245 17 236 4 
236 41 243 25 249 47 255 21 272 27 245 18 271 33 269 31 234 18 238 19 260 32 266 29 278 7 262 10 253 21 273 28 
256 1 263 26 265 7 250 38 238 33 260 3 247 44 246 41 262 16 243 35 261 31 235 27 245 48 271 47 255 25 239 10 264 28 241 21 258 46 267 28 244 16 266 39 254 21 249 17 242 19 273 39 277 20 
241 6 243 25 277 16 
277 13 255 40 279 31 260 19 247 50 266 49 271 21 241 42 245 31 246 28 273 20 264 34 267 3 276 33 250 49 274 8 251 34 249 6 262 27 272 37 275 20 265 10 256 25 
267 23 273 27 238 26 259 7 257 33 252 41 240 19 277 41 268 35 245 4 255 34 253 30 242 26 264 25 265 1 
259 34 271 34 250 37 247 45 268 12 263 38 245 47 239 28 274 1 260 2 270 25 254 47 276 41 267 2 246 37 266 37 255 10 258 30 243 19 261 29 
242 42 265 47 240 26 258 2 255 8 254 20 241 41 279 21 276 39 274 44 249 10 275 39 260 45 250 39 261 25 262 15 267 45 268 34 263 21 245 12 271 7 244 1 243 43 
262 25 
243 1 260 11 273 45 244 40 247 40 279 34 242 5 251 13 269 41 257 22 259 22 256 48 258 1 261 43 278 49 263 6 262 49 264 28 252 30 272 30 245 34 276 31 255 13 267 25 270 29 246 17 254 30 
260 9 247 38 251 29 243 22 268 11 271 23 255 7 263 34 274 43 275 14 261 42 267 29 256 29 245 43 273 31 266 18 276 6 262 7 
263 19 
247 46 245 17 264 23 250 24 258 16 246 46 255 11 249 35 259 17 278 40 260 47 
272 24 252 38 258 18 248 41 273 14 276 48 269 50 257 7 278 45 261 48 270 38 271 27 265 4 251 14 277 37 264 7 274 46 249 2 268 30 267 8 266 27 256 39 259 20 247 46 275 45 262 40 246 3 
251 43 270 15 267 8 249 40 264 35 279 48 255 5 271 15 248 7 250 20 260 3 256 27 247 12 259 49 258 5 261 26 268 37 272 31 253 38 265 18 274 20 266 2 276 18 269 10 252 39 262 43 275 17 
271 4 267 28 251 14 275 19 278 40 277 9 276 7 273 2 270 5 256 8 253 33 257 47 262 28 254 31 261 1 249 10 274 2 264 1 248 25 265 16 258 25 269 7 259 41 272 37 268 41 255 5 263 10 
262 43 270 40 272 36 263 26 
251 27 274 38 266 4 277 9 273 9 276 35 279 18 250 16 278 37 271 2 269 9 270 21 
268 46 265 42 258 36 279 42 278 6 266 27 
270 14 278 48 265 35 261 40 268 43 266 16 275 36 259 46 273 37 254 1 
267 45 268 21 254 28 278 27 270 7 
273 41 264 38 259 35 267 11 283 33 289 37 263 35 284 48 
270 50 
274 44 258 17 283 20 272 20 297 14 256 7 279 37 281 30 280 26 257 22 275 31 269 17 268 39 294 9 
279 3 292 21 283 27 278 26 276 41 269 9 
297 5 285 2 269 19 271 41 266 33 272 15 277 5 
289 35 276 41 279 1 266 48 290 15 262 19 
280 15 286 17 265 40 267 12 290 40 269 50 275 28 279 43 268 41 261 17 262 44 291 21 296 23 288 27 283 36 287 3 289 18 277 43 
270 5 279 16 296 49 274 16 284 12 294 11 261 10 285 18 292 44 297 5 290 46 264 50 288 24 291 14 272 40 286 38 289 29 276 12 
288 46 289 2 272 12 280 1 275 42 281 23 270 5 290 24 277 6 297 12 294 3 266 28 273 6 265 43 
289 50 297 41 284 50 275 15 283 45 267 7 263 28 293 2 272 46 285 44 264 21 273 15 
269 22 270 48 288 27 265 2 278 1 271 27 
290 16 269 10 270 31 271 30 268 26 
291 22 266 10 276 46 282 12 280 10 288 15 292 50 281 21 273 48 285 9 267 25 
268 2 277 13 279 30 294 38 271 4 291 31 282 12 278 7 275 30 
288 31 270 40 283 4 281 20 271 15 291 6 290 45 289 17 272 13 269 31 292 30 284 4 296 37 285 30 279 23 280 46 
292 2 278 21 
290 46 
273 8 277 28 271 15 294 1 296 31 292 43 288 38 272 18 295 46 290 43 297 2 279 6 282 12 293 19 291 41 
287 6 284 3 275 33 
287 38 288 20 283 8 280 12 289 2 286 45 297 19 291 11 294 37 292 17 295 22 277 25 273 7 296 15 284 7 274 14 293 7 281 37 
292 10 277 15 293 4 279 41 
291 35 296 44 280 20 289 6 284 41 276 8 283 38 294 38 286 46 295 34 288 10 287 24 278 36 285 19 282 13 
286 5 293 42 295 15 284 24 281 18 289 7 279 6 291 45 278 23 283 28 287 10 282 3 
283 25 297 16 284 30 295 44 282 40 289 29 
282 34 294 32 291 5 286 47 290 20 289 14 
294 17 292 49 293 2 283 35 286 36 287 19 296 19 291 5 288 37 285 41 279 45 282 14 295 33 289 1 281 47 
296 50 286 11 282 41 281 45 290 20 295 1 287 47 297 25 294 12 293 13 283 26 289 28 280 42 
311 44 281 48 
302 22 311 38 294 24 289 42 296 8 293 33 290 2 283 10 305 14 295 32 299 19 286 6 
306 37 284 7 290 2 307 43 303 45 310 34 294 42 300 10 291 41 295 38 
307 3 287 16 295 12 303 9 300 8 289 28 299 1 294 12 286 18 311 11 298 35 288 44 
303 7 301 37 304 11 288 7 310 43 289 21 294 16 290 18 
299 12 309 45 305 20 
297 16 305 2 302 23 291 47 287 1 288 42 293 20 312 6 298 13 307 37 308 23 294 11 
306 32 293 17 292 46 309 35 297 29 298 28 290 39 302 38 312 6 300 2 288 7 311 44 303 17 
313 29 297 36 
311 4 292 39 310 44 301 1 313 35 300 17 294 27 
304 28 310 18 
305 13 295 36 301 50 308 13 302 8 312 46 
293 3 305 4 311 20 295 11 312 8 296 25 300 42 306 19 302 4 310 48 
307 5 308 27 296 27 310 40 312 48 313 44 299 27 305 19 295 1 294 16 
306 48 
313 47 311 37 301 37 296 6 312 21 299 29 298 38 308 5 310 39 309 8 300 9 307 30 306 35 305 8 297 12 
307 19 298 44 306 25 310 7 
298 9 305 26 308 9 307 41 304 23 306 20 302 12 301 8 303 39 300 7 309 18 311 2 312 38 310 6 299 37 313 48 
321 39 317 29 329 30 316 30 312 18 338 19 332 4 320 15 324 20 313 33 309 41 323 33 326 4 300 26 328 20 310 49 334 41 322 3 
314 24 302 49 316 9 306 25 325 1 
328 43 337 46 315 42 309 5 325 26 332 34 316 24 
312 48 323 8 325 47 303 40 307 11 309 27 332 38 321 40 331 9 310 8 306 36 338 4 328 27 313 25 333 20 330 48 337 12 335 43 304 18 
315 7 324 40 316 17 314 46 328 11 306 22 322 49 337 26 338 46 327 40 321 40 320 7 305 47 332 47 303 25 309 50 334 13 308 11 326 43 319 49 325 50 335 23 
312 13 311 19 319 9 321 48 334 45 309 23 305 24 
320 16 317 12 329 7 324 33 311 26 333 16 334 26 336 14 
338 17 332 12 333 22 327 8 323 41 317 15 336 32 326 33 318 15 
321 31 307 28 314 41 331 35 338 11 328 20 
325 47 331 7 308 27 321 33 330 16 311 20 323 4 328 20 318 18 315 44 335 47 313 18 324 1 
313 12 331 8 326 24 330 38 337 39 327 35 320 4 322 23 309 16 314 19 312 1 335 47 315 27 325 29 329 40 334 10 
324 1 331 17 334 26 
332 37 338 49 315 28 
338 46 321 28 329 28 318 43 322 13 334 24 316 29 323 38 327 4 319 17 330 33 335 1 336 22 317 1 325 22 326 36 
325 46 324 3 321 30 315 11 330 21 338 1 318 23 335 20 327 24 319 44 333 15 317 12 314 28 328 25 322 41 326 1 323 2 313 20 332 47 337 9 316 30 334 5 336 20 
330 19 314 9 321 3 336 19 331 38 335 7 322 44 320 5 337 3 316 9 318 26 
355 28 341 45 353 24 317 1 324 7 327 1 329 9 347 2 328 43 342 36 321 38 356 17 337 32 333 47 332 35 320 26 349 21 343 33 351 42 331 32 362 50 334 13 315 5 358 42 
343 21 331 50 345 20 332 13 347 33 323 19 321 18 357 46 353 9 346 22 326 37 319 15 336 49 359 19 358 32 344 26 
358 8 340 13 321 13 350 16 347 40 353 26 332 40 338 30 361 28 346 5 328 20 354 22 
322 7 335 35 344 47 332 2 331 15 318 40 339 21 
360 46 361 25 330 34 350 14 356 5 343 9 326 11 336 16 354 42 352 50 329 22 344 9 339 47 349 45 331 26 351 7 353 5 337 30 362 5 347 1 348 36 334 45 332 28 
331 22 355 9 337 41 327 35 
340 8 322 14 338 28 
356 34 340 35 350 8 326 38 361 8 335 22 328 26 345 34 346 35 
357 21 323 22 340 28 361 43 331 46 337 5 354 32 356 39 346 13 329 29 350 23 326 23 339 5 351 35 
324 12 353 1 330 44 327 7 328 9 356 10 358 50 361 31 340 35 332 40 337 26 357 20 354 17 359 8 335 41 348 33 351 39 352 46 
353 43 350 1 329 49 345 12 354 50 346 1 331 2 352 7 339 24 359 4 347 36 328 26 342 19 349 14 325 38 338 48 360 25 357 9 344 29 356 22 337 9 
351 46 339 20 344 41 354 12 334 34 342 45 333 29 
355 28 337 10 328 44 358 37 357 49 354 31 327 3 344 48 359 23 333 4 332 18 342 38 361 21 331 14 330 3 352 3 
361 12 343 38 346 27 337 46 332 39 344 3 336 7 
349 24 331 2 359 3 350 43 358 13 361 25 332 5 342 36 360 41 336 37 340 34 362 17 334 18 348 34 347 14 330 40 344 39 343 16 329 33 345 35 356 50 
358 33 361 45 
358 35 345 6 337 22 331 40 346 22 343 30 359 10 354 31 357 45 341 26 350 46 353 29 336 19 335 30 
339 15 332 21 352 4 338 32 349 25 354 38 345 9 346 43 
358 9 349 14 336 22 334 30 
350 50 357 43 356 17 349 22 335 29 359 40 353 49 334 25 343 48 362 49 361 25 340 8 337 38 347 34 354 33 346 28 344 21 341 40 345 20 351 41 352 28 336 26 
348 33 351 41 336 19 344 2 356 47 354 34 340 41 355 31 342 4 
360 22 344 14 354 9 353 45 338 38 357 20 343 23 339 41 362 21 361 39 349 27 359 9 345 1 342 24 346 15 337 34 336 29 347 16 340 8 348 32 351 3 355 21 358 38 
361 5 353 3 342 7 356 7 
341 31 355 6 350 40 339 45 349 38 348 7 353 3 352 1 338 23 
350 42 341 6 358 12 342 50 362 19 339 24 340 40 346 27 343 28 352 28 348 17 355 15 349 25 353 18 356 19 
391 1 375 46 360 1 371 8 394 17 381 22 362 38 379 36 378 29 395 8 341 27 387 34 384 21 358 49 343 9 397 42 380 34 376 50 392 46 385 19 364 27 
380 14 351 8 
345 10 393 26 360 7 377 14 356 23 396 24 370 17 385 2 359 3 347 32 395 33 343 29 372 42 369 33 390 29 344 13 362 22 361 38 371 21 357 18 353 47 378 9 379 24 380 25 391 11 386 36 358 31 387 37 
370 2 387 46 395 42 398 10 385 16 371 12 347 21 388 14 357 6 389 19 394 48 351 36 367 16 376 36 372 39 391 23 390 47 373 7 393 5 349 3 355 3 382 26 350 14 380 23 352 6 365 12 364 41 377 29 381 36 356 32 
351 40 390 47 360 24 357 24 358 35 381 1 348 10 386 15 366 25 361 26 378 48 359 46 354 26 349 8 367 12 394 33 356 22 362 6 346 18 383 18 365 39 352 5 375 30 373 4 350 42 397 44 396 21 355 30 389 32 388 3 380 12 345 44 371 13 370 50 369 14 387 20 
382 27 356 50 363 21 385 45 366 22 386 5 373 44 361 45 387 6 381 26 389 18 371 46 375 9 359 20 353 43 369 11 397 38 383 32 352 2 398 40 377 34 
367 14 388 25 394 48 375 34 354 30 385 44 384 37 348 15 
389 4 391 25 395 36 386 17 370 18 388 36 371 11 385 6 351 48 398 28 361 30 350 25 397 17 359 19 372 41 368 26 367 42 390 35 374 34 352 41 376 3 379 47 383 36 362 12 382 37 364 45 358 20 
384 45 398 41 369 34 397 27 374 25 359 19 375 16 376 37 377 47 382 29 367 38 351 21 385 18 349 16 368 19 365 41 393 3 362 34 360 11 350 29 352 46 395 1 372 41 
365 44 363 49 364 34 366 15 349 9 383 2 397 4 382 33 390 45 
377 31 351 23 354 21 357 11 388 19 396 50 363 30 395 18 397 31 379 8 360 25 390 48 380 44 356 18 366 36 375 40 362 4 398 32 389 9 391 29 369 7 371 14 385 41 367 40 355 20 394 42 368 36 372 24 382 25 365 18 392 5 
396 47 355 44 385 3 374 21 360 16 383 32 352 15 359 32 380 43 395 5 366 19 370 49 376 21 389 3 351 49 353 3 375 8 386 8 
384 5 371 4 389 6 366 30 377 25 368 10 360 47 391 44 354 44 397 46 395 47 353 40 396 32 362 27 386 36 365 21 379 33 376 11 363 17 359 27 
363 50 366 46 393 23 385 39 359 37 360 6 358 11 371 14 391 22 369 46 353 41 380 20 357 41 373 45 365 20 389 16 395 42 364 20 367 50 362 23 382 45 397 15 398 9 379 31 355 3 375 48 377 29 390 4 372 15 392 24 
382 46 356 28 396 35 381 32 378 38 395 10 376 24 367 26 385 25 398 21 391 5 370 7 371 35 361 32 
367 39 397 33 383 25 360 29 392 22 365 9 387 48 393 5 382 11 
371 33 396 35 388 47 383 30 394 17 362 38 379 2 360 14 377 15 364 2 386 9 357 13 380 47 393 7 374 38 397 2 375 35 370 8 384 21 376 30 391 33 382 15 373 22 367 28 361 34 356 27 368 11 385 4 387 30 398 45 395 44 389 34 
377 13 359 46 362 14 383 36 388 15 372 47 398 27 366 48 392 30 378 24 381 24 387 38 397 3 376 33 375 20 361 50 393 14 384 46 394 31 370 25 396 7 364 50 380 38 379 24 386 50 363 33 373 27 395 18 
364 3 369 4 378 27 393 48 382 28 367 16 384 41 395 42 387 24 370 47 392 33 386 4 398 5 
383 25 398 23 375 26 384 14 392 6 359 37 373 10 370 45 391 36 396 6 379 19 367 7 378 23 386 16 362 4 368 36 377 11 360 16 389 44 371 47 
381 41 389 44 398 13 379 49 376 13 362 21 370 10 378 46 396 29 387 42 371 43 367 32 360 27 369 32 392 39 393 27 365 16 390 3 382 26 383 40 394 18 395 38 374 13 380 27 366 48 384 44 391 50 372 2 386 43 397 13 361 13 373 20 385 15 375 33 
397 5 370 26 376 34 369 23 386 18 398 14 368 45 381 8 378 1 361 38 372 49 379 48 384 20 380 42 366 47 393 34 383 42 362 21 389 41 388 4 395 14 382 8 390 32 377 42 371 13 
363 35 365 19 370 1 373 5 393 26 378 50 395 4 394 18 377 45 367 32 375 9 372 7 380 2 374 42 398 36 392 9 364 33 366 29 369 5 390 32 368 25 388 26 371 12 379 18 397 32 376 16 381 30 391 8 362 11 396 35 384 48 385 41 383 24 389 27 386 9 387 41 
388 2 383 39 369 7 363 7 391 20 374 4 376 47 365 25 371 24 368 43 377 4 386 13 
381 30 389 5 414 5 384 2 
416 10 385 39 393 26 
402 18 400 10 418 14 409 20 416 20 393 31 377 36 413 30 398 43 390 50 396 3 389 24 405 49 385 24 407 24 391 17 387 39 392 10 
383 30 371 39 415 18 390 26 418 8 405 34 374 3 370 50 406 50 368 42 410 24 395 39 402 1 401 6 391 33 379 42 411 32 398 14 
415 46 409 45 388 15 382 16 376 26 404 17 397 35 383 24 372 4 408 10 369 28 385 29 417 11 412 36 401 34 389 16 393 13 407 31 
372 48 377 22 400 45 395 5 416 30 369 7 
375 33 396 21 408 8 394 42 414 32 391 41 377 13 
393 18 378 19 383 2 
406 8 396 46 418 21 412 38 416 12 398 11 384 27 377 37 372 32 401 15 394 35 374 45 410 19 387 22 380 1 
385 48 397 13 386 26 401 27 409 31 411 11 378 35 373 18 402 39 377 38 410 32 382 50 407 29 416 21 394 35 418 21 399 3 381 7 380 42 
405 46 400 28 374 3 386 19 412 25 384 1 410 49 
401 21 397 4 381 21 396 11 385 28 411 39 378 16 394 1 399 19 
403 22 389 33 
400 3 393 27 405 28 383 25 396 42 401 38 409 43 392 46 397 7 387 5 379 9 406 31 407 43 403 16 388 48 378 22 417 32 
392 25 407 32 380 22 396 38 384 7 387 18 409 21 383 13 408 20 412 14 411 7 394 29 391 3 385 50 390 5 378 25 398 21 
406 10 401 17 395 30 391 9 386 27 398 29 409 5 415 11 408 5 411 43 414 44 387 3 396 29 418 25 407 31 402 10 380 14 405 31 384 11 
400 2 413 13 406 45 381 15 383 20 415 4 403 41 399 15 388 13 392 50 
414 48 387 12 386 11 415 1 396 13 
417 1 406 46 389 42 415 46 409 25 386 2 400 31 394 10 408 14 410 50 391 8 403 25 413 41 
402 14 389 20 410 41 387 33 405 30 407 34 386 19 398 43 413 15 395 46 400 24 417 35 404 41 399 38 406 46 411 21 418 12 
404 30 393 18 398 30 
385 4 396 14 416 37 418 1 405 38 414 16 413 17 409 19 417 37 400 48 401 47 402 50 404 15 411 46 
402 9 415 2 411 22 400 27 399 37 396 32 387 2 
392 21 
392 8 402 45 406 27 407 34 416 14 411 2 401 39 399 32 408 38 
390 26 396 36 417 29 394 15 389 24 397 9 410 35 403 40 416 48 401 43 
400 7 412 44 414 37 395 32 415 38 404 1 394 46 403 45 397 31 411 44 396 20 398 46 405 16 416 2 401 14 413 19 392 23 
405 12 410 27 393 8 
397 15 404 23 396 37 399 41 398 50 403 43 418 16 394 37 
396 7 409 14 411 8 404 48 398 6 417 43 401 23 393 5 405 33 395 3 
399 21 
413 50 412 26 416 32 401 11 414 23 396 17 410 13 
408 34 405 37 396 42 411 35 410 27 
413 47 417 31 402 9 404 26 408 42 
404 25 402 21 399 3 401 28 398 23 413 20 403 9 406 33 414 42 418 6 400 39 407 46 408 3 410 44 
403 30 414 31 402 45 418 2 408 23 411 30 
417 13 410 27 411 35 408 29 430 24 421 48 416 12 414 6 404 25 424 35 431 20 420 40 401 23 428 48 427 17 
430 46 433 17 405 18 412 41 428 48 416 29 
410 15 429 1 433 45 428 50 
418 32 431 48 415 8 
417 41 
425 11 431 19 
417 9 416 1 426 28 
415 42 425 37 414 2 410 41 434 27 430 48 431 5 407 42 429 32 422 7 
417 35 420 13 414 18 430 32 409 5 415 41 423 39 422 36 408 29 411 6 419 29 421 23 425 37 426 1 432 11 434 15 
420 45 430 37 432 21 429 42 411 40 419 8 421 44 412 11 423 41 426 15 431 2 433 24 415 3 425 37 409 1 
413 39 424 26 414 6 432 46 431 5 427 8 434 8 430 48 418 10 411 12 412 13 
428 1 433 8 417 34 423 43 414 38 426 5 416 43 
419 42 425 3 417 19 414 1 427 25 420 50 434 3 431 41 424 44 430 38 412 35 432 15 413 36 
426 23 418 13 425 39 427 39 416 3 433 40 434 3 422 18 413 39 428 32 417 37 
418 24 422 35 416 30 420 20 431 31 433 36 426 46 432 28 417 9 423 3 415 11 424 35 
423 44 422 37 415 11 431 25 
426 25 427 8 421 2 416 12 429 33 433 38 419 13 431 25 422 30 423 16 
434 4 426 3 417 29 
426 6 427 13 
419 7 423 10 433 38 425 32 428 41 427 27 
429 41 463 32 448 28 453 8 456 37 
463 44 428 38 450 43 432 12 442 9 454 29 433 33 436 47 449 8 464 48 457 50 422 23 437 49 462 47 426 12 434 20 459 47 424 48 
461 8 441 35 450 15 454 5 448 18 445 21 456 6 446 35 
450 32 460 44 443 39 462 20 440 44 423 11 425 40 441 17 424 11 434 38 431 49 465 34 436 7 444 14 452 49 435 5 453 48 449 25 
428 37 447 13 426 10 458 44 443 37 455 47 456 32 425 50 434 35 461 36 448 27 459 17 442 5 436 19 424 29 446 25 452 4 433 26 437 21 445 8 430 27 454 10 438 28 441 15 444 3 
444 42 436 21 464 49 451 44 459 35 443 9 430 35 426 14 462 13 461 41 454 12 
448 10 
449 20 431 5 452 26 461 26 455 6 436 21 460 47 438 50 462 49 439 40 447 5 434 24 442 12 435 46 453 5 459 4 
443 32 429 22 445 20 446 40 466 38 436 36 452 8 450 29 464 23 465 17 460 47 430 19 461 36 432 47 438 16 457 50 444 47 441 34 428 10 440 38 447 42 454 2 
448 34 434 50 
433 49 454 23 445 49 441 29 448 21 443 41 457 13 430 6 438 19 452 11 436 23 466 49 434 6 450 10 447 42 440 28 451 8 456 35 446 47 460 50 462 32 431 41 449 45 
466 2 438 49 443 27 446 18 450 46 445 8 441 47 463 39 461 14 459 43 434 38 448 34 465 2 433 27 447 16 464 35 431 26 462 48 432 42 442 25 440 9 451 35 439 22 
457 24 446 40 465 26 
448 5 458 43 435 46 434 24 445 3 449 14 439 26 461 13 455 19 454 38 446 10 463 15 436 34 457 37 453 43 452 34 444 5 450 30 442 12 433 3 437 19 440 10 460 27 459 9 443 2 
458 3 453 46 464 33 441 45 450 10 463 48 457 6 465 43 459 27 442 46 449 4 440 26 438 46 448 44 444 27 460 1 447 4 443 1 437 30 439 44 466 43 454 33 434 34 462 27 452 9 435 40 456 1 
454 25 443 49 455 20 462 3 440 5 447 37 464 34 442 43 438 16 460 14 445 19 459 20 452 34 439 24 465 21 457 11 449 16 466 7 435 5 444 43 436 12 461 29 453 3 446 28 458 24 463 5 437 36 451 4 456 4 448 43 450 36 
465 35 447 34 464 39 474 3 468 7 441 31 466 43 480 17 448 6 471 31 443 33 469 13 478 37 460 18 467 45 436 19 455 47 492 1 
442 35 488 35 468 1 483 12 463 26 452 11 491 30 478 41 450 25 
464 20 469 39 460 9 454 21 463 30 461 48 446 18 479 24 475 38 465 3 466 42 439 7 443 10 473 13 491 2 
461 42 456 5 453 34 492 13 489 15 464 37 445 11 
440 48 446 12 454 28 490 44 492 21 460 16 466 49 473 24 443 37 448 45 442 15 449 40 456 44 469 11 486 50 491 2 445 31 476 17 
475 2 491 50 469 33 482 37 470 42 449 44 446 17 481 2 471 35 442 45 
468 14 450 22 478 3 464 24 476 39 462 9 465 47 
454 38 488 8 473 41 466 37 485 32 464 40 
475 42 468 34 461 24 490 11 451 48 456 27 477 10 459 7 460 30 466 3 
453 29 467 37 480 22 486 27 489 20 446 15 463 14 450 10 469 15 470 9 479 22 477 31 451 32 491 22 492 30 472 42 459 13 466 42 455 15 448 29 449 23 474 36 490 10 483 18 465 4 464 7 
468 44 452 44 485 47 479 40 461 49 
454 4 463 23 492 33 471 16 466 33 480 39 461 46 458 9 460 25 465 24 489 19 
474 6 461 27 448 10 491 13 467 42 452 2 475 27 456 21 482 18 488 23 483 17 464 42 481 2 487 45 
452 50 474 3 475 18 477 18 478 39 469 26 488 18 476 25 479 42 466 41 489 22 451 11 484 13 490 23 465 8 492 3 480 25 481 33 468 27 491 19 467 3 457 37 455 29 473 42 485 7 
468 16 457 19 491 13 490 18 483 31 463 2 473 24 482 44 488 42 475 35 470 36 492 27 474 7 471 36 
488 17 455 3 451 7 458 19 461 4 489 16 480 46 463 39 476 21 466 50 454 5 453 36 483 23 459 47 490 13 491 38 474 1 464 19 492 47 469 34 484 17 468 27 470 12 452 2 460 50 
481 36 461 2 473 16 472 34 468 20 
487 40 492 13 479 15 471 3 480 44 463 29 465 45 490 26 462 16 467 47 468 12 491 39 481 24 461 11 489 13 484 38 460 38 455 6 482 1 475 50 459 50 478 35 470 50 458 8 488 39 469 18 
491 14 455 24 458 46 481 36 485 43 471 17 479 9 474 49 486 9 488 14 469 11 482 1 460 5 466 45 477 36 472 37 457 16 454 5 462 33 463 5 459 22 461 13 480 41 456 43 470 4 476 46 
479 21 461 44 463 30 472 2 486 13 471 18 
476 41 462 18 486 39 468 5 492 12 477 16 464 21 461 12 480 1 470 39 482 41 481 43 478 34 479 5 472 44 459 24 475 15 490 26 460 23 473 4 466 39 
468 29 470 34 491 22 463 27 
486 21 485 8 464 31 488 2 462 11 491 22 481 33 480 40 471 18 482 14 467 22 489 5 490 29 463 20 476 39 479 45 474 48 
483 6 466 18 460 1 463 16 476 40 478 12 469 13 481 1 485 30 489 2 473 8 486 14 461 24 488 12 464 14 480 9 471 1 475 10 465 25 487 26 492 46 490 45 482 40 
487 4 475 49 473 6 461 11 474 25 484 10 483 29 480 21 465 16 
476 21 482 11 475 37 492 3 463 50 487 41 466 43 486 47 488 33 491 47 490 20 474 17 464 32 479 5 480 6 471 20 473 15 
474 9 490 16 465 42 466 4 480 10 486 32 489 43 475 28 479 33 462 28 488 20 469 45 471 44 478 43 482 15 492 27 464 14 484 9 477 29 463 48 483 48 473 38 467 37 487 31 491 20 472 13 
489 26 474 10 478 10 466 38 479 47 469 43 491 30 475 37 471 48 476 32 490 2 485 14 488 4 470 34 477 49 481 46 463 37 483 16 468 40 482 22 
473 25 489 44 492 35 481 24 480 25 472 25 491 17 483 47 466 36 488 50 474 41 465 36 486 5 475 34 484 22 469 15 476 43 482 29 468 49 464 25 470 26 487 29 490 20 477 1 478 34 471 35 
475 8 466 3 482 12 491 38 492 13 471 34 469 11 468 25 
486 26 482 3 473 41 479 24 476 34 488 34 492 19 485 45 466 34 489 22 477 38 481 8 487 44 478 28 483 46 480 17 468 6 475 17 491 16 469 22 470 17 471 40 490 42 472 22 
485 3 471 25 472 46 473 12 482 23 474 11 480 19 476 22 492 18 479 1 486 16 481 44 477 35 475 8 478 24 468 26 488 35 490 26 483 43 469 25 487 31 467 18 484 20 489 13 
497 24 
478 25 472 35 480 4 494 46 492 42 
494 50 482 50 474 26 484 8 480 27 
492 35 481 46 493 8 
497 27 
495 12 494 18 485 43 497 20 493 16 
474 16 485 3 498 19 
488 47 477 15 475 44 
492 1 498 44 477 28 485 43 
484 21 
497 40 494 42 480 19 
481 22 492 43 486 17 
496 33 489 34 482 4 
485 47 483 4 495 9 494 31 
493 7 494 41 484 30 
483 4 491 42 495 14 498 35 492 40 488 37 
485 25 489 5 494 16 495 50 488 42 
486 50 496 35 489 29 488 9 
498 50 493 45 486 15 494 48 
495 32 498 13 
495 4 496 43 489 7 493 34 488 37 491 40 
492 48 495 15 496 26 
497 40 
492 9 493 36 495 20 
497 14 
494 2 493 50 496 37 
494 2 
496 48 
499 23 
497 15 
499 25 
499 13 

