2 29 1 38 4 24 5 33 
12 33 13 48 4 20 
9 25 12 31 8 31 6 1 10 10 11 19 
6 12 12 16 8 41 13 41 
5 4 7 7 10 8 9 4 8 25 
10 37 6 30 12 29 8 46 13 40 7 39 11 24 
21 37 14 50 19 3 15 2 18 4 
11 30 17 5 8 16 22 8 20 32 
20 21 19 43 21 1 
19 27 16 16 11 26 12 23 
21 11 18 16 
20 50 16 14 18 42 12 40 21 50 14 8 
13 13 22 28 
16 6 17 42 15 45 19 48 18 26 21 34 
15 33 
23 22 29 1 16 7 28 46 20 10 27 26 25 25 
28 23 25 38 22 15 29 12 26 40 23 22 
21 46 26 17 18 19 22 1 20 27 29 10 
22 32 29 37 28 36 20 49 25 47 26 9 
27 47 
22 42 
23 44 24 6 29 2 28 13 27 49 25 50 
26 37 
35 35 30 30 34 7 26 32 
25 23 
30 34 32 18 33 42 34 50 
35 15 31 26 
33 2 
30 35 35 4 34 18 
35 4 30 37 32 4 34 50 
44 48 33 20 
37 22 39 50 33 29 40 1 45 41 48 23 34 42 42 19 46 49 36 13 38 37 
40 31 39 22 
40 3 44 22 41 7 48 4 46 1 38 29 35 11 42 32 45 1 36 48 39 1 37 28 
37 38 40 27 36 12 41 24 46 42 35 13 44 19 43 5 48 31 47 50 
46 30 42 10 37 36 44 18 48 3 41 44 43 45 47 19 38 43 45 31 40 26 36 3 
45 14 
38 49 
46 49 
44 37 
44 33 
47 46 
46 13 
49 45 
46 20 
47 29 
49 17 
48 13 
49 27 

