13 15 12 8 15 22 16 25 31 13 9 38 6 5 32 13 3 20 17 36 10 50 5 6 11 32 29 10 36 47 23 3 8 48 27 11 24 48 14 21 28 39 21 4 19 44 1 41 26 41 35 1 30 10 4 17 25 7 2 15 39 29 
64 16 10 17 65 2 59 10 38 33 5 18 44 24 31 24 23 28 56 30 18 9 58 43 14 3 49 43 36 42 63 37 28 15 9 24 13 9 24 36 7 23 6 39 66 44 53 12 2 12 
17 50 13 49 20 41 60 3 25 50 44 43 66 31 42 39 63 25 53 49 62 6 28 25 55 45 26 22 5 32 48 25 40 30 19 3 8 49 18 16 59 42 64 31 11 42 65 15 43 43 
41 16 23 26 34 42 59 15 57 38 33 14 29 12 4 37 44 18 6 18 35 6 20 25 24 8 51 17 14 4 5 21 
7 14 27 33 50 15 15 46 39 14 45 31 53 22 57 33 41 7 55 30 36 10 46 26 56 32 
44 2 49 28 21 2 8 45 63 4 47 17 
8 48 
64 1 63 24 44 16 50 18 22 24 61 3 18 25 45 47 66 45 42 44 15 37 67 14 
39 32 41 26 61 44 17 31 29 18 49 29 10 6 53 2 
18 28 46 6 61 41 31 49 64 16 39 4 66 20 50 19 38 18 26 39 
34 8 28 2 33 45 23 26 16 16 50 24 31 39 38 3 58 30 30 37 67 44 42 39 66 14 57 47 60 23 20 33 61 11 32 36 36 29 62 50 52 44 51 10 37 16 24 29 
33 9 25 3 56 2 46 1 21 9 67 8 22 15 26 6 12 3 16 44 38 23 61 34 32 29 34 2 48 31 45 14 14 18 60 11 30 21 29 30 62 20 35 46 37 4 
59 48 65 24 37 21 26 9 63 22 39 41 64 23 49 38 58 23 42 11 25 21 50 23 13 37 56 7 15 30 27 2 14 37 23 23 52 7 61 47 46 31 18 11 
19 28 67 29 47 23 46 16 31 18 32 30 15 43 49 15 39 17 26 36 48 47 18 37 40 8 16 41 61 42 35 50 54 12 51 32 42 41 27 45 56 43 38 22 63 37 57 8 
24 17 40 49 29 18 37 45 63 50 39 50 50 11 47 11 18 4 
40 2 53 13 37 7 27 1 39 26 54 24 45 16 48 14 52 45 64 11 55 2 60 8 32 16 44 18 16 19 25 21 30 41 66 43 
23 18 55 50 32 41 29 48 61 44 39 25 38 13 64 39 62 49 50 50 49 45 46 15 52 25 36 9 25 28 30 11 17 8 67 18 31 20 27 9 44 19 37 4 24 7 19 21 18 48 56 8 26 16 
61 25 36 11 48 49 47 1 57 4 54 45 24 50 39 43 23 10 63 28 28 10 20 18 44 22 52 39 34 10 46 40 59 25 67 45 31 47 21 13 35 46 37 29 58 50 18 9 43 47 19 32 51 50 
44 3 30 49 38 27 25 26 46 44 33 46 22 12 34 25 26 31 51 26 27 7 66 25 28 8 53 48 57 14 56 14 36 11 58 5 65 50 40 34 63 7 59 30 67 42 39 9 
51 17 47 15 50 23 59 42 34 47 63 45 61 44 57 28 40 4 22 14 46 12 54 44 56 46 
66 44 59 16 32 38 40 25 53 13 26 3 
66 7 65 4 49 39 
29 43 54 42 31 16 61 49 52 49 42 4 59 27 53 44 38 20 34 35 37 44 43 36 46 34 39 47 65 19 50 34 64 23 36 38 
31 31 
65 27 43 46 54 39 41 31 60 28 39 42 
54 26 44 23 41 12 57 3 42 8 56 28 32 20 52 40 66 8 36 46 45 15 59 5 40 19 
54 12 35 45 30 24 51 8 49 40 57 17 47 3 44 31 63 14 29 36 60 1 33 18 61 15 45 35 41 38 46 26 58 33 62 29 52 46 66 48 55 25 
64 42 62 32 63 45 61 15 42 8 53 15 39 9 41 40 65 7 28 36 52 44 66 12 60 19 40 6 59 19 51 21 29 37 47 35 46 21 31 35 
60 46 38 11 42 42 36 36 49 48 51 49 
52 14 61 10 32 9 41 48 37 22 33 16 49 17 59 9 39 47 
41 40 61 45 44 43 65 26 37 21 49 29 64 39 39 8 50 4 48 22 34 28 66 23 35 21 60 4 52 3 51 39 45 41 42 43 57 12 46 3 38 10 63 28 67 23 43 21 53 8 58 1 
40 29 47 50 50 41 65 31 34 27 38 26 36 25 32 25 51 34 33 10 53 12 58 45 39 33 62 25 46 45 55 25 61 39 52 20 57 39 48 16 63 10 43 40 49 24 66 11 
48 24 47 35 53 28 36 18 35 50 67 47 56 26 60 1 45 48 57 29 40 44 
42 30 67 26 35 40 53 38 61 6 55 6 
46 23 35 28 55 15 44 3 37 34 56 5 49 37 50 46 66 50 48 11 42 27 43 19 63 50 52 43 40 29 61 8 60 39 67 41 62 16 59 29 57 46 
47 22 50 50 56 35 55 10 62 31 45 38 40 11 67 21 61 45 43 46 58 6 54 31 53 15 66 19 52 11 48 2 59 27 38 7 46 21 63 23 39 19 37 41 57 33 64 50 65 21 
65 42 42 36 45 5 39 15 40 20 62 20 54 13 43 32 38 45 47 44 51 44 46 24 53 11 50 4 56 41 49 30 37 35 55 47 48 25 66 3 59 29 41 28 67 41 52 34 60 25 
62 6 65 28 45 35 38 4 
60 20 56 20 
56 9 46 19 65 17 57 38 49 22 50 33 54 16 47 46 53 8 58 35 51 17 41 28 
81 48 47 28 71 44 73 5 
69 43 44 2 
48 22 67 14 66 27 75 9 77 28 
68 23 69 43 48 49 
85 7 71 18 68 48 78 33 87 29 51 22 77 28 86 47 55 15 53 6 80 37 57 10 76 29 54 3 64 32 75 4 62 48 52 5 50 13 
84 5 63 15 70 9 
66 45 51 49 47 29 82 6 75 33 52 45 54 27 63 28 48 49 84 12 
55 24 73 4 57 37 77 1 62 41 67 41 86 38 60 20 48 50 76 23 70 24 
78 18 
82 16 86 42 85 28 83 35 75 47 80 3 64 44 65 9 79 27 69 3 
82 34 73 38 69 2 72 26 52 29 60 33 75 42 
52 27 66 36 69 32 59 43 77 28 81 48 60 31 86 36 71 6 68 22 
68 49 86 49 83 33 85 32 54 10 84 11 75 25 62 30 63 7 67 44 72 37 82 25 59 15 61 23 65 19 60 23 55 5 
64 48 75 6 77 37 87 25 57 45 81 9 72 4 76 47 
81 49 64 17 75 3 
85 27 78 10 70 42 69 33 61 14 57 31 80 35 
61 46 80 10 87 25 84 14 62 9 81 11 82 47 79 25 
87 8 73 47 77 33 
80 9 70 5 72 22 85 40 63 39 69 26 86 24 73 19 66 48 68 38 75 27 60 34 61 20 59 28 67 39 82 8 76 21 74 24 64 43 79 28 
62 7 60 23 77 5 64 41 86 21 73 11 87 48 78 28 70 29 61 15 82 14 72 8 76 45 71 1 69 45 81 47 63 21 
85 1 77 34 79 48 67 27 70 39 74 20 81 14 82 44 72 4 66 11 61 19 68 23 69 13 65 7 63 9 71 41 75 20 
86 39 74 24 77 30 76 28 84 48 65 6 70 18 67 24 66 40 
84 49 67 3 80 35 82 8 87 43 72 31 86 8 71 9 69 49 63 4 73 28 64 41 78 8 75 6 
77 7 
83 38 72 14 77 7 80 46 75 47 76 26 70 44 67 29 68 25 87 19 85 28 66 45 78 32 
71 29 83 43 67 12 74 27 66 16 85 32 79 10 73 45 80 10 78 7 75 20 76 26 84 38 70 27 87 32 77 38 82 45 86 30 68 49 81 31 
86 7 84 6 
80 15 73 40 75 7 87 25 74 41 83 16 84 4 
75 2 104 42 97 30 94 12 111 7 80 19 95 42 91 43 73 33 103 38 105 45 108 7 82 40 70 2 77 19 102 43 100 6 89 16 114 41 
89 47 109 18 115 9 104 32 96 16 108 7 105 18 112 47 93 48 110 44 101 47 107 42 102 34 
73 14 115 22 104 47 71 38 108 42 109 9 75 7 101 30 111 17 82 46 106 43 77 2 112 9 105 24 114 25 113 6 86 38 
92 25 76 25 102 35 111 44 80 14 110 9 
95 4 103 42 112 13 77 20 87 12 81 18 109 20 83 30 78 43 100 5 75 37 91 49 94 38 108 41 74 35 76 28 90 41 101 6 92 12 114 28 107 41 79 4 105 15 111 17 86 12 113 29 
89 44 74 4 79 32 91 12 85 32 76 32 78 29 99 29 114 47 86 25 109 25 
98 28 77 8 114 48 
109 15 87 8 114 5 77 28 84 15 96 37 102 17 85 37 
92 48 115 33 101 48 77 3 108 35 79 18 95 49 98 6 110 3 78 47 
87 14 113 15 99 50 108 21 109 20 83 35 80 12 84 32 106 13 82 6 93 49 89 4 101 12 115 14 103 37 111 7 
101 40 86 18 94 33 114 46 104 34 97 31 96 33 83 9 107 13 80 12 113 20 110 31 98 11 106 24 99 7 89 44 81 36 100 43 102 4 87 3 
110 33 90 7 102 20 112 24 100 41 97 30 108 37 88 23 87 30 80 12 111 23 95 9 114 9 91 25 96 28 101 41 113 49 94 30 92 26 93 20 98 50 104 5 84 21 82 25 106 10 85 1 103 5 
98 46 108 8 102 26 100 2 114 32 96 29 103 36 105 24 81 28 85 8 95 29 91 38 
96 17 108 22 115 27 100 33 87 22 89 46 85 43 83 14 107 2 114 31 90 47 104 26 106 37 113 7 109 26 102 10 111 50 103 2 95 39 91 14 92 19 88 44 94 50 84 47 110 3 98 18 112 28 101 41 
110 20 101 39 83 20 98 36 94 7 115 42 86 22 93 40 87 46 113 31 104 4 99 39 95 39 84 34 105 1 102 2 97 48 90 3 108 13 96 49 114 37 88 3 106 33 109 23 89 50 100 16 
111 2 97 42 107 43 88 47 87 35 106 45 110 38 112 2 84 7 105 39 85 41 114 7 100 5 101 32 102 21 115 14 
89 9 108 9 97 33 100 30 99 28 87 32 98 24 109 22 93 22 115 36 111 25 94 30 112 4 103 33 105 42 85 37 106 32 102 25 113 17 96 36 107 25 92 7 86 35 110 34 91 25 101 16 104 14 
103 20 110 42 98 19 90 3 97 38 104 29 94 41 105 18 
94 45 101 25 99 21 96 8 106 19 111 10 105 45 104 29 97 13 113 25 88 31 100 24 89 18 103 43 110 11 112 21 90 46 95 15 
100 28 103 45 93 5 
98 5 100 33 131 3 96 34 137 47 112 4 124 32 129 35 122 23 141 16 130 7 93 47 127 23 110 14 140 33 121 31 97 8 111 4 143 37 91 25 128 24 92 23 133 30 135 7 99 39 95 13 142 49 134 2 
120 40 129 22 136 20 126 8 104 34 140 4 95 33 134 34 125 43 105 32 108 20 99 37 127 46 124 23 92 19 100 40 143 12 130 22 119 3 115 9 97 26 101 1 132 23 110 4 
124 1 104 43 101 4 140 47 97 5 122 7 105 8 125 39 126 16 134 24 94 5 96 29 136 32 
128 34 117 39 103 27 96 30 101 11 140 6 123 27 114 18 102 37 119 47 129 23 130 17 118 22 
107 45 129 5 137 12 
124 43 97 37 117 3 140 41 104 26 110 31 136 33 99 31 122 29 129 47 100 43 95 21 
101 35 139 27 131 36 108 3 136 12 141 1 97 11 
109 45 133 39 141 30 130 11 121 29 102 20 120 20 124 28 105 27 
102 5 133 4 126 33 135 1 107 13 137 39 
106 27 126 50 107 43 112 22 130 48 132 31 125 26 127 16 136 23 139 29 109 9 133 16 123 17 117 1 100 30 114 38 110 16 142 40 
100 22 133 24 130 23 128 3 108 38 127 25 134 4 119 49 102 50 105 24 125 4 99 37 
141 15 122 30 105 22 139 27 113 1 114 48 103 49 135 50 142 19 131 48 121 19 129 27 125 47 118 12 134 29 123 8 110 41 
140 17 129 8 108 2 142 10 132 50 115 50 128 3 125 18 113 11 103 37 124 18 111 38 131 18 130 32 133 34 120 26 
105 44 118 11 104 25 129 26 121 34 130 31 128 44 110 16 103 2 142 30 124 47 137 14 123 23 119 34 143 15 138 22 115 31 133 40 
133 3 112 50 125 8 141 27 109 25 104 8 105 19 119 3 130 31 124 43 139 29 107 48 106 45 137 20 134 10 122 35 140 15 129 42 116 40 135 45 114 38 143 18 
108 48 119 47 128 37 140 24 137 17 142 43 125 40 136 42 141 10 138 39 124 16 143 1 113 39 111 32 133 7 120 8 118 7 126 27 106 25 121 27 135 27 110 3 104 3 116 10 134 41 109 27 122 36 129 48 
125 4 107 18 128 41 137 11 131 37 108 14 116 48 123 26 111 16 105 42 142 34 130 19 110 34 138 33 140 23 112 44 118 37 109 21 121 3 132 8 124 42 114 16 120 7 136 25 119 25 122 33 129 6 
108 41 137 20 111 31 120 2 118 28 113 36 
110 27 126 39 118 27 123 44 121 9 134 1 107 25 122 33 115 10 130 1 141 34 142 48 143 2 117 22 128 17 111 16 114 15 140 34 119 8 120 18 129 21 137 16 135 15 116 42 112 44 124 6 125 11 
136 36 115 1 124 8 125 37 117 9 121 21 109 29 139 19 137 35 138 9 133 10 130 35 110 24 131 40 113 16 129 21 118 38 
124 32 109 41 110 21 111 18 117 48 132 12 121 5 125 12 137 46 115 34 129 18 136 12 133 27 135 37 130 19 119 5 122 23 120 45 142 3 139 46 134 46 127 16 128 35 131 48 143 35 123 11 141 9 
112 6 138 22 128 50 134 18 118 8 111 31 115 27 127 12 140 7 136 6 113 50 110 10 119 39 116 48 135 3 121 3 130 17 
122 34 111 26 141 12 142 49 136 5 131 19 113 8 127 16 120 31 115 44 114 44 119 13 139 39 
125 22 137 23 140 28 127 13 120 34 132 35 123 34 118 12 130 39 139 11 142 30 115 2 129 29 133 14 113 23 126 40 114 24 136 2 131 32 124 14 
134 43 138 13 142 10 121 47 119 34 
125 7 137 46 142 12 124 42 130 37 122 34 116 42 115 45 139 40 119 50 143 18 134 8 128 44 131 50 117 47 
140 17 138 20 119 26 124 9 142 24 136 45 122 22 123 31 131 27 120 27 127 49 129 46 125 39 143 14 137 34 134 17 139 47 126 28 130 3 115 5 118 9 128 19 117 4 141 31 132 15 
129 24 124 7 133 6 116 41 131 31 136 3 127 17 140 15 134 35 126 38 141 49 138 45 128 15 143 25 121 21 120 3 142 9 123 29 117 46 
158 12 135 1 137 38 121 7 173 17 171 49 155 27 157 39 118 13 148 19 175 50 127 5 160 24 129 19 151 50 170 32 161 44 165 2 153 20 174 30 120 38 177 31 172 31 138 8 149 37 
118 5 127 22 139 34 174 9 137 20 132 31 140 32 144 33 165 16 155 27 178 40 162 15 
148 24 141 42 178 48 161 8 163 5 156 15 152 17 151 3 162 9 127 26 147 4 153 11 160 50 154 14 172 29 165 15 139 42 122 21 164 25 179 35 135 15 133 17 177 25 169 24 138 10 174 36 120 27 155 44 170 27 159 46 131 8 
153 43 134 14 137 32 168 49 122 30 126 2 155 16 178 35 154 33 174 38 179 14 132 31 160 49 170 24 177 16 123 37 176 2 172 14 159 27 143 30 120 4 145 39 139 33 161 41 148 5 149 14 138 2 163 3 167 41 171 2 150 22 152 27 151 14 
155 4 164 17 170 10 153 24 144 36 145 26 125 48 178 37 132 20 123 4 172 4 121 36 171 42 167 37 127 21 161 12 
138 21 161 9 179 13 133 40 140 7 135 44 146 19 144 27 129 23 155 10 159 33 132 39 170 50 162 48 142 8 
161 4 162 6 126 9 129 41 146 40 133 1 163 35 127 8 124 48 168 11 154 30 139 31 159 30 164 21 173 21 156 41 172 43 174 21 135 36 166 45 143 26 165 33 171 22 145 38 169 44 147 37 142 7 128 27 178 16 
158 11 142 31 149 28 157 13 170 10 161 48 171 29 169 22 
179 10 148 30 
160 9 132 44 140 14 145 18 174 31 176 43 157 5 172 38 147 46 130 31 165 50 164 35 129 15 127 31 133 46 141 29 169 50 154 18 
171 10 164 27 156 6 159 47 170 30 173 37 152 36 180 24 133 30 158 35 129 46 157 17 175 8 178 18 135 5 
134 24 151 4 179 35 143 33 177 31 178 12 168 5 147 28 135 35 131 44 152 7 144 29 166 12 165 32 142 4 173 18 132 37 156 13 157 19 164 23 154 31 138 34 160 31 150 44 141 1 130 24 148 10 
175 46 156 39 159 28 137 37 174 27 176 34 138 23 179 40 142 37 146 45 148 33 161 15 154 33 134 18 157 15 163 17 133 28 129 32 177 4 139 13 131 27 141 17 136 46 135 7 130 40 152 47 
156 14 143 36 157 9 177 9 151 37 163 22 146 29 170 11 148 16 173 25 131 31 161 37 159 31 139 24 144 42 145 3 172 11 132 34 152 22 154 15 167 27 138 12 171 4 140 27 165 18 136 15 175 10 155 34 
151 19 156 28 159 48 162 20 139 48 149 37 141 44 179 20 180 2 146 28 167 35 160 2 177 14 140 15 174 37 168 15 142 15 173 11 178 14 175 34 138 7 158 6 176 7 166 46 131 8 145 4 155 2 148 39 152 15 170 25 133 12 
156 28 133 18 172 17 166 2 135 6 137 6 159 35 169 7 141 24 144 4 134 27 
175 16 134 24 136 27 176 44 160 26 163 35 144 6 153 35 164 27 167 32 177 9 170 6 159 18 161 41 148 3 133 35 150 29 162 48 142 5 147 14 
141 36 134 2 156 28 169 50 160 11 154 8 170 11 158 36 139 4 144 44 168 23 171 37 
164 50 151 45 162 18 178 8 177 16 141 40 168 40 160 42 143 3 180 29 152 44 176 20 155 46 139 26 145 2 173 45 161 16 170 44 159 27 144 7 150 12 166 9 175 11 136 5 169 33 153 28 163 40 147 37 140 3 174 20 157 49 138 35 137 14 154 8 135 36 156 44 
168 39 136 45 158 29 153 6 138 33 149 17 152 25 157 10 143 39 137 13 
146 23 161 26 140 49 165 38 163 4 180 31 179 8 154 15 145 41 166 50 177 16 144 13 137 30 155 44 173 46 162 39 159 30 164 17 171 30 169 38 160 4 174 39 167 30 176 21 150 47 170 7 152 36 
169 15 157 14 156 17 151 13 172 31 177 33 175 12 171 7 163 28 174 18 179 25 143 43 141 10 159 45 160 29 147 14 176 38 
158 43 168 49 178 12 141 27 176 2 180 40 170 5 172 9 152 39 149 12 142 25 160 20 162 8 179 50 143 7 167 27 146 43 164 47 161 41 156 14 157 10 144 46 165 2 153 11 147 30 140 47 177 7 150 43 159 4 166 12 175 39 171 4 169 27 173 1 
179 32 143 31 145 23 163 40 169 12 162 43 149 41 147 11 159 26 172 8 161 4 155 48 165 36 144 12 154 1 175 19 160 33 151 40 180 2 177 30 158 25 
177 11 146 2 156 32 143 14 147 18 150 34 
142 36 167 14 171 49 164 12 
146 36 154 38 
173 14 152 3 163 1 156 26 
196 11 198 48 148 23 164 11 150 19 170 33 184 22 209 9 147 15 186 22 162 8 167 46 163 41 179 39 195 15 176 27 156 15 
191 48 192 37 215 42 188 16 153 49 152 13 178 18 177 16 182 22 214 25 170 25 166 41 200 19 165 34 210 33 172 43 168 37 150 21 203 14 201 14 206 46 202 24 195 18 155 4 213 37 190 15 158 38 156 23 194 35 216 27 176 26 173 43 208 24 197 19 
194 48 164 5 188 10 147 48 156 45 148 7 191 5 187 7 214 33 189 29 216 39 176 50 186 24 215 31 150 18 154 21 175 38 166 50 178 32 213 16 184 37 
205 34 169 40 204 40 186 38 196 9 188 43 162 8 173 28 187 24 159 50 201 14 214 34 211 50 149 15 
179 40 190 14 166 8 178 37 215 17 198 48 186 46 180 15 194 11 185 37 207 31 
194 15 154 13 190 12 157 36 204 19 214 1 178 29 209 14 197 41 179 3 
170 17 173 6 184 1 162 2 200 43 157 48 201 25 181 4 205 7 192 20 204 47 206 16 161 46 210 22 198 37 165 48 212 41 168 13 187 16 169 42 195 18 153 37 164 46 172 19 182 19 190 15 155 8 208 6 193 14 178 33 
206 9 187 41 159 12 161 30 166 13 195 19 198 14 214 21 184 7 200 36 188 5 155 10 204 27 190 9 212 2 209 21 171 25 210 24 157 44 196 21 160 18 185 39 164 3 186 22 213 20 
186 31 185 34 190 37 
209 44 173 22 163 4 
174 49 206 48 214 14 177 14 185 3 159 4 158 33 170 19 193 8 212 2 188 22 161 14 189 33 203 27 196 39 186 43 199 16 179 46 166 41 156 42 162 5 172 14 167 28 155 8 215 44 187 26 160 5 184 5 200 24 202 9 201 1 
188 7 189 23 166 21 212 6 178 30 206 22 209 28 162 37 193 7 163 31 173 39 201 40 182 22 199 10 183 43 171 36 161 30 198 33 216 46 186 39 196 7 179 12 197 50 204 32 207 38 211 49 
164 8 210 30 205 27 184 22 193 23 172 45 157 19 170 39 211 1 216 20 186 21 158 4 169 21 177 20 175 15 215 41 202 30 167 35 162 1 185 30 197 33 179 49 195 13 194 33 
168 42 170 5 167 44 177 36 166 48 208 12 200 20 190 23 186 46 
178 48 216 15 200 3 193 10 186 2 205 43 167 32 179 15 177 46 196 2 198 19 202 38 162 30 207 49 165 20 169 24 171 15 212 11 159 31 188 50 168 42 173 41 215 4 190 26 210 20 163 33 
173 34 171 6 172 1 210 48 213 24 205 2 206 47 177 21 165 37 216 11 194 18 163 9 184 32 176 23 190 9 179 5 201 33 
193 32 184 2 185 30 168 27 175 48 201 43 205 49 206 48 181 44 202 21 199 38 173 43 214 5 170 22 207 48 174 1 167 33 200 18 180 36 212 22 191 41 195 34 165 37 166 48 196 47 210 47 211 26 
202 17 207 34 189 22 173 43 176 28 171 6 188 42 191 41 174 39 168 7 186 27 204 1 194 1 190 45 205 29 206 16 166 31 167 10 208 24 169 15 198 7 199 31 210 7 178 19 211 20 162 24 181 24 201 2 172 17 213 21 214 49 192 44 164 41 197 45 
175 25 183 14 211 29 200 6 207 27 202 8 196 16 210 15 201 8 165 35 215 3 208 3 174 43 178 20 182 32 176 8 180 36 173 6 204 43 166 6 213 21 203 27 198 17 212 22 205 28 216 22 163 12 
178 47 205 32 186 26 210 40 173 45 196 4 170 34 169 20 208 29 195 41 183 21 168 32 167 41 203 12 164 29 197 2 214 16 213 2 198 22 202 16 209 2 171 50 184 10 185 19 174 47 180 33 187 41 166 49 
172 36 183 35 198 14 193 9 178 47 177 37 207 5 204 4 182 39 179 35 188 34 190 27 
205 16 192 43 207 21 200 3 170 4 190 30 191 19 
192 25 205 1 197 29 170 4 183 19 206 47 173 23 202 6 177 50 175 49 186 18 196 49 198 25 176 21 191 40 215 30 211 15 216 36 179 3 208 35 207 47 
189 48 179 34 215 42 199 35 186 12 180 47 211 10 198 15 
190 13 187 47 
216 32 188 19 204 29 199 24 208 12 181 40 187 31 189 42 194 7 197 1 176 1 214 13 206 48 170 31 
201 2 177 15 
201 23 194 3 208 19 216 44 
193 38 207 19 186 22 184 30 188 34 206 48 195 29 201 12 177 32 202 32 215 6 182 4 191 36 198 32 189 49 173 25 210 42 187 13 199 40 208 40 176 26 181 3 192 26 190 34 209 7 200 43 180 34 183 33 197 35 
194 36 186 1 203 30 197 50 183 16 199 35 174 15 206 6 201 29 192 21 195 28 188 3 176 2 208 40 211 5 210 29 196 10 215 37 214 22 180 39 204 46 190 18 212 6 179 15 191 17 181 21 187 50 185 38 209 11 182 15 198 38 
206 49 190 49 176 18 175 9 200 25 181 36 201 7 210 17 204 40 185 33 182 36 187 42 192 8 186 3 216 1 198 39 215 7 203 9 199 27 207 49 196 25 214 50 177 37 213 21 178 35 212 29 194 28 191 25 180 50 208 25 205 7 189 2 179 1 209 37 197 48 
207 18 177 38 200 15 197 39 195 46 199 29 204 7 190 3 208 37 209 24 213 30 178 36 185 20 198 43 188 11 215 2 196 49 210 47 212 39 192 5 203 50 
185 31 181 16 209 42 205 32 195 4 184 36 182 43 197 29 210 35 189 17 203 43 204 22 178 36 194 41 188 38 177 44 190 13 208 39 191 34 216 36 214 6 180 30 207 22 213 35 212 6 187 46 215 17 198 25 
208 32 194 4 191 50 206 2 193 32 180 50 201 38 
204 30 201 42 184 1 185 13 202 43 183 32 190 25 193 7 189 39 214 3 180 18 215 18 203 38 179 15 199 7 196 24 216 40 210 25 181 12 198 5 197 11 188 34 194 27 211 18 195 6 200 29 191 43 213 43 206 9 212 48 209 24 182 1 207 38 
195 36 190 32 185 29 216 3 207 39 196 33 197 31 
201 26 210 10 209 20 189 48 207 49 187 45 
202 41 200 17 240 21 182 27 235 14 214 23 243 49 224 12 183 19 234 7 186 7 212 50 221 1 209 8 185 17 204 44 232 38 205 49 206 12 188 31 227 27 241 12 192 24 223 38 225 1 190 13 244 26 236 48 
242 11 224 44 213 3 187 44 239 39 233 4 190 50 235 35 193 24 225 46 207 26 209 35 186 5 202 4 
240 16 243 49 226 5 241 8 210 15 208 27 235 24 188 49 221 3 185 1 195 6 217 3 213 6 232 15 218 3 190 25 205 46 186 28 
189 45 196 4 185 37 233 35 238 28 224 49 244 10 206 5 200 6 210 33 218 32 220 7 228 30 193 11 225 38 222 27 236 39 205 4 231 11 243 23 
238 21 231 9 204 44 191 31 
208 35 197 25 227 8 191 3 201 41 214 45 200 29 217 26 194 14 219 27 237 1 212 23 
204 10 199 25 236 41 223 6 193 12 207 49 238 27 231 26 234 16 196 24 237 42 200 3 192 3 201 38 209 31 188 34 225 23 217 29 235 19 221 21 
200 19 193 28 209 41 202 24 
212 48 237 41 200 7 222 6 243 19 228 2 217 16 230 11 210 33 207 17 208 30 193 12 214 22 
208 24 243 3 215 35 232 11 200 7 227 1 231 1 
222 2 227 36 192 15 238 35 
206 30 219 4 211 15 197 29 237 24 217 35 221 7 234 41 196 3 239 21 205 13 214 6 228 5 216 12 207 10 241 41 200 11 212 46 
237 24 243 37 227 13 230 29 194 14 203 40 206 38 228 20 242 50 226 14 234 23 217 10 235 28 231 24 197 49 229 21 224 32 198 26 244 16 195 12 199 41 241 50 233 29 201 50 225 23 216 24 207 38 219 7 
210 18 208 28 223 7 200 16 220 7 234 4 215 42 199 43 195 40 235 25 242 36 231 40 225 27 236 33 212 7 232 19 214 31 218 15 240 26 198 39 197 4 233 43 201 17 
242 50 210 6 219 17 223 34 229 37 215 21 234 40 198 50 236 20 216 38 214 31 199 33 
207 49 234 18 226 26 197 46 241 36 237 8 223 26 212 38 222 31 205 39 242 50 216 30 236 48 200 11 228 45 
204 24 202 50 200 26 217 26 240 28 207 17 212 34 226 50 201 18 211 3 227 30 203 33 229 30 218 32 221 4 219 28 230 14 225 48 199 25 206 18 233 48 231 33 215 18 237 20 228 22 210 49 
220 4 206 34 242 7 230 29 236 16 212 28 201 31 243 12 
216 47 226 28 218 27 236 14 225 21 206 46 237 47 204 21 214 29 217 10 239 41 230 24 227 2 215 31 213 49 231 33 244 31 243 45 222 17 203 50 241 24 202 26 
235 22 222 23 239 13 240 48 221 48 223 14 241 35 224 18 204 16 202 22 210 48 219 5 231 29 225 14 218 12 229 28 207 26 203 10 216 30 206 37 227 27 226 3 220 31 
214 20 232 28 218 44 216 11 217 48 225 6 231 31 213 42 209 10 206 26 210 19 229 11 204 37 238 16 228 23 215 2 
215 33 227 48 218 2 221 14 210 31 223 30 220 12 225 6 238 26 
221 48 226 21 206 30 207 25 235 50 213 35 237 47 214 15 
233 28 229 19 238 16 214 45 237 15 207 46 
221 31 217 46 214 42 227 49 213 37 211 1 225 29 207 6 243 49 209 22 220 15 215 1 
210 23 243 5 
217 37 225 23 215 3 243 13 209 37 218 49 221 22 219 36 224 37 210 22 242 2 230 12 238 47 214 38 223 20 208 24 212 45 237 26 234 17 235 46 222 28 239 25 
236 14 235 9 221 25 240 3 210 10 227 24 
243 16 229 18 212 49 218 46 217 23 
235 5 218 5 232 33 224 44 222 27 212 41 238 16 237 21 213 40 219 6 243 31 221 20 214 27 230 17 
225 10 241 3 238 28 213 37 232 15 215 17 233 49 227 12 229 25 216 30 223 12 231 43 237 19 235 43 240 37 220 38 212 16 
244 39 224 47 231 7 220 41 229 18 233 21 239 48 218 14 228 38 236 6 241 36 214 23 
222 40 223 33 221 48 239 35 241 28 227 24 226 45 217 50 235 42 219 32 215 29 244 50 233 34 242 33 236 39 214 18 230 49 237 35 216 6 228 18 224 4 220 23 238 48 229 38 225 20 
215 11 217 15 222 24 242 38 227 43 225 49 224 8 221 27 239 8 220 24 216 32 218 26 233 48 234 8 229 22 232 40 237 32 236 19 231 17 223 46 241 15 228 20 230 35 
226 9 231 48 218 39 233 31 242 39 238 4 224 28 
240 46 223 20 231 17 227 5 243 30 228 10 225 38 224 15 229 23 222 11 
253 49 276 5 263 11 245 15 257 30 281 47 
262 41 258 44 280 44 279 49 221 43 257 13 245 6 260 12 256 42 241 17 227 19 237 34 276 40 265 27 233 38 234 28 226 20 225 14 236 50 240 4 282 17 232 7 272 45 250 47 268 16 224 7 238 44 255 24 
253 25 266 38 250 43 255 40 247 8 236 14 230 13 241 37 224 33 274 21 243 32 265 23 
238 12 234 14 254 49 232 31 244 19 231 29 247 33 256 49 279 41 257 25 258 47 260 30 278 2 226 25 235 34 246 49 266 33 228 33 227 7 243 49 230 43 
283 41 234 34 245 30 241 47 227 30 263 28 225 22 248 32 266 40 275 4 231 47 247 27 262 50 255 17 260 28 257 8 235 22 258 1 267 5 230 32 242 3 251 13 278 45 228 6 252 27 282 9 271 23 244 33 254 18 238 23 253 4 237 26 259 23 226 35 232 44 229 19 240 21 274 24 
236 2 274 23 283 1 
231 9 280 12 279 33 271 5 277 43 234 49 282 33 247 37 283 48 273 48 265 4 236 25 237 22 
267 22 257 25 271 36 229 8 237 36 246 21 255 5 243 48 226 24 275 39 268 36 281 47 254 49 234 36 249 13 272 41 253 25 248 36 265 21 270 44 264 34 256 33 277 27 250 24 
253 19 283 38 278 30 264 25 238 29 255 42 237 28 
240 40 234 11 231 2 259 31 277 11 272 23 274 11 228 15 269 36 261 23 239 26 252 39 251 30 248 17 229 46 236 6 243 31 
245 8 272 41 244 23 238 16 280 31 230 42 252 17 276 8 256 38 229 37 263 44 231 3 275 32 267 17 255 44 260 22 273 11 
243 15 274 5 233 24 255 1 250 15 262 49 238 50 253 5 252 28 276 43 259 39 240 11 231 8 266 35 260 37 282 33 268 25 232 22 249 42 258 43 244 1 230 14 283 47 261 3 271 42 264 34 269 12 272 35 236 25 279 25 245 13 248 47 257 49 254 8 
250 40 258 16 239 10 274 8 278 14 267 7 234 18 277 19 264 26 253 6 263 38 247 26 269 7 281 29 233 47 242 23 282 24 259 34 231 40 254 31 275 50 257 36 283 25 251 31 252 37 256 42 276 40 244 27 246 16 273 19 260 48 268 6 279 25 238 46 236 39 
232 38 253 37 242 12 271 19 252 28 
270 23 265 3 241 40 263 3 262 35 275 35 268 20 259 6 266 8 234 3 258 34 239 4 267 25 242 40 274 26 246 1 251 34 237 18 244 20 253 24 236 10 281 22 278 13 247 39 280 34 240 45 271 10 
254 9 272 19 281 44 282 36 264 3 250 13 251 30 252 25 267 45 240 22 242 30 246 20 245 19 273 10 278 34 243 42 265 26 263 11 260 44 277 38 259 45 241 42 249 14 279 41 244 18 262 45 257 15 233 41 237 3 274 17 261 30 238 33 
240 25 246 26 265 7 244 46 266 30 280 1 273 49 274 37 255 46 247 25 249 20 237 36 275 25 278 26 243 1 236 22 260 36 264 39 248 20 262 15 242 27 241 46 283 3 277 40 
261 6 263 24 242 31 256 37 266 11 245 10 255 16 238 6 260 31 275 7 272 35 253 3 246 35 252 25 239 45 267 20 244 19 281 31 
283 15 247 5 280 23 264 12 260 42 
241 26 244 17 281 17 265 38 278 39 269 49 251 45 268 28 245 35 247 8 248 25 271 8 279 31 240 47 256 50 280 49 259 7 266 20 274 40 238 19 242 19 257 6 263 11 262 4 273 15 254 34 261 49 237 7 258 9 275 50 276 21 252 2 250 25 239 35 253 6 282 26 
280 4 265 33 277 17 254 16 257 7 246 3 276 18 270 11 252 44 263 14 244 28 242 47 262 2 240 43 255 6 268 23 253 31 250 40 269 48 
241 2 243 13 272 4 259 44 255 21 244 7 245 7 279 15 239 7 247 7 258 17 264 35 262 22 254 46 281 23 269 7 280 20 263 27 275 7 260 14 251 2 246 14 261 22 277 27 273 25 
256 38 277 28 269 4 280 47 243 42 262 40 267 39 276 3 270 36 248 16 255 50 274 38 257 43 244 21 279 3 245 46 247 4 268 24 271 49 242 9 282 47 250 5 258 21 266 33 281 33 272 27 273 11 254 8 264 2 275 3 261 8 253 11 283 4 260 29 265 40 249 29 
283 9 263 11 276 45 267 14 279 21 277 42 278 21 270 26 242 8 247 41 241 6 272 26 255 15 248 43 268 25 259 24 257 13 271 6 269 27 252 5 260 25 265 12 250 43 256 7 275 49 254 36 281 50 249 6 243 21 246 7 253 17 264 21 262 9 280 28 261 48 274 27 251 6 282 19 245 31 
282 41 275 42 281 23 259 19 279 15 261 39 262 22 250 21 274 8 245 15 
248 23 275 47 281 1 270 46 267 11 255 7 263 9 269 17 265 14 257 40 245 39 266 27 260 17 244 12 251 35 268 41 283 25 264 28 243 36 250 6 249 47 259 31 279 28 
275 41 262 31 258 45 271 16 276 15 266 14 
277 23 280 18 261 48 260 11 265 47 250 50 249 36 279 43 258 27 245 5 274 48 267 49 262 3 257 35 251 48 271 13 256 3 270 13 255 16 247 27 275 44 281 20 264 18 283 32 263 5 246 35 253 13 273 15 259 31 254 22 282 29 266 47 248 18 272 18 269 15 
297 10 273 44 306 4 302 49 264 27 252 20 259 10 300 2 270 13 255 38 250 8 
248 18 267 28 289 31 272 18 266 41 284 13 308 28 296 4 306 3 254 41 285 7 247 34 255 37 305 29 274 20 264 18 298 47 249 42 
268 6 252 27 279 18 257 48 280 42 307 4 289 46 304 44 258 34 272 15 274 20 286 6 297 39 260 23 256 23 
307 49 272 19 299 23 279 22 268 44 252 8 
273 36 290 10 270 16 279 21 300 8 291 31 262 33 266 47 278 38 286 6 255 18 306 33 252 8 301 3 285 46 264 38 258 10 294 41 280 19 
265 4 267 30 264 14 305 15 302 46 287 10 269 10 297 44 272 4 298 45 281 3 254 22 274 44 284 44 283 32 278 18 262 5 259 23 285 44 266 32 
286 36 297 11 275 50 296 46 267 17 277 47 284 47 272 45 256 37 281 15 255 30 289 19 270 4 276 43 259 49 301 21 295 14 279 6 288 9 305 49 262 46 
265 40 291 16 300 7 306 37 302 7 287 50 254 50 276 46 262 45 270 8 271 42 272 8 294 3 307 18 263 7 289 31 297 27 298 24 305 22 295 39 286 22 290 4 304 45 283 35 275 23 
288 17 293 16 257 47 
295 10 272 4 280 25 276 21 
273 32 303 48 301 50 294 32 306 42 261 43 260 41 300 43 275 9 298 7 258 35 264 42 299 35 268 19 
290 29 303 18 308 25 282 19 285 11 
303 6 288 15 268 36 301 36 284 31 265 34 286 9 273 45 298 26 278 4 
300 31 274 11 307 24 280 8 306 27 259 14 262 39 296 41 292 18 276 36 302 45 299 38 297 12 279 28 261 1 
267 1 269 37 305 19 288 11 284 18 283 22 280 33 300 43 295 27 294 46 289 23 260 37 261 46 271 50 290 38 304 12 296 27 278 33 279 31 292 43 307 22 
278 48 290 13 294 45 293 2 308 42 305 50 302 38 277 46 291 5 274 27 
294 11 263 12 267 36 293 40 274 30 306 16 284 7 278 49 302 6 283 16 272 3 270 14 
278 18 289 47 273 7 267 14 303 10 264 2 284 27 277 29 286 21 297 22 285 50 304 2 268 11 274 7 307 27 306 27 269 49 291 41 272 42 275 50 305 11 292 42 271 22 287 21 280 29 
282 35 296 22 
289 23 296 7 297 40 269 33 299 43 302 1 275 42 278 33 294 3 281 32 285 8 280 1 305 49 
301 11 288 34 295 39 302 45 274 15 
278 48 
281 8 307 25 305 29 
273 32 294 21 307 27 281 27 285 41 276 11 302 45 297 6 
299 20 278 16 291 44 289 27 305 28 277 44 270 12 304 17 271 6 279 28 281 36 288 44 307 42 274 36 285 44 
292 49 293 31 277 48 298 38 294 2 
292 18 278 49 286 49 304 48 279 9 298 19 306 29 305 10 281 41 301 41 277 42 287 44 273 7 288 20 276 47 
296 47 288 42 273 50 279 8 284 35 298 32 285 23 305 15 295 9 293 5 300 20 278 47 287 32 
278 6 
285 49 286 49 284 28 304 49 307 7 291 15 298 37 283 40 297 44 278 34 300 17 277 22 292 10 276 41 306 12 301 12 275 17 299 6 287 39 289 13 281 17 280 24 282 40 308 17 293 25 
304 48 303 33 
284 41 279 2 280 44 301 50 294 20 277 6 278 22 290 39 
302 41 298 26 296 19 291 27 287 49 306 40 279 34 288 29 281 20 285 16 278 23 304 48 303 43 305 31 283 14 301 40 286 8 
281 17 303 14 305 23 297 38 289 38 307 24 293 32 287 19 295 46 306 21 286 21 279 10 288 25 282 29 301 8 283 9 291 3 
282 41 302 13 297 10 303 33 300 37 286 5 306 33 
298 37 284 6 281 23 286 22 291 26 305 47 288 3 308 17 290 42 299 40 302 10 283 46 282 27 294 50 301 5 307 26 297 9 292 28 304 45 285 36 306 22 289 25 
301 46 304 4 298 17 289 30 292 12 297 31 283 9 291 22 296 11 293 49 307 38 308 9 305 42 306 6 294 29 282 37 
284 8 304 36 289 36 291 45 290 23 292 30 297 49 293 6 294 27 301 41 288 29 287 18 285 32 
307 9 301 42 300 30 296 1 306 49 291 10 305 15 
316 43 306 24 317 7 286 47 
286 16 300 49 293 50 313 8 303 16 297 23 314 38 301 39 331 10 312 35 333 18 309 39 290 47 327 31 319 26 324 24 305 21 296 15 321 42 288 11 330 43 322 9 
321 47 315 18 330 38 296 26 314 28 328 41 
333 40 331 42 302 35 334 9 317 3 312 43 289 45 327 31 307 27 295 2 328 16 
300 30 330 24 327 24 308 2 331 6 
316 9 295 27 313 47 
300 42 299 16 328 41 
334 39 323 15 300 19 303 36 309 47 
296 13 293 14 330 13 309 26 317 33 323 14 332 16 299 26 331 24 318 2 302 6 308 34 312 7 315 36 326 47 295 16 313 10 316 9 294 39 310 25 
301 8 297 16 314 38 334 34 324 37 318 29 307 15 303 36 313 1 316 35 306 39 298 1 304 5 312 35 317 41 323 20 294 2 295 37 305 18 
325 7 305 47 326 48 323 24 316 36 318 42 312 30 319 35 324 31 330 41 306 7 313 25 321 30 307 49 334 7 311 6 327 36 315 30 329 41 320 1 314 7 302 32 304 44 299 12 303 19 
315 48 304 17 327 27 317 16 
325 8 334 24 318 5 312 33 303 22 331 28 
302 24 333 24 329 45 303 42 322 20 317 43 331 19 321 25 307 4 311 15 324 45 298 27 330 31 316 20 332 28 334 24 323 1 319 26 318 30 
316 7 300 35 309 10 307 17 332 34 314 4 305 11 313 44 329 26 321 36 328 49 310 45 304 36 303 24 333 6 319 10 306 14 302 28 323 13 
322 1 321 46 305 8 304 31 313 39 334 14 333 8 323 49 328 2 312 49 303 43 308 49 324 2 331 45 329 41 315 36 306 43 
333 49 323 45 304 38 
312 47 306 25 323 26 330 50 325 32 333 50 327 29 307 5 320 1 329 14 324 49 305 38 310 36 302 38 314 9 332 19 334 10 322 41 304 36 331 17 
331 17 323 47 318 2 316 2 312 48 313 21 334 6 309 14 330 17 328 49 322 25 310 26 305 44 333 11 304 33 308 13 332 43 
321 39 327 32 326 18 322 42 315 48 333 18 323 27 311 18 307 43 306 39 314 4 331 37 334 21 304 29 
314 16 328 16 329 1 321 19 324 1 322 22 313 14 306 18 308 12 333 20 331 30 319 35 312 38 310 28 325 33 311 16 320 35 
316 8 333 39 311 13 322 45 329 17 310 43 313 41 309 15 317 15 318 13 325 26 308 43 328 17 
328 11 318 23 310 46 315 21 314 47 325 20 319 39 323 5 326 34 331 50 317 15 324 5 307 9 311 40 309 7 308 34 322 34 329 32 316 23 332 21 327 43 312 11 330 46 
324 2 316 49 331 39 329 32 
319 41 316 27 313 7 328 42 323 10 329 24 312 45 334 29 325 39 310 14 331 44 326 24 
347 12 332 25 349 5 323 27 333 4 
326 45 
327 19 344 19 324 40 361 28 317 40 334 21 333 18 349 47 325 29 320 28 315 48 345 21 337 17 335 10 332 19 351 39 
360 4 319 10 326 49 350 5 336 23 332 7 344 38 318 29 338 43 342 50 325 3 322 38 330 43 345 33 
328 36 330 2 320 2 335 28 361 36 346 24 355 5 340 47 329 23 360 36 322 15 357 5 356 40 336 27 342 50 324 47 339 15 337 31 315 10 314 40 
331 47 320 27 330 2 340 28 327 7 333 8 344 18 325 20 354 26 350 13 335 33 358 40 359 49 349 11 319 7 316 19 322 15 356 6 352 10 348 4 341 42 
316 4 361 43 323 19 326 38 340 25 334 16 328 9 360 35 322 44 359 36 330 44 351 24 356 47 338 10 332 15 321 5 336 41 345 47 333 37 337 47 342 28 352 17 346 17 
342 7 318 47 345 44 346 20 328 9 324 49 322 7 332 9 317 38 349 11 321 26 320 19 352 9 348 38 
337 46 328 36 331 12 338 6 318 17 324 44 
354 6 320 13 319 32 323 22 339 28 324 50 348 1 336 5 349 23 
353 36 341 25 354 4 349 24 331 12 359 25 329 29 360 50 325 49 342 6 350 19 361 16 327 28 337 24 
359 6 355 15 335 35 324 9 322 3 361 32 
354 33 344 18 353 32 356 42 343 19 350 14 357 47 335 45 333 29 322 27 326 7 332 17 360 15 346 17 349 22 
328 24 
339 39 361 48 325 21 346 22 344 47 341 27 328 27 345 23 324 4 342 6 355 43 359 19 360 19 333 37 336 17 357 26 352 4 332 33 331 3 338 2 349 35 340 31 348 21 347 35 
327 5 340 26 344 44 360 35 357 5 328 41 335 49 336 32 329 2 352 41 330 48 358 39 354 9 359 43 361 48 345 30 351 8 356 27 
349 27 354 23 333 26 327 45 355 11 361 38 332 9 326 6 356 4 335 21 338 41 334 24 351 8 329 15 357 27 358 44 339 12 337 17 336 6 340 41 342 10 350 32 345 32 344 18 348 49 
339 6 348 3 328 43 342 35 360 3 357 17 349 46 356 14 340 10 331 45 341 49 344 8 327 21 329 9 347 12 361 20 359 41 353 16 355 35 354 46 350 20 
346 14 345 47 359 15 351 24 358 10 329 21 352 47 347 33 330 41 353 13 356 34 343 15 
336 17 361 2 358 28 338 12 329 44 330 47 346 46 337 27 347 12 342 1 334 34 
331 17 352 43 356 1 334 39 
355 18 358 40 357 14 344 13 346 13 332 9 348 44 334 49 340 26 353 49 336 15 350 38 338 28 360 45 337 49 349 6 
335 48 341 3 356 40 333 9 346 43 336 25 345 24 342 48 357 30 351 7 337 39 354 26 348 27 332 36 349 23 
348 17 
350 11 340 18 342 47 352 32 344 33 354 35 
342 38 349 40 356 29 338 50 337 6 343 5 351 22 358 40 348 44 339 41 340 1 346 8 361 28 345 15 357 12 
367 17 365 50 380 1 370 18 337 7 363 48 357 4 361 27 345 31 352 28 369 22 340 5 349 5 356 47 
351 16 374 1 380 33 355 11 345 32 360 23 343 27 362 33 
338 22 341 36 348 3 343 27 357 5 374 44 369 20 350 2 376 10 353 20 351 11 370 46 
352 24 348 42 368 7 
358 42 381 9 371 14 
366 45 347 21 363 37 350 18 343 48 377 3 360 16 341 17 
363 42 369 4 378 34 374 28 362 41 370 30 381 15 345 31 371 19 368 43 360 4 351 21 372 8 354 49 359 18 346 40 349 42 344 28 366 29 356 30 
359 44 351 45 378 42 363 45 372 34 344 41 
350 2 345 38 364 17 
380 16 376 34 378 39 361 46 355 41 364 4 
376 45 364 20 380 1 366 34 354 48 381 44 
362 38 375 8 350 46 
362 17 356 30 351 26 372 5 352 12 357 13 381 4 365 35 379 37 369 49 376 42 373 45 359 29 367 25 354 43 355 34 375 5 370 8 
368 49 367 14 360 39 371 8 362 17 352 12 378 49 375 23 376 42 377 6 365 8 363 24 354 15 
373 22 
368 23 355 4 377 19 371 33 378 21 369 9 360 39 366 11 359 24 381 38 361 3 365 25 357 7 
354 27 355 7 375 47 372 35 366 2 380 4 365 9 360 43 379 14 361 32 370 33 
357 7 381 9 376 18 355 28 379 34 368 19 353 30 377 4 362 1 364 16 366 50 372 13 358 4 375 48 
369 9 366 33 360 35 377 26 356 47 365 38 374 43 378 46 376 4 373 28 362 31 381 23 359 31 355 42 363 33 371 42 358 41 
359 11 371 32 356 31 370 40 367 22 373 45 358 25 376 35 380 14 366 27 377 31 355 3 368 26 372 18 374 15 
377 48 370 37 372 16 376 46 364 30 378 22 357 19 368 28 360 44 381 25 366 43 361 46 369 34 365 37 373 3 363 14 359 35 371 42 
379 22 372 41 363 2 369 8 371 32 367 45 360 28 359 30 375 40 
363 17 372 19 367 34 377 27 361 35 379 18 378 41 376 24 
379 32 
379 42 366 27 377 26 373 17 378 1 372 45 362 36 375 6 381 18 363 28 369 19 370 42 
362 40 374 43 368 2 379 32 365 16 375 32 380 17 
371 48 381 6 363 47 369 19 368 27 379 45 380 39 374 35 375 16 378 34 372 20 
383 9 385 47 396 1 366 45 382 13 401 42 391 40 378 23 377 48 403 21 404 6 398 50 374 33 373 4 407 11 
381 9 390 25 
378 48 384 50 405 38 404 30 393 2 407 16 367 48 403 7 373 45 
366 11 
395 23 
394 31 387 50 379 7 
382 7 376 31 372 19 378 38 375 15 369 20 380 26 400 16 396 14 374 50 398 31 
379 37 398 28 395 5 406 31 396 18 404 26 385 3 372 41 397 3 391 47 371 42 374 33 389 15 370 33 405 1 408 29 394 5 384 30 401 14 382 14 373 5 402 44 386 49 403 20 392 3 
375 3 384 48 389 17 391 41 382 19 390 39 387 23 393 39 380 22 388 2 386 36 403 14 394 7 374 35 392 22 404 9 400 34 381 12 408 36 397 31 398 41 371 6 396 3 405 32 407 25 379 26 
392 47 398 23 400 6 403 8 391 49 386 26 395 37 393 1 384 16 389 9 399 16 377 30 408 15 372 2 381 21 405 42 379 44 396 29 373 39 385 45 407 50 378 22 401 37 
388 43 385 4 379 48 408 37 404 47 402 12 380 10 401 18 374 14 398 14 373 47 397 48 386 30 378 20 377 5 383 5 384 32 375 19 376 17 390 45 392 35 394 32 387 20 396 33 
398 24 408 24 406 4 376 30 403 31 394 37 386 9 381 16 396 41 379 50 385 7 387 45 400 37 
388 21 399 25 392 18 408 26 395 11 400 21 391 3 407 18 393 37 383 6 387 13 376 8 380 23 386 2 398 6 394 31 401 23 406 18 382 41 381 14 403 22 378 1 
397 10 376 23 407 35 400 48 398 4 406 3 403 9 408 25 382 22 404 42 383 5 393 35 380 36 
400 47 386 24 385 41 382 28 389 3 383 10 402 12 394 41 388 9 390 50 397 11 404 5 379 33 398 33 393 4 403 29 406 22 399 6 387 45 392 42 381 1 380 43 391 38 
381 20 386 33 402 35 403 3 407 16 393 19 396 15 391 47 392 42 379 44 385 10 383 44 397 42 398 13 384 50 382 49 406 50 380 19 378 30 394 5 
381 28 
392 23 390 47 384 4 402 30 394 23 397 20 408 23 405 22 380 24 403 21 399 7 407 41 406 40 381 15 395 39 387 26 389 46 388 39 382 42 401 43 385 40 
387 16 389 32 403 13 382 24 401 30 406 48 399 16 404 1 398 9 391 39 396 28 383 23 393 15 388 11 397 8 386 50 392 44 385 19 381 12 384 28 
388 18 390 8 407 1 397 32 383 43 386 42 405 45 406 15 402 25 
400 30 404 4 405 1 399 27 396 6 427 3 
416 36 392 25 
420 18 
392 12 401 2 394 43 406 20 399 7 391 33 402 8 419 8 400 13 403 16 417 9 428 11 393 31 409 28 413 6 411 40 426 8 408 19 390 26 396 40 
410 5 423 26 
418 6 417 5 420 17 413 14 
417 37 
401 26 415 48 400 20 407 15 419 42 420 34 412 22 395 36 423 6 425 12 406 11 393 44 426 15 394 34 399 24 413 21 414 38 421 1 402 9 417 19 
418 25 395 3 412 28 427 38 409 2 402 44 425 28 417 39 393 4 421 30 411 7 413 20 414 13 392 19 415 28 426 17 398 39 401 40 400 48 
415 20 417 26 397 35 405 29 406 12 422 26 421 3 409 48 401 27 399 35 410 15 418 10 423 20 427 45 
416 22 402 10 400 14 397 17 413 45 403 37 405 16 424 2 406 43 421 22 407 23 
402 42 428 13 
428 36 415 11 420 49 409 24 427 25 406 40 400 31 425 17 404 43 411 34 402 24 421 42 401 35 422 8 
403 45 405 20 424 34 426 47 410 11 425 44 421 7 398 22 428 47 411 18 412 35 419 25 396 29 
407 25 409 16 425 6 426 24 427 42 403 40 417 27 428 6 410 48 402 12 406 20 419 5 424 50 413 14 405 36 401 42 416 43 397 1 415 37 
409 10 401 16 408 39 423 41 
411 9 426 20 427 12 412 20 416 19 417 45 421 19 425 39 414 27 402 13 405 45 418 16 
420 8 422 7 411 34 
405 47 424 30 421 28 409 16 414 45 412 7 
415 27 
405 30 410 9 426 2 420 8 404 36 417 2 419 18 414 47 421 15 423 7 412 1 416 42 428 26 411 11 425 24 409 39 407 32 408 19 
428 46 423 15 405 29 425 45 407 34 424 32 421 2 413 18 426 26 411 3 422 6 410 7 420 4 415 10 
421 32 408 5 418 9 427 48 406 44 425 12 409 40 424 45 422 13 412 12 415 5 417 31 414 2 426 26 419 2 
413 13 418 28 407 39 409 21 414 11 408 1 426 15 417 44 423 49 421 42 410 13 415 6 
417 2 418 35 
417 7 424 29 413 34 416 41 423 8 411 2 420 23 410 24 425 17 415 16 
414 8 410 27 409 9 417 49 
439 29 456 38 444 35 436 32 433 7 423 43 438 15 432 18 435 49 418 44 419 8 434 10 451 28 411 32 427 38 455 40 420 43 417 14 425 30 
434 13 442 2 444 42 453 49 433 13 423 38 420 36 417 35 411 40 454 37 412 44 440 38 456 19 419 10 432 34 413 30 429 44 446 8 435 22 
438 40 432 39 425 2 453 38 449 22 439 26 428 10 422 33 421 12 413 32 412 40 450 2 436 13 435 46 415 3 424 17 452 16 456 24 
431 47 416 7 444 49 440 26 413 16 418 19 452 21 437 19 451 28 435 37 423 33 447 28 439 5 417 22 441 49 429 38 427 22 454 48 450 5 
442 31 416 49 449 15 426 4 452 4 431 14 428 14 419 44 446 33 453 40 440 18 
435 16 422 5 419 14 420 44 448 7 440 4 452 37 417 15 450 41 449 49 432 2 
456 41 451 15 433 46 445 5 426 20 442 7 
427 15 449 34 442 11 454 40 438 43 436 22 440 47 
428 49 435 40 443 24 420 15 425 28 439 10 418 39 451 14 448 32 450 7 424 46 445 48 438 9 432 2 437 2 441 17 427 41 429 9 449 19 434 40 433 19 456 20 426 46 
443 45 449 23 437 48 424 50 447 28 427 26 446 21 432 11 453 48 440 12 451 49 
436 33 456 34 425 20 439 20 423 27 444 7 445 13 431 1 448 12 433 31 453 15 446 30 452 23 440 50 424 23 426 5 429 29 442 11 422 42 441 38 432 28 443 14 428 30 430 35 451 26 449 49 435 4 427 30 
449 23 424 42 426 20 437 16 451 28 430 13 427 21 448 4 446 45 452 43 433 15 453 20 443 47 454 41 422 1 423 28 421 37 445 28 442 39 425 4 450 35 
432 9 423 14 437 18 443 2 449 27 451 36 436 44 445 15 428 5 456 23 444 47 442 7 438 42 422 47 447 19 426 26 433 32 435 44 427 39 
442 34 440 36 436 6 450 45 449 50 427 14 430 29 437 34 456 45 432 44 448 42 434 5 424 6 423 36 455 38 443 45 435 37 454 49 452 9 439 41 438 42 444 7 431 30 451 35 425 29 429 27 
439 33 441 18 440 27 434 9 451 37 452 11 438 27 433 8 455 15 432 32 447 33 425 12 427 27 436 25 437 11 429 47 448 29 446 4 430 44 426 17 424 27 
438 4 432 41 451 4 431 12 
441 16 438 31 442 5 436 47 437 49 428 47 450 13 447 25 430 17 446 43 456 27 435 50 
452 5 447 28 456 26 439 35 442 39 431 50 448 47 430 6 454 30 435 6 444 49 440 14 450 48 
439 9 454 35 455 37 429 34 428 7 445 50 453 44 436 25 435 26 447 26 438 26 451 39 
440 31 429 41 453 38 435 41 452 47 449 32 437 40 
441 10 465 29 457 48 431 13 471 10 445 12 452 4 
462 47 
462 36 
473 8 466 15 442 13 437 3 441 16 456 40 474 1 439 16 447 26 453 4 469 38 433 3 467 42 449 19 454 37 463 41 468 8 450 14 458 32 
458 27 473 21 451 44 466 21 436 43 470 31 457 19 441 47 
447 34 444 29 454 41 452 38 472 48 464 37 439 22 437 9 466 1 
464 22 445 35 476 33 473 2 448 28 439 1 453 31 466 32 437 28 441 12 468 15 452 36 472 17 436 49 
465 22 
457 3 474 34 454 15 
475 15 472 48 457 19 
454 45 457 10 445 29 446 13 455 26 469 17 450 41 448 38 465 34 476 14 460 38 474 21 459 28 444 46 462 11 441 26 468 27 458 3 472 19 449 36 
472 37 463 18 464 49 443 30 466 9 447 29 457 37 450 18 470 44 454 41 
468 28 470 44 447 12 
458 18 475 8 471 3 
450 2 475 1 468 39 445 7 451 2 
458 42 471 22 469 32 446 32 472 29 
470 48 461 13 454 45 453 31 446 31 460 10 463 7 
464 31 455 33 452 21 459 9 447 15 450 23 470 2 466 2 
461 2 460 34 474 5 468 17 472 34 462 22 448 21 456 41 452 39 454 35 458 1 
476 36 450 28 453 8 463 30 462 15 458 20 451 30 457 14 472 22 461 18 468 49 465 48 456 15 
463 1 458 4 455 28 473 10 460 24 471 18 476 6 452 1 467 46 459 14 475 44 469 30 
473 32 475 38 467 40 464 21 469 25 456 16 466 4 468 22 458 40 461 43 460 28 470 15 474 29 
472 42 455 32 457 28 452 45 475 6 460 25 456 25 467 40 459 9 465 12 
464 17 455 11 468 28 476 36 469 36 475 16 466 18 463 43 461 17 457 27 467 8 453 35 456 32 458 36 460 21 471 21 462 46 459 50 
461 44 459 43 454 49 463 21 
460 8 456 41 471 15 458 40 474 4 457 45 470 39 473 9 467 8 475 1 
458 6 456 15 464 43 475 35 474 30 471 48 470 8 459 15 465 14 460 31 457 31 469 19 467 39 466 33 
460 22 476 9 459 35 463 46 472 10 461 33 466 21 464 20 457 22 473 3 467 17 475 42 458 44 474 44 465 23 470 34 
483 37 486 9 469 11 462 13 466 41 489 48 479 50 476 21 484 42 
495 10 489 10 464 32 491 36 474 50 487 36 481 21 486 44 483 3 460 40 468 14 461 37 466 30 478 36 471 45 479 22 463 22 
491 45 493 34 485 40 489 24 463 36 470 39 482 6 473 9 462 8 464 12 472 2 466 25 
474 18 491 48 492 21 461 28 469 1 485 41 470 19 484 32 490 43 465 50 480 27 482 44 467 15 483 4 462 21 481 8 
490 28 467 26 492 34 489 23 
477 3 485 26 481 19 489 3 465 19 479 13 
472 48 485 18 481 34 490 11 471 4 491 9 487 40 473 41 479 50 
484 20 479 21 472 28 478 19 474 1 477 44 495 19 465 31 470 28 489 36 483 11 471 33 468 12 492 19 491 2 473 2 482 7 469 10 
478 3 489 11 466 7 488 42 470 21 477 29 495 11 480 44 469 48 491 41 472 36 482 30 484 39 481 12 467 4 468 11 483 26 487 9 
483 21 482 44 493 14 481 14 474 17 486 43 471 24 478 21 484 18 467 38 485 22 487 3 489 23 480 33 
473 26 490 48 489 18 485 1 488 49 480 17 492 28 493 40 472 18 476 20 484 49 482 2 474 22 478 8 477 5 481 7 469 17 483 30 475 33 
475 31 482 7 491 15 473 13 481 41 478 7 488 25 495 29 493 22 479 12 484 46 472 23 480 11 494 25 487 10 
487 22 473 13 483 46 484 20 486 43 476 25 491 22 495 2 480 28 470 23 474 12 472 13 481 28 489 30 485 25 475 44 492 33 490 49 479 41 
495 13 490 29 481 32 491 19 479 50 473 10 494 44 489 20 476 26 471 8 493 11 482 48 484 27 474 40 486 26 488 3 477 40 492 47 
490 40 482 17 495 43 484 16 489 14 493 4 474 25 477 19 478 24 473 34 476 19 
486 17 474 19 481 19 485 18 494 12 487 29 475 42 493 29 
480 49 483 42 495 16 481 44 474 19 
490 41 489 27 484 40 491 46 477 33 495 34 492 2 493 37 482 14 485 47 483 24 480 36 476 48 486 15 487 36 475 34 479 43 488 24 
494 4 487 27 495 35 491 46 476 31 
493 8 482 14 486 50 
501 14 505 34 515 35 507 36 497 9 519 37 518 5 483 37 510 10 511 40 482 19 
485 32 483 10 479 19 514 12 518 22 498 1 487 24 507 15 481 44 495 34 516 17 488 39 480 19 513 19 493 27 484 5 482 25 515 50 520 40 517 39 490 50 506 33 496 33 519 4 
485 42 505 10 500 46 495 36 
487 25 490 5 482 21 508 39 486 21 500 44 519 38 496 46 499 23 501 18 509 45 514 36 512 6 502 8 517 5 507 25 492 20 498 23 483 1 518 21 503 38 504 23 513 21 
511 8 514 38 496 10 512 18 491 28 495 25 498 36 513 11 483 15 490 2 497 42 504 25 519 17 501 30 506 7 488 47 486 47 510 47 507 1 505 42 492 34 518 2 489 38 516 16 517 46 
491 16 519 48 500 35 
499 37 504 40 503 3 485 1 517 24 507 39 512 44 516 27 
511 35 519 23 501 42 485 37 488 13 518 11 500 9 499 15 489 14 504 22 515 46 496 44 494 39 512 38 509 7 514 29 507 44 497 19 503 26 506 9 510 8 520 34 
500 29 518 45 512 32 501 10 495 22 520 19 519 24 
510 14 502 6 504 10 514 23 487 25 493 32 511 16 501 46 490 47 515 41 509 28 494 25 495 18 518 23 499 14 506 49 500 34 508 25 489 40 517 42 488 3 497 39 492 5 
495 4 499 17 515 2 507 8 488 46 503 44 502 26 500 20 501 11 510 12 520 7 512 37 492 47 504 7 
505 10 515 43 493 12 507 47 518 3 503 42 494 13 506 27 519 2 501 25 509 30 514 20 492 32 510 18 511 3 495 31 491 18 496 31 500 2 517 14 504 31 508 23 520 30 498 2 
506 19 503 27 516 16 490 16 519 48 495 40 
493 5 503 26 
518 45 504 35 511 22 513 1 497 26 505 8 500 25 496 9 516 36 520 33 515 48 503 33 507 22 494 41 508 17 498 38 517 41 510 18 493 41 502 48 519 4 506 4 495 17 492 23 
512 34 503 20 
502 6 516 33 496 5 509 1 520 29 494 47 498 19 501 49 506 6 500 1 519 41 499 26 504 45 517 27 513 9 512 47 507 13 495 23 515 26 508 44 518 33 514 26 
501 34 499 21 517 20 500 2 511 25 512 7 518 20 495 3 516 13 520 40 496 24 503 15 498 41 507 30 513 43 509 14 502 23 510 14 505 44 504 39 508 17 
497 43 518 11 511 2 499 35 498 8 519 1 
548 23 497 2 508 46 507 7 550 5 538 34 521 50 539 31 526 49 551 9 531 6 516 2 
500 50 541 36 510 34 507 25 515 14 536 4 546 31 521 44 544 31 503 4 508 25 542 29 552 3 534 1 514 45 512 3 529 34 
506 2 555 37 519 23 500 25 507 6 504 36 533 13 512 38 524 33 542 6 503 4 502 40 520 7 537 46 511 17 536 11 532 27 535 32 521 17 534 6 554 44 522 21 515 29 548 31 544 37 508 22 546 35 518 19 553 12 529 20 528 44 550 31 525 7 
533 37 507 45 
530 26 522 48 516 21 556 7 554 20 547 23 512 20 536 30 529 10 506 3 514 12 502 6 504 30 509 27 501 46 540 16 526 9 511 37 532 18 552 11 508 36 549 29 510 1 551 8 539 44 545 10 523 10 
542 28 531 37 535 45 504 42 545 31 521 13 533 40 510 42 520 8 513 29 514 3 509 29 524 27 539 48 550 19 556 25 528 27 538 13 544 25 553 50 549 42 505 20 532 43 503 32 529 19 543 46 512 46 551 20 511 26 554 8 527 35 530 6 506 45 522 44 517 48 
514 49 527 38 509 18 504 13 534 26 538 2 530 44 520 3 519 50 528 43 550 21 505 13 543 30 547 39 511 23 
508 49 513 35 504 17 540 33 510 28 535 24 531 39 542 45 528 42 527 8 519 30 550 26 518 28 506 29 515 18 534 35 554 42 
535 24 550 38 547 13 514 37 523 34 545 34 554 35 527 33 509 19 505 22 531 7 548 46 
515 33 547 22 536 46 520 11 529 25 506 35 519 30 534 11 
510 49 546 5 523 11 541 41 518 41 548 7 524 24 545 48 553 26 549 43 544 26 550 12 528 30 555 10 509 49 
552 16 533 43 525 25 520 49 541 50 550 22 527 49 538 14 529 19 555 2 549 38 545 48 519 7 
555 8 511 6 515 41 551 45 533 13 553 26 550 25 542 1 544 23 529 38 517 42 514 20 540 27 
541 36 521 13 516 44 545 34 552 9 518 45 535 36 554 39 538 42 533 16 
554 48 542 46 522 3 512 25 532 9 529 42 541 16 524 17 544 43 525 9 551 14 552 24 519 15 
549 31 533 49 534 43 532 47 529 21 543 25 551 44 519 34 547 29 538 24 528 23 553 40 
531 43 545 2 540 7 552 7 527 11 520 2 516 49 549 33 537 4 526 42 521 38 543 37 
522 14 549 7 514 41 532 48 518 47 531 22 545 42 534 42 526 30 544 41 551 35 535 7 523 8 550 2 556 1 519 24 
535 16 529 2 547 25 555 2 538 28 543 47 552 10 528 14 
556 30 554 48 520 18 
521 1 547 39 543 26 538 49 536 3 527 24 525 22 555 16 539 28 540 27 528 31 537 17 546 11 519 20 517 24 544 36 523 19 553 47 548 9 532 25 526 14 524 21 541 42 531 23 535 49 545 29 542 13 533 22 551 44 530 1 529 31 518 2 554 7 556 45 550 31 
518 1 526 25 550 14 535 15 524 39 552 46 520 24 543 7 549 50 521 17 546 12 542 45 532 23 554 40 
521 16 554 16 523 9 542 1 551 39 525 46 538 4 522 31 527 42 524 34 526 36 530 42 536 1 549 24 532 38 543 13 528 47 544 46 
532 41 553 35 
533 39 521 22 527 47 549 19 526 37 528 19 547 3 537 10 
570 48 547 13 583 5 600 42 577 30 565 34 544 29 595 3 596 36 575 13 554 46 538 30 566 19 571 14 534 5 532 27 528 8 562 23 573 16 527 35 529 46 592 29 574 6 526 45 597 8 588 6 551 32 594 39 582 45 581 44 589 43 576 38 580 33 549 33 522 37 556 6 563 5 567 25 
564 2 545 15 585 45 537 25 547 20 539 20 551 36 538 32 523 13 600 24 529 48 588 37 542 26 556 13 527 2 540 20 593 47 580 39 565 39 532 36 543 25 558 8 577 24 544 23 581 37 557 31 530 38 579 43 596 14 586 50 562 8 582 1 595 49 578 33 598 42 567 4 526 8 561 38 
571 48 560 23 558 6 531 26 559 28 563 43 533 10 526 16 599 39 580 49 529 41 597 14 547 11 557 32 567 19 540 42 556 25 588 31 536 30 537 7 553 2 550 12 574 15 577 6 534 30 587 14 596 29 564 21 530 3 595 33 548 31 565 35 554 7 594 1 584 45 561 12 545 25 541 30 
597 26 
537 27 590 29 560 34 550 44 
534 41 557 16 538 25 533 7 541 21 566 27 543 12 584 9 549 14 583 36 581 5 587 12 544 45 
592 25 580 7 584 8 529 32 587 26 535 19 
585 3 544 26 600 43 586 27 545 21 577 39 575 10 599 10 531 6 564 29 596 34 556 18 560 29 539 22 566 33 559 19 554 38 542 48 530 14 576 23 571 14 541 14 565 43 581 30 578 47 587 3 561 24 534 38 597 21 593 6 552 23 590 7 535 25 591 46 550 9 
571 25 592 50 587 32 534 37 546 29 555 11 561 11 553 9 568 35 567 17 545 26 
569 50 539 37 556 5 575 9 543 20 582 42 535 15 590 3 593 20 595 42 580 15 560 2 546 20 568 41 544 47 562 5 573 8 559 18 581 48 531 44 585 18 553 19 564 28 566 45 589 1 
548 2 579 22 547 7 536 7 587 20 599 7 537 20 560 19 581 35 569 8 596 11 
560 8 598 2 564 36 551 19 535 14 587 22 558 25 561 13 572 32 541 1 548 37 538 37 568 31 576 43 584 49 588 7 591 7 
550 26 564 18 542 22 577 28 558 11 545 35 585 37 597 5 538 22 556 44 567 35 546 37 572 43 576 46 543 23 575 7 592 6 555 4 
563 14 584 35 574 46 585 38 565 46 566 11 
579 49 567 28 538 26 586 29 585 48 593 22 574 19 564 28 575 20 588 49 541 25 578 12 572 26 592 5 561 45 594 34 581 23 556 12 600 5 537 49 560 37 569 29 557 29 591 21 545 26 
552 3 554 33 574 17 594 21 544 50 592 17 540 2 597 1 541 43 583 9 550 29 559 4 587 20 588 29 566 21 569 2 567 20 556 30 598 23 590 39 593 41 546 33 551 28 579 23 537 14 591 50 573 26 542 43 580 10 586 49 570 20 565 30 575 15 547 15 589 36 538 24 
570 39 579 36 539 9 571 41 555 27 553 7 566 2 551 27 565 47 542 22 591 39 569 18 568 31 541 43 559 30 549 5 584 28 574 11 594 37 544 43 575 42 596 9 585 47 572 46 598 32 588 44 538 31 589 9 580 17 592 17 554 11 593 5 546 27 557 27 595 20 562 22 600 34 573 10 576 3 552 42 560 40 540 42 550 25 564 44 
589 29 561 5 586 8 565 16 572 25 551 42 590 26 582 28 573 37 592 10 580 6 568 43 547 36 539 23 588 38 559 10 593 26 555 41 563 41 544 11 569 12 574 34 585 36 596 22 567 18 597 27 577 9 541 45 591 19 554 42 557 42 546 26 575 29 564 37 600 21 579 34 
553 32 576 12 587 25 552 32 591 45 548 11 551 16 593 2 594 16 583 48 569 37 575 50 589 37 541 36 556 2 573 4 599 17 550 37 579 38 581 8 580 34 590 28 555 38 540 21 546 38 543 45 578 47 600 37 545 35 584 22 549 33 559 18 598 5 572 24 568 45 570 16 554 21 
571 26 547 42 573 31 586 9 591 5 565 45 590 34 553 49 552 14 563 49 541 16 546 42 554 6 542 44 597 39 580 20 587 23 570 15 548 7 579 42 572 28 557 3 564 6 575 18 
561 9 549 26 582 23 564 12 
569 49 592 24 547 12 563 21 597 24 590 30 558 27 552 28 586 31 585 36 566 26 582 6 573 29 593 38 595 35 570 41 600 37 599 26 572 27 598 45 581 47 591 26 
549 46 565 11 562 5 577 28 590 47 597 26 552 41 556 29 553 27 560 31 582 11 546 43 567 17 576 39 548 18 566 11 585 46 570 37 547 14 561 39 580 17 594 5 575 18 568 43 550 5 564 26 558 8 600 8 584 5 573 33 569 49 545 43 592 18 559 32 596 23 555 50 587 34 598 48 578 49 554 49 
546 37 594 20 587 23 585 25 583 34 589 24 559 11 573 14 545 18 578 27 579 2 595 22 577 2 568 21 551 35 591 18 561 40 562 33 556 25 571 38 547 22 592 33 597 30 548 17 555 32 563 30 580 7 593 19 584 3 581 25 
588 17 555 27 550 25 594 19 586 34 585 11 591 31 565 46 587 48 567 36 580 20 557 39 598 21 
587 46 581 2 574 5 590 43 547 31 564 41 558 3 597 31 569 45 594 32 596 4 559 24 593 8 567 4 565 46 595 15 579 10 599 21 572 23 560 1 568 36 600 39 575 32 577 6 573 18 562 22 588 50 
563 6 576 41 560 7 575 31 582 22 581 40 565 26 548 41 579 19 
574 50 551 3 576 48 572 29 585 46 579 46 563 48 600 24 592 3 599 7 582 7 570 16 588 28 583 18 567 27 568 28 594 45 564 40 555 21 562 37 598 7 591 24 593 17 550 25 586 9 590 8 558 50 578 41 595 45 569 45 589 42 597 29 553 19 580 3 565 4 573 42 559 29 
577 16 555 27 553 20 599 4 571 28 593 49 572 16 597 25 587 26 556 1 569 1 554 45 581 5 573 29 552 11 580 26 586 4 592 23 568 50 578 30 596 43 584 39 564 39 560 15 561 33 557 9 551 19 598 25 594 22 570 21 558 34 585 20 582 8 576 43 590 34 600 42 589 40 575 24 563 30 559 49 583 9 566 27 
589 35 600 33 593 31 587 25 565 29 598 32 554 42 563 12 599 11 580 10 557 19 562 38 594 13 584 42 568 10 586 8 588 42 581 13 582 9 556 26 576 4 555 15 596 25 579 33 591 17 561 10 578 47 569 24 553 41 577 37 551 39 566 43 567 44 564 47 595 43 575 31 570 17 
577 29 595 48 556 41 555 6 593 28 574 25 579 36 559 32 598 4 557 50 552 21 566 16 569 40 575 6 563 6 564 4 586 20 
557 47 593 27 579 8 560 12 583 43 598 41 590 4 577 1 587 6 596 5 553 43 585 4 595 11 
593 3 562 7 578 22 583 28 591 12 575 4 584 34 594 21 560 32 572 6 580 21 599 43 590 24 589 34 567 8 597 21 569 24 563 36 571 25 568 17 587 28 576 33 555 24 586 42 561 2 600 19 556 35 596 44 582 21 592 27 595 27 579 5 554 13 574 37 573 7 598 32 585 50 565 1 581 47 557 46 564 27 588 12 
590 37 566 40 583 31 578 49 592 48 556 2 580 32 587 41 570 18 555 33 593 22 560 7 562 29 577 1 596 4 579 26 591 39 572 40 558 33 575 39 586 17 559 43 564 1 595 18 598 39 561 34 588 18 563 8 569 9 576 18 585 48 594 1 600 8 589 40 567 37 
564 3 576 40 559 41 600 29 591 8 556 50 578 7 595 24 573 43 567 47 560 27 557 16 593 34 597 33 575 18 563 23 590 27 586 14 580 40 565 25 596 48 566 13 582 50 594 22 583 49 570 9 592 27 587 41 558 28 585 13 579 16 589 30 
597 45 598 33 565 8 575 1 584 37 599 23 563 36 559 1 579 49 574 35 573 32 568 5 570 33 566 27 592 42 577 49 591 17 600 5 581 48 594 7 560 11 558 7 582 28 576 36 588 28 583 42 578 26 569 39 585 20 580 39 567 31 586 4 557 8 595 3 590 15 596 27 572 19 593 3 561 37 
604 16 588 38 618 35 573 48 623 15 582 4 613 41 560 16 565 27 599 19 584 6 605 10 594 8 609 26 596 11 589 2 619 14 617 21 621 24 620 19 562 37 558 47 611 24 607 27 606 13 
601 22 579 30 613 16 570 13 590 10 563 13 625 17 564 43 604 28 559 33 596 22 608 3 591 17 
578 38 581 31 599 43 600 32 566 24 620 3 564 32 568 32 589 13 587 23 582 48 622 38 577 16 
602 14 585 9 624 47 564 46 586 22 580 48 588 42 601 9 587 17 584 24 599 2 607 35 572 31 606 33 619 16 603 15 576 41 
596 43 570 50 575 24 
603 17 567 16 574 1 610 5 575 49 625 48 592 36 602 12 565 24 620 33 614 9 587 11 595 38 606 42 611 9 585 39 593 39 584 28 568 11 590 4 583 29 608 17 
604 27 610 5 625 12 617 7 577 2 567 4 565 45 619 46 593 27 
623 17 593 9 607 36 595 50 585 27 603 5 571 19 566 46 572 27 614 33 590 16 610 9 
598 48 620 49 587 11 580 43 595 3 617 39 577 41 621 25 581 20 608 34 624 50 593 18 603 32 573 23 578 41 590 17 612 38 591 50 571 17 
570 2 612 1 591 35 592 44 575 22 588 47 597 25 567 34 601 5 590 33 585 7 619 42 583 39 614 44 598 9 606 22 620 24 
593 15 602 31 606 28 568 37 621 41 609 15 623 30 616 22 584 15 573 31 607 17 572 35 580 20 591 45 598 8 618 19 
614 8 592 16 569 45 623 13 605 4 577 18 581 8 589 42 615 49 576 4 602 28 571 5 
619 15 586 40 582 10 592 41 620 41 574 8 600 13 570 37 581 31 603 32 617 23 577 1 616 35 588 31 
598 22 578 12 606 48 600 13 591 47 
611 12 617 30 581 1 606 17 612 2 625 1 594 1 623 25 574 48 589 5 582 26 591 31 573 40 584 39 585 10 
580 10 617 49 584 18 591 14 598 40 612 13 575 48 606 44 614 34 595 14 583 10 577 21 613 32 573 41 574 17 611 26 587 11 620 6 616 7 601 19 
607 14 620 45 576 38 610 13 
590 5 596 27 625 7 584 4 
622 21 601 24 581 39 589 11 616 22 604 11 583 26 609 2 597 23 593 36 603 45 615 5 605 11 594 33 587 17 580 37 586 25 596 17 602 1 579 9 585 28 588 40 599 5 619 47 
598 16 577 18 603 23 608 22 619 31 582 5 589 5 588 26 584 14 
615 25 583 9 595 23 601 30 584 44 605 10 
612 27 603 25 
603 48 624 4 623 38 622 30 616 30 625 8 601 37 597 20 611 38 613 45 581 44 586 41 588 7 596 11 583 35 595 35 606 44 619 25 604 42 599 4 610 47 607 25 609 25 591 44 
624 2 588 16 619 14 625 1 611 11 616 49 607 6 602 32 586 6 620 8 609 16 590 22 623 8 617 42 593 20 596 29 610 7 595 18 
600 46 601 12 604 9 602 3 621 29 595 34 598 8 612 32 591 47 616 3 584 38 
589 27 605 16 621 49 602 28 592 43 623 34 604 24 610 48 583 19 591 11 
601 42 611 37 598 28 588 34 
608 12 625 27 587 16 618 6 617 6 601 18 607 30 611 37 590 38 605 8 612 47 615 44 585 50 588 35 
621 46 599 32 591 19 600 34 590 50 592 44 614 13 619 35 596 21 617 6 586 15 609 34 
589 33 604 30 610 17 591 20 622 40 609 23 611 14 608 50 
594 23 613 22 599 40 622 26 597 32 610 13 598 41 
589 7 621 20 599 6 593 24 613 31 594 34 603 29 590 14 611 33 597 49 622 15 620 46 610 41 624 26 591 15 618 48 598 3 595 9 606 5 601 50 
593 36 596 35 597 40 594 47 616 12 605 42 603 33 618 38 620 39 622 29 601 29 609 29 625 35 613 17 619 12 606 2 604 26 
622 26 621 12 623 2 609 45 594 33 607 1 600 17 614 30 591 37 592 43 598 38 596 11 616 35 613 15 602 6 599 9 593 14 625 8 595 36 611 43 
594 5 
602 38 597 49 625 5 605 29 619 15 595 42 607 2 593 36 611 43 615 41 
602 36 619 4 598 26 595 48 603 47 618 33 613 49 615 26 594 2 596 17 599 24 624 38 608 28 617 20 
609 7 618 9 608 19 616 43 607 36 600 17 606 13 601 9 602 18 603 45 599 5 624 39 622 2 619 5 613 16 611 42 610 17 617 28 
615 4 608 6 618 19 602 41 605 45 620 3 603 12 606 34 622 18 611 24 624 40 613 22 623 9 597 17 616 3 600 2 599 47 619 14 604 37 625 49 614 26 
605 26 608 19 625 13 597 2 623 3 620 6 611 32 610 50 601 31 619 10 615 10 624 11 618 27 604 42 612 28 621 21 600 32 
619 14 611 41 623 30 612 32 607 18 599 1 617 39 598 11 616 24 624 32 621 24 615 41 608 41 614 32 600 26 609 6 606 16 604 15 
602 16 611 12 606 9 615 4 617 33 621 28 625 26 599 17 618 5 624 29 612 40 600 22 613 42 620 37 605 48 622 1 610 5 
602 32 601 6 620 33 613 38 605 47 600 20 607 23 617 21 604 9 622 34 612 25 
610 27 619 25 608 31 601 14 611 33 606 19 622 20 618 21 614 39 602 37 615 24 607 27 620 26 625 21 621 9 624 15 609 31 616 46 613 12 
622 48 643 15 614 33 621 11 648 24 611 1 619 44 617 12 602 30 640 39 647 41 603 43 634 2 636 19 638 12 624 47 635 25 637 9 608 19 633 5 610 41 657 26 615 34 627 10 
641 45 632 16 609 16 631 36 637 48 623 43 622 14 655 16 615 20 
608 24 615 34 643 18 606 15 
657 25 
613 41 645 6 628 42 606 22 646 29 632 23 657 32 621 49 608 11 655 1 607 3 611 2 643 17 617 29 651 46 647 42 627 27 615 41 631 11 654 10 620 34 640 46 639 49 636 49 637 18 619 26 635 25 656 39 626 34 625 48 614 17 
653 4 657 1 624 17 608 7 607 15 654 22 615 8 609 31 648 36 628 16 630 16 656 40 655 45 622 41 647 42 623 13 629 1 616 7 649 16 612 30 619 12 617 2 639 48 632 5 644 29 613 19 650 1 610 49 627 11 634 22 620 19 
629 20 643 1 637 24 614 36 609 8 611 9 615 49 624 46 628 44 638 10 623 47 641 37 653 20 642 44 626 37 
647 44 611 31 613 3 616 22 623 8 638 23 624 25 617 36 644 31 618 49 640 11 654 32 642 1 645 30 622 21 609 7 651 50 
646 14 651 36 655 22 657 48 641 4 645 4 627 41 654 45 648 41 629 14 622 15 638 50 610 18 637 19 634 40 619 11 620 25 613 14 642 10 656 29 
631 45 644 18 639 41 621 4 611 23 634 40 613 29 643 30 650 41 629 27 642 36 651 11 
639 7 642 49 614 19 630 47 650 21 624 10 613 10 628 32 629 9 612 18 652 18 634 5 648 37 645 20 641 38 627 7 616 6 633 8 635 20 615 48 631 11 617 19 640 2 647 18 619 17 637 12 636 40 625 1 657 47 646 9 632 16 
632 24 633 15 619 43 614 5 648 17 634 32 613 22 627 25 653 7 625 6 624 37 656 45 628 39 647 14 642 10 623 34 615 47 655 8 654 31 635 4 639 6 657 42 651 2 620 10 629 50 646 16 652 15 643 43 
616 46 621 32 655 49 632 47 623 13 628 18 629 42 617 50 
647 23 650 31 643 10 627 43 637 13 638 19 635 5 621 43 629 30 646 46 644 6 
646 17 636 48 639 33 657 40 629 10 651 48 647 48 644 22 637 41 652 13 654 37 642 44 619 12 656 27 641 17 632 27 645 46 625 26 627 33 635 25 
623 48 649 45 657 24 653 16 631 4 618 14 648 25 630 21 647 14 655 32 639 26 629 6 656 32 642 40 636 1 635 26 633 23 617 42 
618 39 621 15 653 44 657 1 624 1 627 4 623 12 646 28 628 7 645 27 622 16 649 7 642 47 631 41 651 38 648 35 633 13 641 14 630 1 656 34 636 5 652 9 
638 48 629 46 620 36 636 34 637 47 640 41 634 49 627 23 648 27 643 16 626 11 
638 26 645 1 648 10 651 36 626 8 630 18 634 34 637 37 622 49 624 47 654 3 641 30 623 19 655 8 629 18 621 1 
646 10 621 7 657 37 627 9 
629 17 652 38 638 45 657 35 647 8 628 33 626 14 656 50 640 4 649 6 641 39 636 13 635 7 
633 17 644 36 645 48 632 49 637 13 631 46 624 2 625 28 657 30 626 37 655 48 640 36 642 6 638 12 652 45 630 21 623 32 646 42 628 8 654 9 627 1 641 18 635 50 648 5 
625 47 636 34 
641 16 629 18 644 41 657 36 632 1 650 42 628 34 638 47 633 19 637 16 635 44 639 19 654 34 655 5 625 28 627 3 649 27 642 18 640 30 653 29 648 33 626 50 652 15 651 31 643 9 630 5 645 28 636 5 
634 41 653 24 629 13 647 32 
674 10 658 26 657 16 651 19 685 39 678 50 632 45 691 48 630 13 660 41 666 46 677 29 662 6 692 3 
631 43 650 15 656 23 686 8 694 25 688 11 648 23 700 34 655 5 679 34 689 10 678 18 642 37 643 27 658 37 680 33 649 7 683 10 693 12 
694 9 629 37 692 19 699 3 633 42 674 47 659 42 
630 27 683 43 669 42 690 47 667 16 632 28 699 41 640 4 679 41 641 31 691 14 
686 5 652 32 699 15 
659 42 697 47 632 39 693 42 677 45 670 47 658 38 633 1 642 36 674 34 660 3 687 2 662 6 691 19 649 15 675 35 673 15 637 1 648 22 669 38 
641 10 
699 12 693 35 648 32 690 7 684 6 
666 33 649 2 654 29 692 10 677 35 671 41 652 12 641 20 651 22 699 38 667 43 658 7 678 19 661 2 691 19 672 38 686 40 646 9 688 45 685 22 679 39 676 24 642 18 665 11 636 49 639 25 668 15 648 32 682 45 664 18 638 14 683 24 697 18 645 20 650 41 689 50 
692 24 690 32 665 30 643 36 654 23 660 42 693 4 657 36 656 45 686 31 648 28 651 24 663 46 685 1 644 11 676 1 681 21 674 26 642 47 669 17 647 24 667 20 645 7 659 46 694 44 652 24 680 19 700 12 655 34 673 41 697 11 649 31 636 35 639 25 691 23 672 19 682 28 
645 1 675 3 677 22 690 41 657 28 665 27 687 18 696 8 663 32 691 11 666 7 658 9 637 38 672 37 683 1 679 38 676 19 686 35 653 47 680 18 664 48 639 28 684 31 644 23 693 12 667 12 699 31 668 13 647 3 689 8 695 39 698 41 678 5 681 21 642 17 659 45 654 13 682 7 697 29 673 27 694 8 643 4 
689 37 658 21 697 30 
688 13 684 11 699 13 687 49 677 42 700 27 660 21 650 24 652 10 663 17 656 33 698 38 665 44 666 2 693 41 644 37 658 10 645 10 642 40 643 16 683 48 697 43 694 18 
669 36 697 18 657 22 685 31 676 36 700 44 686 34 
685 9 652 45 668 13 681 13 665 18 
672 10 695 23 673 35 690 35 654 30 697 14 666 33 644 26 668 15 656 9 689 24 683 22 653 24 661 31 667 46 677 10 665 35 663 14 688 45 691 29 682 35 693 33 650 41 698 24 684 47 680 33 647 30 646 18 669 23 676 4 681 34 643 48 699 33 651 26 
677 23 700 10 654 26 679 6 699 30 669 35 
652 22 686 8 676 16 680 38 691 45 665 38 683 28 646 4 682 44 669 18 650 23 645 50 673 50 687 14 
658 48 647 17 696 34 659 25 665 6 661 25 646 45 681 44 687 6 686 33 663 6 673 32 
646 41 659 28 696 3 697 2 665 38 688 36 673 28 698 44 692 39 656 37 679 3 669 43 660 42 680 42 652 6 647 4 678 37 689 35 687 10 695 30 663 31 674 37 668 22 661 20 671 12 684 40 672 23 683 21 667 10 690 13 664 35 685 4 662 39 691 5 681 4 
648 48 666 25 678 24 697 21 682 23 675 25 663 15 689 14 659 32 685 50 658 23 669 25 649 38 665 44 694 10 690 26 699 39 680 35 653 32 662 16 651 10 674 15 670 41 657 10 
664 45 677 39 692 44 673 22 675 24 671 27 694 31 668 12 676 28 678 35 681 19 660 33 688 32 
665 18 696 48 688 48 
692 13 669 24 687 39 681 47 684 35 686 30 682 4 688 2 689 5 650 12 667 33 677 37 659 50 672 38 664 1 
694 38 
671 37 662 30 681 23 683 16 682 1 674 10 658 45 652 7 684 6 653 49 664 10 679 36 694 50 680 48 661 27 689 39 678 11 700 25 669 20 654 16 672 2 673 31 665 2 
658 8 675 8 683 8 671 42 685 39 694 32 674 44 698 22 667 44 689 41 655 38 696 37 680 35 653 37 672 45 659 3 670 10 684 45 690 32 662 7 673 35 663 36 693 32 666 44 688 35 656 21 665 30 660 46 669 5 699 47 
656 50 679 23 684 27 692 29 682 2 690 3 680 16 673 7 691 10 699 35 655 38 669 7 662 47 661 24 681 8 659 42 657 15 693 48 698 21 670 29 677 50 672 49 700 39 697 11 695 13 667 16 
655 31 657 25 
684 23 659 34 667 7 696 36 677 34 658 34 678 13 687 38 695 44 683 9 681 39 685 3 671 5 697 22 694 25 666 19 690 17 689 35 664 40 662 34 692 24 676 21 660 18 675 6 680 29 700 44 668 29 672 29 657 31 663 31 673 24 698 8 693 18 682 8 669 13 679 45 661 1 699 19 670 8 
681 18 699 12 676 40 690 10 669 44 684 30 678 7 693 3 694 2 
668 30 
697 48 717 15 662 39 696 35 694 48 718 41 685 37 716 16 698 18 681 16 711 21 666 7 707 31 703 17 670 40 669 22 672 36 706 24 667 50 705 6 660 9 691 40 659 37 
714 7 707 22 665 9 730 50 726 23 703 22 670 47 719 24 662 10 722 46 724 13 727 13 666 13 672 35 671 48 
694 21 716 4 692 27 712 24 728 23 684 37 691 9 667 42 695 4 661 17 708 21 710 18 706 13 664 24 690 47 709 30 682 23 723 48 674 8 717 48 673 23 721 29 697 34 
694 1 664 46 715 14 712 45 722 24 703 15 700 35 696 15 693 35 676 22 702 16 692 18 686 27 675 10 688 11 669 10 727 9 720 44 716 44 725 28 670 44 678 33 687 3 666 3 
699 8 728 43 722 48 729 26 716 29 678 32 710 17 711 32 687 4 707 36 667 8 695 17 685 2 701 29 726 35 
674 20 695 35 671 8 701 11 696 45 713 12 716 21 705 25 704 41 691 29 721 44 680 2 694 49 724 3 675 41 711 45 668 4 709 36 718 10 692 4 
730 48 704 26 673 19 721 47 705 46 725 32 680 35 708 44 707 6 669 24 688 19 
666 34 729 49 673 13 714 14 702 41 677 20 711 44 681 42 699 2 718 32 668 36 708 8 667 42 698 10 704 50 728 12 671 26 697 1 670 3 
723 24 690 26 669 45 670 42 687 47 683 5 706 36 694 16 675 42 707 47 712 18 695 42 680 45 
728 50 681 9 694 50 684 14 702 49 
699 46 730 19 703 25 688 34 705 11 723 42 682 28 
675 32 683 42 713 18 718 32 
705 34 722 30 689 12 703 7 696 11 698 50 690 13 691 25 686 44 712 39 681 35 694 22 688 26 692 37 679 24 697 50 
672 9 691 22 682 38 724 32 701 25 680 37 692 9 686 13 728 12 717 37 674 39 687 27 704 4 700 2 723 3 726 47 677 48 684 20 707 42 673 1 678 18 702 28 
716 42 701 20 691 24 723 46 728 19 675 44 689 34 697 5 685 43 712 50 721 31 726 39 702 41 729 1 688 44 708 13 710 30 706 15 696 8 
724 13 705 15 714 2 718 46 730 11 684 3 679 28 675 40 719 15 729 23 710 18 713 43 689 33 697 14 677 13 700 22 703 20 704 44 701 22 694 27 706 37 688 31 712 9 702 40 683 34 722 50 696 7 676 32 707 15 
676 10 729 5 709 31 686 45 704 48 711 22 682 43 677 45 710 34 714 27 702 17 713 18 727 16 
706 30 704 42 689 36 696 46 711 37 700 2 723 46 708 14 705 8 716 18 727 17 707 29 
678 44 716 24 726 21 721 16 720 24 725 33 730 1 717 39 708 37 687 9 679 48 692 28 703 11 688 36 690 12 682 14 684 27 719 29 704 3 697 11 718 20 683 10 701 2 722 2 696 5 
684 17 688 2 711 4 719 14 696 34 709 29 693 19 685 26 712 50 
694 48 713 37 700 28 707 5 691 13 692 30 680 30 710 33 679 8 719 41 690 46 720 27 725 50 688 38 702 25 698 29 699 31 723 20 684 50 705 49 708 42 703 21 712 42 727 34 683 40 
728 11 693 34 698 6 690 15 722 41 714 7 686 41 707 42 727 24 687 8 683 41 705 30 708 34 684 14 696 16 721 26 691 6 709 21 688 41 680 32 719 39 682 48 725 26 702 39 726 50 710 42 697 47 
714 17 712 50 704 6 700 44 726 45 
694 26 705 36 714 11 728 17 683 8 720 40 707 4 699 18 717 19 722 8 701 5 711 12 687 28 685 9 698 8 691 50 719 4 708 1 697 17 730 46 726 37 
711 6 693 3 696 30 700 36 720 15 717 8 695 18 712 37 723 4 
685 31 729 7 725 35 
709 21 719 41 686 23 693 9 724 35 713 39 699 48 715 49 727 42 692 20 704 28 706 2 690 8 700 3 728 6 705 34 696 2 726 35 722 18 703 26 707 30 725 43 
707 23 695 5 708 27 
720 35 692 28 725 29 723 9 694 21 716 12 695 50 715 34 729 44 699 3 691 37 701 9 712 19 689 46 721 8 726 35 687 24 728 13 718 35 711 27 709 45 719 37 
713 26 702 29 720 48 718 50 730 28 706 42 726 25 690 22 717 12 709 21 728 4 
694 30 700 38 702 37 720 25 724 41 729 37 716 42 704 45 712 10 728 40 709 2 697 5 721 48 719 27 689 31 715 38 705 12 707 1 690 33 693 14 726 23 718 6 727 31 692 13 699 25 698 16 717 16 722 8 723 42 703 47 
727 4 693 15 706 34 714 3 700 22 725 41 694 50 718 29 724 12 720 8 695 31 698 11 692 29 723 7 697 26 726 21 704 20 701 34 699 18 696 46 719 24 709 36 708 13 
727 33 706 34 699 19 702 11 700 22 712 13 726 23 711 31 730 29 692 18 715 26 691 40 724 24 722 6 716 12 694 49 
701 22 718 27 722 28 727 10 728 28 
725 47 698 48 704 29 707 2 706 40 729 12 
705 17 713 27 704 28 703 5 730 9 695 28 698 37 717 10 706 29 724 13 696 34 
710 37 719 33 701 49 717 44 725 3 703 9 696 23 718 31 721 23 697 47 729 38 711 46 702 29 706 29 724 17 730 17 704 33 709 12 727 36 723 21 713 43 715 12 722 8 708 44 
708 35 728 11 702 50 714 11 720 25 724 12 707 34 722 20 716 44 711 35 704 42 709 14 725 15 699 29 721 27 730 47 726 12 698 48 701 19 696 1 712 1 703 32 
720 23 703 9 707 23 716 27 727 50 701 33 730 41 698 20 725 46 712 46 729 12 717 38 699 40 709 12 718 33 702 43 697 4 724 3 711 36 723 12 714 10 728 6 704 25 708 15 
719 2 720 43 727 10 725 11 698 26 721 28 717 36 701 19 711 13 715 16 704 8 
705 5 700 10 717 37 701 23 708 21 729 16 725 50 727 1 702 23 
713 41 720 33 722 46 725 5 712 13 727 1 719 34 703 2 709 22 704 48 726 30 706 38 710 17 705 37 718 1 707 7 
711 18 716 15 713 24 702 5 707 15 708 44 712 15 723 11 705 4 717 17 730 15 729 23 701 32 704 1 727 31 
717 46 704 28 705 2 713 19 710 3 745 24 740 9 706 43 730 24 712 9 714 30 721 7 715 10 729 32 731 35 728 6 
735 7 708 6 706 18 712 39 
729 32 724 5 723 16 734 24 745 2 713 5 725 35 714 12 719 14 740 32 728 45 743 40 738 7 726 6 
746 48 719 33 727 25 747 36 726 17 724 43 725 11 723 10 720 47 
746 30 719 15 745 31 741 39 729 46 743 47 742 33 726 8 715 15 738 7 712 25 732 45 721 5 713 9 735 15 
708 23 739 23 721 22 741 12 711 28 733 31 748 35 738 18 712 13 717 4 707 5 722 27 725 8 737 38 
715 16 712 4 727 46 713 22 741 46 733 37 710 24 746 45 723 48 730 18 738 42 
747 10 731 37 748 28 725 19 711 5 739 22 735 35 
725 47 744 28 710 40 715 7 712 48 748 5 734 46 737 32 746 18 722 47 742 14 
737 14 714 46 732 18 
717 14 715 41 738 23 737 44 743 45 742 13 748 8 718 33 721 9 739 32 
734 21 745 19 736 24 726 19 715 21 722 50 747 21 730 23 739 18 
726 16 727 22 725 44 720 16 723 39 736 40 739 46 718 14 714 20 735 39 
739 38 726 38 733 28 718 12 729 13 728 13 
726 19 735 6 728 3 746 5 723 6 745 4 732 23 736 10 724 19 737 10 748 11 720 23 739 5 716 23 733 7 
745 4 737 8 732 15 733 30 720 35 718 48 742 2 741 9 743 8 731 33 744 41 719 36 746 21 721 11 736 25 
728 14 736 16 744 27 
719 47 737 19 730 49 729 43 732 34 722 16 747 38 743 17 739 49 
732 2 740 33 747 16 736 4 741 39 730 39 743 3 721 50 735 20 727 43 726 9 729 18 724 39 728 13 738 19 
741 35 
734 13 732 32 722 42 736 11 746 34 742 12 724 13 730 7 738 39 725 37 737 4 745 16 726 28 728 44 741 37 731 49 739 10 733 22 
736 23 741 25 732 47 734 10 726 1 728 12 747 50 723 46 727 34 729 5 738 49 737 4 743 46 730 20 
736 18 747 47 
736 38 744 28 743 23 731 15 729 5 746 42 742 37 748 39 739 33 730 31 726 2 737 19 727 36 745 15 740 23 
739 38 728 6 732 50 742 45 746 35 
738 16 742 7 731 41 733 40 743 50 737 14 730 41 736 5 732 43 748 1 735 13 727 5 747 45 729 44 741 45 
742 44 744 19 
741 10 731 36 742 40 746 7 740 48 739 9 730 5 733 38 732 45 729 32 738 11 
742 8 734 29 730 36 744 8 733 45 745 9 739 28 747 34 731 21 732 7 736 47 735 1 740 21 746 17 738 4 741 34 743 38 
739 39 736 17 738 5 733 20 731 44 737 50 745 45 747 27 732 19 748 30 734 24 
745 8 
733 47 
737 37 
741 37 
746 6 
749 17 
744 43 
748 19 
749 18 
744 37 
746 26 
746 43 
744 28 
749 29 
746 45 
749 7 
748 23 
749 43 

